  1.40000000000000003E-002 -0.99800000000000000        0.0000000000000000                      +Infinity
  1.40000000000000003E-002 -0.99399999999999999        0.0000000000000000                      +Infinity
  1.40000000000000003E-002 -0.98999999999999999        0.0000000000000000                      +Infinity
  1.40000000000000003E-002 -0.98599999999999999        0.0000000000000000                      +Infinity
  1.40000000000000003E-002 -0.98199999999999998        0.0000000000000000                      +Infinity
  1.40000000000000003E-002 -0.97799999999999998        0.0000000000000000                      +Infinity
  1.40000000000000003E-002 -0.97399999999999998        0.0000000000000000                      +Infinity
  1.40000000000000003E-002 -0.96999999999999997        0.0000000000000000                      +Infinity
  1.40000000000000003E-002 -0.96599999999999997        0.0000000000000000                      +Infinity
  1.40000000000000003E-002 -0.96199999999999997        0.0000000000000000                      +Infinity
  1.40000000000000003E-002 -0.95799999999999996        0.0000000000000000                      +Infinity
  1.40000000000000003E-002 -0.95399999999999996        0.0000000000000000                      +Infinity
  1.40000000000000003E-002 -0.94999999999999996        0.0000000000000000                      +Infinity
  1.40000000000000003E-002 -0.94599999999999995        0.0000000000000000                      +Infinity
  1.40000000000000003E-002 -0.94199999999999995        0.0000000000000000                      +Infinity
  1.40000000000000003E-002 -0.93799999999999994        0.0000000000000000                      +Infinity
  1.40000000000000003E-002 -0.93400000000000005        0.0000000000000000                      +Infinity
  1.40000000000000003E-002 -0.93000000000000005        0.0000000000000000                      +Infinity
  1.40000000000000003E-002 -0.92600000000000005        0.0000000000000000                      +Infinity
  1.40000000000000003E-002 -0.92200000000000004        0.0000000000000000                      +Infinity
  1.40000000000000003E-002 -0.91800000000000004        0.0000000000000000                      +Infinity
  1.40000000000000003E-002 -0.91400000000000003        0.0000000000000000                      +Infinity
  1.40000000000000003E-002 -0.91000000000000003        0.0000000000000000                      +Infinity
  1.40000000000000003E-002 -0.90600000000000003        0.0000000000000000                      +Infinity
  1.40000000000000003E-002 -0.90200000000000002        0.0000000000000000                      +Infinity
  1.40000000000000003E-002 -0.89800000000000002        0.0000000000000000                      +Infinity
  1.40000000000000003E-002 -0.89400000000000002        0.0000000000000000                      +Infinity
  1.40000000000000003E-002 -0.89000000000000001        0.0000000000000000                      +Infinity
  1.40000000000000003E-002 -0.88600000000000001        0.0000000000000000                      +Infinity
  1.40000000000000003E-002 -0.88200000000000001        0.0000000000000000                      +Infinity
  1.40000000000000003E-002 -0.87800000000000000        0.0000000000000000                      +Infinity
  1.40000000000000003E-002 -0.87400000000000000        0.0000000000000000                      +Infinity
  1.40000000000000003E-002 -0.87000000000000000        0.0000000000000000                      +Infinity
  1.40000000000000003E-002 -0.86599999999999999        0.0000000000000000                      +Infinity
  1.40000000000000003E-002 -0.86199999999999999        0.0000000000000000                      +Infinity
  1.40000000000000003E-002 -0.85799999999999998        0.0000000000000000                      +Infinity
  1.40000000000000003E-002 -0.85399999999999998        0.0000000000000000                      +Infinity
  1.40000000000000003E-002 -0.84999999999999998        0.0000000000000000                      +Infinity
  1.40000000000000003E-002 -0.84599999999999997        0.0000000000000000                      +Infinity
  1.40000000000000003E-002 -0.84199999999999997        0.0000000000000000                      +Infinity
  1.40000000000000003E-002 -0.83799999999999997        0.0000000000000000                      +Infinity
  1.40000000000000003E-002 -0.83399999999999996        0.0000000000000000                      +Infinity
  1.40000000000000003E-002 -0.82999999999999996        0.0000000000000000                      +Infinity
  1.40000000000000003E-002 -0.82599999999999996        0.0000000000000000                      +Infinity
  1.40000000000000003E-002 -0.82199999999999995        0.0000000000000000                      +Infinity
  1.40000000000000003E-002 -0.81799999999999995        0.0000000000000000                      +Infinity
  1.40000000000000003E-002 -0.81399999999999995        0.0000000000000000                      +Infinity
  1.40000000000000003E-002 -0.81000000000000005        0.0000000000000000                      +Infinity
  1.40000000000000003E-002 -0.80600000000000005        0.0000000000000000                      +Infinity
  1.40000000000000003E-002 -0.80200000000000005        0.0000000000000000                      +Infinity
  1.40000000000000003E-002 -0.79800000000000004        0.0000000000000000                      +Infinity
  1.40000000000000003E-002 -0.79400000000000004        0.0000000000000000                      +Infinity
  1.40000000000000003E-002 -0.79000000000000004        0.0000000000000000                      +Infinity
  1.40000000000000003E-002 -0.78600000000000003        0.0000000000000000                      +Infinity
  1.40000000000000003E-002 -0.78200000000000003        0.0000000000000000                      +Infinity
  1.40000000000000003E-002 -0.77800000000000002        0.0000000000000000                      +Infinity
  1.40000000000000003E-002 -0.77400000000000002        0.0000000000000000                      +Infinity
  1.40000000000000003E-002 -0.77000000000000002        0.0000000000000000                      +Infinity
  1.40000000000000003E-002 -0.76600000000000001        0.0000000000000000                      +Infinity
  1.40000000000000003E-002 -0.76200000000000001        0.0000000000000000                      +Infinity
  1.40000000000000003E-002 -0.75800000000000001        0.0000000000000000                      +Infinity
  1.40000000000000003E-002 -0.75400000000000000        0.0000000000000000                      +Infinity
  1.40000000000000003E-002 -0.75000000000000000        0.0000000000000000                      +Infinity
  1.40000000000000003E-002 -0.74600000000000000        0.0000000000000000                      +Infinity
  1.40000000000000003E-002 -0.74199999999999999        0.0000000000000000                      +Infinity
  1.40000000000000003E-002 -0.73799999999999999        0.0000000000000000                      +Infinity
  1.40000000000000003E-002 -0.73399999999999999        0.0000000000000000                      +Infinity
  1.40000000000000003E-002 -0.72999999999999998        0.0000000000000000                      +Infinity
  1.40000000000000003E-002 -0.72599999999999998        0.0000000000000000                      +Infinity
  1.40000000000000003E-002 -0.72199999999999998        0.0000000000000000                      +Infinity
  1.40000000000000003E-002 -0.71799999999999997        0.0000000000000000                      +Infinity
  1.40000000000000003E-002 -0.71399999999999997        0.0000000000000000                      +Infinity
  1.40000000000000003E-002 -0.70999999999999996        0.0000000000000000                      +Infinity
  1.40000000000000003E-002 -0.70599999999999996        0.0000000000000000                      +Infinity
  1.40000000000000003E-002 -0.70199999999999996        0.0000000000000000                      +Infinity
  1.40000000000000003E-002 -0.69799999999999995       1.32399999999999998E-008   18.140023286437550
  1.40000000000000003E-002 -0.69399999999999995       3.91799999999999975E-008   17.055099424430015
  1.40000000000000003E-002 -0.68999999999999995       7.31600000000000013E-008   16.430617013423745
  1.40000000000000003E-002 -0.68600000000000005       1.03279999999999996E-007   16.085822090408023
  1.40000000000000003E-002 -0.68200000000000005       8.82400000000000013E-008   16.243205462001164
  1.40000000000000003E-002 -0.67800000000000005       2.62120000000000020E-007   15.154463422775114
  1.40000000000000003E-002 -0.67400000000000004       2.95379999999999989E-007   15.035003173948247
  1.40000000000000003E-002 -0.67000000000000004       2.17659999999999978E-007   15.340331624678496
  1.40000000000000003E-002 -0.66600000000000004       1.27260000000000016E-007   15.877033599141765
  1.40000000000000003E-002 -0.66200000000000003       2.17339999999999986E-007   15.341802889311706
  1.40000000000000003E-002 -0.65800000000000003       4.63699999999999950E-007   14.584028045548996
  1.40000000000000003E-002 -0.65400000000000003       6.98360000000000015E-007   14.174531107829837
  1.40000000000000003E-002 -0.65000000000000002       1.09388000000000010E-006   13.725779549194680
  1.40000000000000003E-002 -0.64600000000000002       1.98026000000000008E-006   13.132282408747331
  1.40000000000000003E-002 -0.64200000000000002       2.24555999999999989E-006   13.006555624668714
  1.40000000000000003E-002 -0.63800000000000001       2.47457999999999986E-006   12.909439873313477
  1.40000000000000003E-002 -0.63400000000000001       2.68174000000000035E-006   12.829044720384188
  1.40000000000000003E-002 -0.63000000000000000       3.36279999999999980E-006   12.602736597685269
  1.40000000000000003E-002 -0.62600000000000000       4.25427999999999953E-006   12.367585022947971
  1.40000000000000003E-002 -0.62200000000000000       5.08122000000000029E-006   12.189959167726760
  1.40000000000000003E-002 -0.61799999999999999       6.34780000000000045E-006   11.967402261782572
  1.40000000000000003E-002 -0.61399999999999999       7.64343999999999979E-006   11.781662794343157
  1.40000000000000003E-002 -0.60999999999999999       9.50371999999999987E-006   11.563827257057438
  1.40000000000000003E-002 -0.60599999999999998       1.06007800000000005E-005   11.454582974647829
  1.40000000000000003E-002 -0.60199999999999998       1.29051599999999986E-005   11.257883326575321
  1.40000000000000003E-002 -0.59799999999999998       1.57627600000000015E-005   11.057860361963913
  1.40000000000000003E-002 -0.59399999999999997       1.87281599999999986E-005   10.885482284454620
  1.40000000000000003E-002 -0.58999999999999997       2.24890799999999998E-005   10.702480699899576
  1.40000000000000003E-002 -0.58599999999999997       2.75560800000000006E-005   10.499287357058558
  1.40000000000000003E-002 -0.58199999999999996       3.15105800000000015E-005   10.365187195509527
  1.40000000000000003E-002 -0.57799999999999996       3.57082799999999969E-005   10.240127963297819
  1.40000000000000003E-002 -0.57399999999999995       4.08674000000000011E-005   10.105177878756201
  1.40000000000000003E-002 -0.56999999999999995       4.76006799999999984E-005   9.9526635111146540
  1.40000000000000003E-002 -0.56599999999999995       5.64292600000000026E-005   9.7825227396612711
  1.40000000000000003E-002 -0.56200000000000006       6.50243600000000044E-005   9.6407485890463143
  1.40000000000000003E-002 -0.55800000000000005       7.18635400000000102E-005   9.5407415150374835
  1.40000000000000003E-002 -0.55400000000000005       8.12252800000000017E-005   9.4182840292005245
  1.40000000000000003E-002 -0.55000000000000004       9.00140000000000093E-005   9.3155453441759644
  1.40000000000000003E-002 -0.54600000000000004       1.01383059999999992E-004   9.1966045419074423
  1.40000000000000003E-002 -0.54200000000000004       1.11744320000000001E-004   9.0992971535028619
  1.40000000000000003E-002 -0.53800000000000003       1.20006560000000001E-004   9.0279641500097298
  1.40000000000000003E-002 -0.53400000000000003       1.34548919999999997E-004   8.9135827075794261
  1.40000000000000003E-002 -0.53000000000000003       1.48638280000000002E-004   8.8139948545480440
  1.40000000000000003E-002 -0.52600000000000002       1.65534219999999993E-004   8.7063326171489823
  1.40000000000000003E-002 -0.52200000000000002       1.79150200000000005E-004   8.6272859978310148
  1.40000000000000003E-002 -0.51800000000000002       1.92961340000000008E-004   8.5530207000051224
  1.40000000000000003E-002 -0.51400000000000001       2.10126120000000022E-004   8.4678026360890808
  1.40000000000000003E-002 -0.51000000000000001       2.24694000000000000E-004   8.4007710813991956
  1.40000000000000003E-002 -0.50600000000000001       2.43011739999999979E-004   8.3224008030335472
  1.40000000000000003E-002 -0.50200000000000000       2.65781959999999995E-004   8.2328342845678240
  1.40000000000000003E-002 -0.49800000000000000       2.92008279999999979E-004   8.1387283999336368
  1.40000000000000003E-002 -0.49399999999999999       3.14042859999999978E-004   8.0659810845555775
  1.40000000000000003E-002 -0.48999999999999999       3.40292260000000005E-004   7.9857057213531624
  1.40000000000000003E-002 -0.48599999999999999       3.72818300000000015E-004   7.8944193883747813
  1.40000000000000003E-002 -0.48199999999999998       3.99060460000000023E-004   7.8263976237316877
  1.40000000000000003E-002 -0.47799999999999998       4.26704860000000005E-004   7.7594179781000054
  1.40000000000000003E-002 -0.47399999999999998       4.57631019999999984E-004   7.6894473317346819
  1.40000000000000003E-002 -0.46999999999999997       4.86789880000000012E-004   7.6276779858919719
  1.40000000000000003E-002 -0.46600000000000003       5.20974420000000060E-004   7.5598096153049239
  1.40000000000000003E-002 -0.46200000000000002       5.59726039999999922E-004   7.4880631082251448
  1.40000000000000003E-002 -0.45800000000000002       5.86397899999999985E-004   7.4415119885715058
  1.40000000000000003E-002 -0.45400000000000001       6.22600239999999971E-004   7.3816059144765962
  1.40000000000000003E-002 -0.45000000000000001       6.67594999999999994E-004   7.3118288557193205
  1.40000000000000003E-002 -0.44600000000000001       7.04022120000000065E-004   7.2587007818452980
  1.40000000000000003E-002 -0.44200000000000000       7.44809319999999945E-004   7.2023823186532860
  1.40000000000000003E-002 -0.43800000000000000       7.82240839999999915E-004   7.1533478852952843
  1.40000000000000003E-002 -0.43400000000000000       8.16703599999999991E-004   7.1102343196264117
  1.40000000000000003E-002 -0.42999999999999999       8.59682439999999936E-004   7.0589474927223899
  1.40000000000000003E-002 -0.42599999999999999       9.13715060000000034E-004   6.9979917856614735
  1.40000000000000003E-002 -0.42199999999999999       9.69602360000000043E-004   6.9386245086587870
  1.40000000000000003E-002 -0.41799999999999998       1.02175782000000007E-003   6.8862307820135751
  1.40000000000000003E-002 -0.41399999999999998       1.07793278000000011E-003   6.8327101646547748
  1.40000000000000003E-002 -0.40999999999999998       1.12617095999999997E-003   6.7889319313046661
  1.40000000000000003E-002 -0.40600000000000003       1.17987689999999993E-003   6.7423451679803836
  1.40000000000000003E-002 -0.40200000000000002       1.22946686000000006E-003   6.7011746507176539
  1.40000000000000003E-002 -0.39800000000000002       1.28338452000000013E-003   6.6582545344316824
  1.40000000000000003E-002 -0.39400000000000002       1.34067302000000005E-003   6.6145835373751627
  1.40000000000000003E-002 -0.39000000000000001       1.41166877999999996E-003   6.5629827424989431
  1.40000000000000003E-002 -0.38600000000000001       1.47776092000000006E-003   6.5172272286745114
  1.40000000000000003E-002 -0.38200000000000001       1.54462375999999996E-003   6.4729749193240886
  1.40000000000000003E-002 -0.37800000000000000       1.61379354000000010E-003   6.4291676355322265
  1.40000000000000003E-002 -0.37400000000000000       1.68821240000000005E-003   6.3840850613403379
  1.40000000000000003E-002 -0.37000000000000000       1.74193360000000018E-003   6.3527595183850751
  1.40000000000000003E-002 -0.36599999999999999       1.81416116000000013E-003   6.3121320888980632
  1.40000000000000003E-002 -0.36199999999999999       1.88036331999999994E-003   6.2762902654925341
  1.40000000000000003E-002 -0.35799999999999998       1.95342231999999982E-003   6.2381724087849895
  1.40000000000000003E-002 -0.35399999999999998       2.02493646000000008E-003   6.2022169566937047
  1.40000000000000003E-002 -0.34999999999999998       2.10014783999999980E-003   6.1657475367307235
  1.40000000000000003E-002 -0.34599999999999997       2.16934550000000021E-003   6.1333297698273146
  1.40000000000000003E-002 -0.34200000000000003       2.25175734000000001E-003   6.0960443276188245
  1.40000000000000003E-002 -0.33800000000000002       2.30810792000000001E-003   6.0713271723306699
  1.40000000000000003E-002 -0.33400000000000002       2.39090337999999999E-003   6.0360840011927976
  1.40000000000000003E-002 -0.33000000000000002       2.47224164000000007E-003   6.0026299933549305
  1.40000000000000003E-002 -0.32600000000000001       2.54923658000000015E-003   5.9719613450272151
  1.40000000000000003E-002 -0.32200000000000001       2.62963447999999987E-003   5.9409104234398100
  1.40000000000000003E-002 -0.31800000000000000       2.71458918000000004E-003   5.9091146519626223
  1.40000000000000003E-002 -0.31400000000000000       2.77789560000000005E-003   5.8860616163496884
  1.40000000000000003E-002 -0.31000000000000000       2.84917318000000013E-003   5.8607264390729883
  1.40000000000000003E-002 -0.30599999999999999       2.92696079999999999E-003   5.8337906639141703
  1.40000000000000003E-002 -0.30199999999999999       3.01215067999999978E-003   5.8051009437353516
  1.40000000000000003E-002 -0.29799999999999999       3.08190510000000027E-003   5.7822073342519920
  1.40000000000000003E-002 -0.29399999999999998       3.16800284000000017E-003   5.7546539085657127
  1.40000000000000003E-002 -0.28999999999999998       3.25852999999999950E-003   5.7264791055440254
  1.40000000000000003E-002 -0.28599999999999998       3.32029300000000020E-003   5.7077022469357592
  1.40000000000000003E-002 -0.28199999999999997       3.40350985999999991E-003   5.6829480680626885
  1.40000000000000003E-002 -0.27800000000000002       3.49652278000000009E-003   5.6559862957550608
  1.40000000000000003E-002 -0.27400000000000002       3.58120028000000028E-003   5.6320572610181934
  1.40000000000000003E-002 -0.27000000000000002       3.65474498000000012E-003   5.6117289611284544
  1.40000000000000003E-002 -0.26600000000000001       3.74422420000000006E-003   5.5875408396810426
  1.40000000000000003E-002 -0.26200000000000001       3.81954166000000005E-003   5.5676248478555381
  1.40000000000000003E-002 -0.25800000000000001       3.89485541999999964E-003   5.5480987197321925
  1.40000000000000003E-002 -0.25400000000000000       3.96705504000000042E-003   5.5297312630818629
  1.40000000000000003E-002 -0.25000000000000000       4.05675633999999941E-003   5.5073715557184633
  1.40000000000000003E-002 -0.24600000000000000       4.14026629999999975E-003   5.4869951695420953
  1.40000000000000003E-002 -0.24199999999999999       4.22705634000000025E-003   5.4662494288844643
  1.40000000000000003E-002 -0.23799999999999999       4.31233784000000040E-003   5.4462750996504843
  1.40000000000000003E-002 -0.23400000000000001       4.40390468000000004E-003   5.4252637043159737
  1.40000000000000003E-002 -0.23000000000000001       4.48654045999999970E-003   5.4066733731012171
  1.40000000000000003E-002 -0.22600000000000001       4.58324270000000020E-003   5.3853485182786400
  1.40000000000000003E-002 -0.22200000000000000       4.65059878000000006E-003   5.3707592977805296
  1.40000000000000003E-002 -0.21800000000000000       4.71190274000000010E-003   5.3576634737626865
  1.40000000000000003E-002 -0.21400000000000000       4.77141114000000002E-003   5.3451131813548818
  1.40000000000000003E-002 -0.20999999999999999       4.84742693999999988E-003   5.3293072426474826
  1.40000000000000003E-002 -0.20599999999999999       4.93390354000000034E-003   5.3116248111268796
  1.40000000000000003E-002 -0.20200000000000001       5.00962555999999969E-003   5.2963941052013803
  1.40000000000000003E-002 -0.19800000000000001       5.09549170000000041E-003   5.2793991105850875
  1.40000000000000003E-002 -0.19400000000000001       5.15619895999999949E-003   5.2675556065969422
  1.40000000000000003E-002 -0.19000000000000000       5.23710882000000006E-003   5.2519856848286803
  1.40000000000000003E-002 -0.18600000000000000       5.31774226000000013E-003   5.2367064529243708
  1.40000000000000003E-002 -0.18200000000000000       5.39354537999999981E-003   5.2225523403527223
  1.40000000000000003E-002 -0.17799999999999999       5.47492025999999927E-003   5.2075775677691958
  1.40000000000000003E-002 -0.17399999999999999       5.56224052000000007E-003   5.1917542806677224
  1.40000000000000003E-002 -0.17000000000000001       5.64297651999999973E-003   5.1773436009111098
  1.40000000000000003E-002 -0.16600000000000001       5.70029394000000009E-003   5.1672375370501848
  1.40000000000000003E-002 -0.16200000000000001       5.77424129999999994E-003   5.1543484078283210
  1.40000000000000003E-002 -0.15800000000000000       5.85181360000000018E-003   5.1410036486897246
  1.40000000000000003E-002 -0.15400000000000000       5.93090994000000041E-003   5.1275776308640015
  1.40000000000000003E-002 -0.14999999999999999       6.01135579999999975E-003   5.1141049651945760
  1.40000000000000003E-002 -0.14599999999999999       6.07794242000000030E-003   5.1030890580434329
  1.40000000000000003E-002 -0.14199999999999999       6.15043762000000004E-003   5.0912320419717236
  1.40000000000000003E-002 -0.13800000000000001       6.21471492000000032E-003   5.0808354247416609
  1.40000000000000003E-002 -0.13400000000000001       6.28245568000000004E-003   5.0699943430879246
  1.40000000000000003E-002 -0.13000000000000000       6.33943873999999984E-003   5.0609650412656126
  1.40000000000000003E-002 -0.12600000000000000       6.39981829999999949E-003   5.0514856796445322
  1.40000000000000003E-002 -0.12200000000000000       6.44167666000000031E-003   5.0449664218196206
  1.40000000000000003E-002 -0.11799999999999999       6.50801569999999961E-003   5.0347206772127668
  1.40000000000000003E-002 -0.11400000000000000       6.53595389999999960E-003   5.0304369746928836
  1.40000000000000003E-002 -0.11000000000000000       6.60222931999999898E-003   5.0203479112255698
  1.40000000000000003E-002 -0.10600000000000000       6.64151006000000040E-003   5.0144159226748029
  1.40000000000000003E-002 -0.10199999999999999       6.69683351999999978E-003   5.0061204732552529
  1.40000000000000003E-002 -9.80000000000000038E-002  6.74908298000000042E-003   4.9983486381416142
  1.40000000000000003E-002 -9.40000000000000002E-002  6.80013957999999960E-003   4.9908121405401529
  1.40000000000000003E-002 -8.99999999999999967E-002  6.84107120000000072E-003   4.9848109514223253
  1.40000000000000003E-002 -8.59999999999999931E-002  6.88543052000000020E-003   4.9783476186184652
  1.40000000000000003E-002 -8.20000000000000034E-002  6.92354150000000067E-003   4.9728278628093303
  1.40000000000000003E-002 -7.79999999999999999E-002  6.97264160000000011E-003   4.9657611303145934
  1.40000000000000003E-002 -7.39999999999999963E-002  7.03298797999999965E-003   4.9571436307434551
  1.40000000000000003E-002 -7.00000000000000067E-002  7.06480786000000024E-003   4.9526294592522664
  1.40000000000000003E-002 -6.60000000000000031E-002  7.06027392000000038E-003   4.9532714293627871
  1.40000000000000003E-002 -6.19999999999999996E-002  7.08469593999999994E-003   4.9498183227801720
  1.40000000000000003E-002 -5.80000000000000029E-002  7.12461399999999960E-003   4.9441997297335618
  1.40000000000000003E-002 -5.39999999999999994E-002  7.16499864000000059E-003   4.9385474075136040
  1.40000000000000003E-002 -5.00000000000000028E-002  7.18204259999999980E-003   4.9361714517004325
  1.40000000000000003E-002 -4.59999999999999992E-002  7.22349446000000034E-003   4.9304164459363653
  1.40000000000000003E-002 -4.20000000000000026E-002  7.24928170000000045E-003   4.9268528908859599
  1.40000000000000003E-002 -3.79999999999999991E-002  7.25761810000000087E-003   4.9257035893766705
  1.40000000000000003E-002 -3.40000000000000024E-002  7.27362703999999936E-003   4.9235002067590665
  1.40000000000000003E-002 -2.99999999999999989E-002  7.28447170000000050E-003   4.9220103608389891
  1.40000000000000003E-002 -2.59999999999999988E-002  7.31088888000000058E-003   4.9183904148016468
  1.40000000000000003E-002 -2.19999999999999987E-002  7.31531884000000045E-003   4.9177846583102491
  1.40000000000000003E-002 -1.79999999999999986E-002  7.32359601999999898E-003   4.9166538120745491
  1.40000000000000003E-002 -1.40000000000000003E-002  7.31392235999999904E-003   4.9179755745696987
  1.40000000000000003E-002 -1.00000000000000002E-002  7.28326370000000056E-003   4.9221762067950827
  1.40000000000000003E-002 -6.00000000000000012E-003  7.28966032000000035E-003   4.9212983293832435
  1.40000000000000003E-002 -2.00000000000000004E-003  7.29381841999999971E-003   4.9207280813393011
  1.40000000000000003E-002  2.00000000000000004E-003  7.28747331999999963E-003   4.9215983883756929
  1.40000000000000003E-002  6.00000000000000012E-003  7.27437922000000008E-003   4.9233968001496349
  1.40000000000000003E-002  1.00000000000000002E-002  7.26799507999999986E-003   4.9242748053884524
  1.40000000000000003E-002  1.40000000000000003E-002  7.25298648000000015E-003   4.9263419666588515
  1.40000000000000003E-002  1.79999999999999986E-002  7.23779291999999963E-003   4.9284389643631545
  1.40000000000000003E-002  2.19999999999999987E-002  7.23718311999999985E-003   4.9285232201157960
  1.40000000000000003E-002  2.59999999999999988E-002  7.23763222000000078E-003   4.9284611675106893
  1.40000000000000003E-002  2.99999999999999989E-002  7.24711343999999945E-003   4.9271520356036955
  1.40000000000000003E-002  3.40000000000000024E-002  7.26255094000000014E-003   4.9250241427151087
  1.40000000000000003E-002  3.79999999999999991E-002  7.26131153999999990E-003   4.9251948135686394
  1.40000000000000003E-002  4.20000000000000026E-002  7.24028095999999961E-003   4.9280952667076354
  1.40000000000000003E-002  4.59999999999999992E-002  7.22578311999999990E-003   4.9300996605460279
  1.40000000000000003E-002  5.00000000000000028E-002  7.18525010000000026E-003   4.9357249514278667
  1.40000000000000003E-002  5.39999999999999994E-002  7.14386886000000030E-003   4.9415007922393590
  1.40000000000000003E-002  5.80000000000000029E-002  7.10203037999999898E-003   4.9473745668021278
  1.40000000000000003E-002  6.19999999999999996E-002  7.06587207999999963E-003   4.9524788338037347
  1.40000000000000003E-002  6.60000000000000031E-002  7.05786834000000050E-003   4.9536122079126814
  1.40000000000000003E-002  7.00000000000000067E-002  7.04106373999999983E-003   4.9559960207947373
  1.40000000000000003E-002  7.39999999999999963E-002  6.99791788000000015E-003   4.9621426198868601
  1.40000000000000003E-002  7.79999999999999999E-002  6.94654060000000038E-003   4.9695114987224605
  1.40000000000000003E-002  8.20000000000000034E-002  6.89606208000000023E-003   4.9768047433410798
  1.40000000000000003E-002  8.59999999999999931E-002  6.87238190000000020E-003   4.9802445225032290
  1.40000000000000003E-002  8.99999999999999967E-002  6.82173145999999918E-003   4.9876419595833843
  1.40000000000000003E-002  9.40000000000000002E-002  6.79105456000000073E-003   4.9921490387198935
  1.40000000000000003E-002  9.80000000000000038E-002  6.73913845999999945E-003   4.9998231871540399
  1.40000000000000003E-002  0.10199999999999999       6.68418881999999995E-003   5.0080104190968342
  1.40000000000000003E-002  0.10600000000000000       6.62358114000000022E-003   5.0171190975941649
  1.40000000000000003E-002  0.11000000000000000       6.58412455999999972E-003   5.0230938971958006
  1.40000000000000003E-002  0.11400000000000000       6.52026166000000025E-003   5.0328407719469981
  1.40000000000000003E-002  0.11799999999999999       6.45985150000000057E-003   5.0421489490679452
  1.40000000000000003E-002  0.12200000000000000       6.41427896000000032E-003   5.0492286862964777
  1.40000000000000003E-002  0.12600000000000000       6.37473492000000062E-003   5.0554127699786386
  1.40000000000000003E-002  0.13000000000000000       6.30411662000000036E-003   5.0665524272321880
  1.40000000000000003E-002  0.13400000000000001       6.18704257999999965E-003   5.0852980802846703
  1.40000000000000003E-002  0.13800000000000001       6.11439992000000019E-003   5.0971086471194678
  1.40000000000000003E-002  0.14199999999999999       6.03461214000000027E-003   5.1102436949320804
  1.40000000000000003E-002  0.14599999999999999       5.96720860000000009E-003   5.1214760321124002
  1.40000000000000003E-002  0.14999999999999999       5.89492825999999963E-003   5.1336629147021373
  1.40000000000000003E-002  0.15400000000000000       5.82878482000000024E-003   5.1449467360230008
  1.40000000000000003E-002  0.15800000000000000       5.76798924000000018E-003   5.1554317444658615
  1.40000000000000003E-002  0.16200000000000001       5.70919281999999941E-003   5.1656776278287326
  1.40000000000000003E-002  0.16600000000000001       5.61475966000000038E-003   5.1823564949135132
  1.40000000000000003E-002  0.17000000000000001       5.54550082000000027E-003   5.1947683430518481
  1.40000000000000003E-002  0.17399999999999999       5.48109073999999974E-003   5.2064511576820891
  1.40000000000000003E-002  0.17799999999999999       5.39833904000000010E-003   5.2216639579111188
  1.40000000000000003E-002  0.18200000000000000       5.32776710000000021E-003   5.2348230591619291
  1.40000000000000003E-002  0.18600000000000000       5.27137150000000013E-003   5.2454647036078423
  1.40000000000000003E-002  0.19000000000000000       5.20773256000000000E-003   5.2576107271609294
  1.40000000000000003E-002  0.19400000000000001       5.14512125999999972E-003   5.2697063414607372
  1.40000000000000003E-002  0.19800000000000001       5.05689794000000001E-003   5.2870020390139922
  1.40000000000000003E-002  0.20200000000000001       4.99381040000000057E-003   5.2995560534039363
  1.40000000000000003E-002  0.20599999999999999       4.91274147999999980E-003   5.3159231467607890
  1.40000000000000003E-002  0.20999999999999999       4.82136577999999968E-003   5.3346980342111241
  1.40000000000000003E-002  0.21400000000000000       4.76000225999999999E-003   5.3475071359490052
  1.40000000000000003E-002  0.21800000000000000       4.69424702000000027E-003   5.3614175583107491
  1.40000000000000003E-002  0.22200000000000000       4.59877689999999961E-003   5.3819649021467955
  1.40000000000000003E-002  0.22600000000000001       4.49857678000000014E-003   5.4039942033412300
  1.40000000000000003E-002  0.23000000000000001       4.42325910000000017E-003   5.4208785016624770
  1.40000000000000003E-002  0.23400000000000001       4.34581328000000020E-003   5.4385423617155935
  1.40000000000000003E-002  0.23799999999999999       4.25546026000000067E-003   5.4595523535939758
  1.40000000000000003E-002  0.24199999999999999       4.18361006000000056E-003   5.4765807544594587
  1.40000000000000003E-002  0.24600000000000000       4.10157275999999994E-003   5.4963847788275446
  1.40000000000000003E-002  0.25000000000000000       4.01871087999999994E-003   5.5167941043958635
  1.40000000000000003E-002  0.25400000000000000       3.92767462000000005E-003   5.5397077279698923
  1.40000000000000003E-002  0.25800000000000001       3.84157843999999998E-003   5.5618719447579323
  1.40000000000000003E-002  0.26200000000000001       3.76020406000000026E-003   5.5832820517763704
  1.40000000000000003E-002  0.26600000000000001       3.68139064000000014E-003   5.6044647068798854
  1.40000000000000003E-002  0.27000000000000002       3.61132624000000055E-003   5.6236801946032875
  1.40000000000000003E-002  0.27400000000000002       3.52384691999999954E-003   5.6482020111252691
  1.40000000000000003E-002  0.27800000000000002       3.45021112000000029E-003   5.6693198556082587
  1.40000000000000003E-002  0.28199999999999997       3.35022025999999950E-003   5.6987291860528186
  1.40000000000000003E-002  0.28599999999999998       3.26768688000000007E-003   5.7236729205283190
  1.40000000000000003E-002  0.28999999999999998       3.17676516000000003E-003   5.7518918452181991
  1.40000000000000003E-002  0.29399999999999998       3.08175325999999984E-003   5.7822566036926926
  1.40000000000000003E-002  0.29799999999999999       2.99854422000000011E-003   5.8096283680907641
  1.40000000000000003E-002  0.30199999999999999       2.91320210000000019E-003   5.8385024247639841
  1.40000000000000003E-002  0.30599999999999999       2.83280031999999992E-003   5.8664895442041463
  1.40000000000000003E-002  0.31000000000000000       2.75023474000000035E-003   5.8960690109466141
  1.40000000000000003E-002  0.31400000000000000       2.66310165999999971E-003   5.9282637978883761
  1.40000000000000003E-002  0.31800000000000000       2.59780139999999998E-003   5.9530898070736900
  1.40000000000000003E-002  0.32200000000000001       2.52390160000000004E-003   5.9819493208000596
  1.40000000000000003E-002  0.32600000000000001       2.44480484000000019E-003   6.0137899792819907
  1.40000000000000003E-002  0.33000000000000002       2.37905475999999980E-003   6.0410520298514072
  1.40000000000000003E-002  0.33400000000000002       2.30676823999999975E-003   6.0719077643080857
  1.40000000000000003E-002  0.33800000000000002       2.22968654000000027E-003   6.1058942684127198
  1.40000000000000003E-002  0.34200000000000003       2.16774285999999988E-003   6.1340688094501754
  1.40000000000000003E-002  0.34599999999999997       2.10292990000000022E-003   6.1644237161504751
  1.40000000000000003E-002  0.34999999999999998       2.02448048000000019E-003   6.2024421644254275
  1.40000000000000003E-002  0.35399999999999998       1.96594000000000022E-003   6.2317847765428098
  1.40000000000000003E-002  0.35799999999999998       1.91180589999999980E-003   6.2597069862425023
  1.40000000000000003E-002  0.36199999999999999       1.84088489999999997E-003   6.2975088990550407
  1.40000000000000003E-002  0.36599999999999999       1.78271100000000019E-003   6.3296200396098330
  1.40000000000000003E-002  0.37000000000000000       1.72630658000000000E-003   6.3617710775288066
  1.40000000000000003E-002  0.37400000000000000       1.66552815999999990E-003   6.3976129926379910
  1.40000000000000003E-002  0.37800000000000000       1.59601576000000011E-003   6.4402449053165576
  1.40000000000000003E-002  0.38200000000000001       1.53849154000000013E-003   6.4769528620798251
  1.40000000000000003E-002  0.38600000000000001       1.48374135999999987E-003   6.5131884351407541
  1.40000000000000003E-002  0.39000000000000001       1.42256371999999989E-003   6.5552945985909279
  1.40000000000000003E-002  0.39400000000000002       1.36554801999999999E-003   6.5961994510632058
  1.40000000000000003E-002  0.39800000000000002       1.30759545999999983E-003   6.6395653551300349
  1.40000000000000003E-002  0.40200000000000002       1.24527946000000007E-003   6.6883953083907048
  1.40000000000000003E-002  0.40600000000000003       1.18765499999999992E-003   6.7357745042575070
  1.40000000000000003E-002  0.40999999999999998       1.13054753999999999E-003   6.7850532149411213
  1.40000000000000003E-002  0.41399999999999998       1.06998092000000012E-003   6.8401144624430108
  1.40000000000000003E-002  0.41799999999999998       1.01412852000000008E-003   6.8937256362825554
  1.40000000000000003E-002  0.42199999999999999       9.67656039999999955E-004   6.9406338644110779
  1.40000000000000003E-002  0.42599999999999999       9.32037039999999983E-004   6.9781380015791248
  1.40000000000000003E-002  0.42999999999999999       8.90445940000000056E-004   7.0237881645450457
  1.40000000000000003E-002  0.43400000000000000       8.45646140000000011E-004   7.0754095600907965
  1.40000000000000003E-002  0.43800000000000000       8.14008699999999984E-004   7.1135395040581617
  1.40000000000000003E-002  0.44200000000000000       7.77544500000000084E-004   7.1593696808220413
  1.40000000000000003E-002  0.44600000000000001       7.35651419999999983E-004   7.2147541655564300
  1.40000000000000003E-002  0.45000000000000001       6.96086380000000057E-004   7.2700367961353614
  1.40000000000000003E-002  0.45400000000000001       6.49576799999999964E-004   7.3391894840402907
  1.40000000000000003E-002  0.45800000000000002       6.10125100000000024E-004   7.4018465398561357
  1.40000000000000003E-002  0.46200000000000002       5.75149479999999985E-004   7.4608805857346345
  1.40000000000000003E-002  0.46600000000000003       5.37908739999999998E-004   7.5278216404437774
  1.40000000000000003E-002  0.46999999999999997       5.01321019999999913E-004   7.5982639035944421
  1.40000000000000003E-002  0.47399999999999998       4.68351219999999977E-004   7.6662920734230218
  1.40000000000000003E-002  0.47799999999999998       4.32587819999999987E-004   7.7457252001814902
  1.40000000000000003E-002  0.48199999999999998       4.09935719999999994E-004   7.7995101910450710
  1.40000000000000003E-002  0.48599999999999999       3.83763839999999969E-004   7.8654831945666190
  1.40000000000000003E-002  0.48999999999999999       3.60216519999999991E-004   7.9288052628648957
  1.40000000000000003E-002  0.49399999999999999       3.31540960000000027E-004   8.0117591963935357
  1.40000000000000003E-002  0.49800000000000000       3.07341260000000029E-004   8.0875518316513411
  1.40000000000000003E-002  0.50200000000000000       2.82037059999999987E-004   8.1734720772210903
  1.40000000000000003E-002  0.50600000000000001       2.61705119999999997E-004   8.2482921842328523
  1.40000000000000003E-002  0.51000000000000001       2.43105659999999989E-004   8.3220143943134790
  1.40000000000000003E-002  0.51400000000000001       2.23754160000000011E-004   8.4049626088033715
  1.40000000000000003E-002  0.51800000000000002       2.06677039999999976E-004   8.4843531763045128
  1.40000000000000003E-002  0.52200000000000002       1.91041919999999986E-004   8.5630176775592837
  1.40000000000000003E-002  0.52600000000000002       1.73183379999999984E-004   8.6611595248698059
  1.40000000000000003E-002  0.53000000000000003       1.60140379999999994E-004   8.7394597523989095
  1.40000000000000003E-002  0.53400000000000003       1.47842379999999998E-004   8.8193638517156305
  1.40000000000000003E-002  0.53800000000000003       1.29587560000000003E-004   8.9511537663075309
  1.40000000000000003E-002  0.54200000000000004       1.20139900000000005E-004   9.0268536609048500
  1.40000000000000003E-002  0.54600000000000004       1.09428719999999993E-004   9.1202371795775683
  1.40000000000000003E-002  0.55000000000000004       9.82597599999999945E-005   9.2278959737262465
  1.40000000000000003E-002  0.55400000000000005       8.74890199999999899E-005   9.3439972581889830
  1.40000000000000003E-002  0.55800000000000005       7.97785799999999940E-005   9.4362555105925221
  1.40000000000000003E-002  0.56200000000000006       6.97634599999999943E-005   9.5704001809696670
  1.40000000000000003E-002  0.56599999999999995       6.23276000000000027E-005   9.6831062126177141
  1.40000000000000003E-002  0.56999999999999995       5.76318600000000036E-005   9.7614350181796752
  1.40000000000000003E-002  0.57399999999999995       5.34281800000000032E-005   9.8371722358351015
  1.40000000000000003E-002  0.57799999999999996       4.64688400000000008E-005   9.9767285775202463
  1.40000000000000003E-002  0.58199999999999996       4.03477399999999960E-005   10.117975174730189
  1.40000000000000003E-002  0.58599999999999997       3.38126800000000010E-005   10.294674677896698
  1.40000000000000003E-002  0.58999999999999997       2.81015000000000019E-005   10.479687602266360
  1.40000000000000003E-002  0.59399999999999997       2.46367400000000002E-005   10.611271733246864
  1.40000000000000003E-002  0.59799999999999998       2.08462000000000004E-005   10.778338880526421
  1.40000000000000003E-002  0.60199999999999998       1.75521799999999997E-005   10.950332399242416
  1.40000000000000003E-002  0.60599999999999998       1.43042799999999999E-005   11.154951764780630
  1.40000000000000003E-002  0.60999999999999999       1.21690800000000004E-005   11.316612249549538
  1.40000000000000003E-002  0.61399999999999999       1.11518200000000002E-005   11.403907844678949
  1.40000000000000003E-002  0.61799999999999999       9.51071999999999997E-006   11.563090974493637
  1.40000000000000003E-002  0.62200000000000000       8.48924000000000107E-006   11.676711078726827
  1.40000000000000003E-002  0.62600000000000000       6.39929999999999902E-006   11.959321948580529
  1.40000000000000003E-002  0.63000000000000000       4.48590000000000054E-006   12.314571413688503
  1.40000000000000003E-002  0.63400000000000001       3.43769999999999971E-006   12.580707914845899
  1.40000000000000003E-002  0.63800000000000001       2.43997999999999980E-006   12.923520715414069
  1.40000000000000003E-002  0.64200000000000002       1.93380000000000002E-006   13.156023578896963
  1.40000000000000003E-002  0.64600000000000002       1.43865999999999983E-006   13.451798433167529
  1.40000000000000003E-002  0.65000000000000002       7.37359999999999980E-007   14.120189597261003
  1.40000000000000003E-002  0.65400000000000003       3.84879999999999989E-007   14.770334239555213
  1.40000000000000003E-002  0.65800000000000003       1.45680000000000018E-007   15.741853401527058
  1.40000000000000003E-002  0.66200000000000003       8.88400000000000067E-008   16.236428837920183
  1.40000000000000003E-002  0.66600000000000004       2.87600000000000008E-008   17.364280304093565
  1.40000000000000003E-002  0.67000000000000004       6.59999999999999996E-010   21.138781280908077
  1.40000000000000003E-002  0.67400000000000004        0.0000000000000000                      +Infinity
  1.40000000000000003E-002  0.67800000000000005        0.0000000000000000                      +Infinity
  1.40000000000000003E-002  0.68200000000000005        0.0000000000000000                      +Infinity
  1.40000000000000003E-002  0.68600000000000005        0.0000000000000000                      +Infinity
  1.40000000000000003E-002  0.68999999999999995        0.0000000000000000                      +Infinity
  1.40000000000000003E-002  0.69399999999999995        0.0000000000000000                      +Infinity
  1.40000000000000003E-002  0.69799999999999995        0.0000000000000000                      +Infinity
  1.40000000000000003E-002  0.70199999999999996        0.0000000000000000                      +Infinity
  1.40000000000000003E-002  0.70599999999999996        0.0000000000000000                      +Infinity
  1.40000000000000003E-002  0.70999999999999996        0.0000000000000000                      +Infinity
  1.40000000000000003E-002  0.71399999999999997        0.0000000000000000                      +Infinity
  1.40000000000000003E-002  0.71799999999999997        0.0000000000000000                      +Infinity
  1.40000000000000003E-002  0.72199999999999998        0.0000000000000000                      +Infinity
  1.40000000000000003E-002  0.72599999999999998        0.0000000000000000                      +Infinity
  1.40000000000000003E-002  0.72999999999999998        0.0000000000000000                      +Infinity
  1.40000000000000003E-002  0.73399999999999999        0.0000000000000000                      +Infinity
  1.40000000000000003E-002  0.73799999999999999        0.0000000000000000                      +Infinity
  1.40000000000000003E-002  0.74199999999999999        0.0000000000000000                      +Infinity
  1.40000000000000003E-002  0.74600000000000000        0.0000000000000000                      +Infinity
  1.40000000000000003E-002  0.75000000000000000        0.0000000000000000                      +Infinity
  1.40000000000000003E-002  0.75400000000000000        0.0000000000000000                      +Infinity
  1.40000000000000003E-002  0.75800000000000001        0.0000000000000000                      +Infinity
  1.40000000000000003E-002  0.76200000000000001        0.0000000000000000                      +Infinity
  1.40000000000000003E-002  0.76600000000000001        0.0000000000000000                      +Infinity
  1.40000000000000003E-002  0.77000000000000002        0.0000000000000000                      +Infinity
  1.40000000000000003E-002  0.77400000000000002        0.0000000000000000                      +Infinity
  1.40000000000000003E-002  0.77800000000000002        0.0000000000000000                      +Infinity
  1.40000000000000003E-002  0.78200000000000003        0.0000000000000000                      +Infinity
  1.40000000000000003E-002  0.78600000000000003        0.0000000000000000                      +Infinity
  1.40000000000000003E-002  0.79000000000000004        0.0000000000000000                      +Infinity
  1.40000000000000003E-002  0.79400000000000004        0.0000000000000000                      +Infinity
  1.40000000000000003E-002  0.79800000000000004        0.0000000000000000                      +Infinity
  1.40000000000000003E-002  0.80200000000000005        0.0000000000000000                      +Infinity
  1.40000000000000003E-002  0.80600000000000005        0.0000000000000000                      +Infinity
  1.40000000000000003E-002  0.81000000000000005        0.0000000000000000                      +Infinity
  1.40000000000000003E-002  0.81399999999999995        0.0000000000000000                      +Infinity
  1.40000000000000003E-002  0.81799999999999995        0.0000000000000000                      +Infinity
  1.40000000000000003E-002  0.82199999999999995        0.0000000000000000                      +Infinity
  1.40000000000000003E-002  0.82599999999999996        0.0000000000000000                      +Infinity
  1.40000000000000003E-002  0.82999999999999996        0.0000000000000000                      +Infinity
  1.40000000000000003E-002  0.83399999999999996        0.0000000000000000                      +Infinity
  1.40000000000000003E-002  0.83799999999999997        0.0000000000000000                      +Infinity
  1.40000000000000003E-002  0.84199999999999997        0.0000000000000000                      +Infinity
  1.40000000000000003E-002  0.84599999999999997        0.0000000000000000                      +Infinity
  1.40000000000000003E-002  0.84999999999999998        0.0000000000000000                      +Infinity
  1.40000000000000003E-002  0.85399999999999998        0.0000000000000000                      +Infinity
  1.40000000000000003E-002  0.85799999999999998        0.0000000000000000                      +Infinity
  1.40000000000000003E-002  0.86199999999999999        0.0000000000000000                      +Infinity
  1.40000000000000003E-002  0.86599999999999999        0.0000000000000000                      +Infinity
  1.40000000000000003E-002  0.87000000000000000        0.0000000000000000                      +Infinity
  1.40000000000000003E-002  0.87400000000000000        0.0000000000000000                      +Infinity
  1.40000000000000003E-002  0.87800000000000000        0.0000000000000000                      +Infinity
  1.40000000000000003E-002  0.88200000000000001        0.0000000000000000                      +Infinity
  1.40000000000000003E-002  0.88600000000000001        0.0000000000000000                      +Infinity
  1.40000000000000003E-002  0.89000000000000001        0.0000000000000000                      +Infinity
  1.40000000000000003E-002  0.89400000000000002        0.0000000000000000                      +Infinity
  1.40000000000000003E-002  0.89800000000000002        0.0000000000000000                      +Infinity
  1.40000000000000003E-002  0.90200000000000002        0.0000000000000000                      +Infinity
  1.40000000000000003E-002  0.90600000000000003        0.0000000000000000                      +Infinity
  1.40000000000000003E-002  0.91000000000000003        0.0000000000000000                      +Infinity
  1.40000000000000003E-002  0.91400000000000003        0.0000000000000000                      +Infinity
  1.40000000000000003E-002  0.91800000000000004        0.0000000000000000                      +Infinity
  1.40000000000000003E-002  0.92200000000000004        0.0000000000000000                      +Infinity
  1.40000000000000003E-002  0.92600000000000005        0.0000000000000000                      +Infinity
  1.40000000000000003E-002  0.93000000000000005        0.0000000000000000                      +Infinity
  1.40000000000000003E-002  0.93400000000000005        0.0000000000000000                      +Infinity
  1.40000000000000003E-002  0.93799999999999994        0.0000000000000000                      +Infinity
  1.40000000000000003E-002  0.94199999999999995        0.0000000000000000                      +Infinity
  1.40000000000000003E-002  0.94599999999999995        0.0000000000000000                      +Infinity
  1.40000000000000003E-002  0.94999999999999996        0.0000000000000000                      +Infinity
  1.40000000000000003E-002  0.95399999999999996        0.0000000000000000                      +Infinity
  1.40000000000000003E-002  0.95799999999999996        0.0000000000000000                      +Infinity
  1.40000000000000003E-002  0.96199999999999997        0.0000000000000000                      +Infinity
  1.40000000000000003E-002  0.96599999999999997        0.0000000000000000                      +Infinity
  1.40000000000000003E-002  0.96999999999999997        0.0000000000000000                      +Infinity
  1.40000000000000003E-002  0.97399999999999998        0.0000000000000000                      +Infinity
  1.40000000000000003E-002  0.97799999999999998        0.0000000000000000                      +Infinity
  1.40000000000000003E-002  0.98199999999999998        0.0000000000000000                      +Infinity
  1.40000000000000003E-002  0.98599999999999999        0.0000000000000000                      +Infinity
  1.40000000000000003E-002  0.98999999999999999        0.0000000000000000                      +Infinity
  1.40000000000000003E-002  0.99399999999999999        0.0000000000000000                      +Infinity
  1.40000000000000003E-002  0.99800000000000000        0.0000000000000000                      +Infinity
