  8.00000000000000017E-003 -0.99800000000000000        0.0000000000000000                      +Infinity
  8.00000000000000017E-003 -0.99399999999999999        0.0000000000000000                      +Infinity
  8.00000000000000017E-003 -0.98999999999999999        0.0000000000000000                      +Infinity
  8.00000000000000017E-003 -0.98599999999999999        0.0000000000000000                      +Infinity
  8.00000000000000017E-003 -0.98199999999999998        0.0000000000000000                      +Infinity
  8.00000000000000017E-003 -0.97799999999999998        0.0000000000000000                      +Infinity
  8.00000000000000017E-003 -0.97399999999999998        0.0000000000000000                      +Infinity
  8.00000000000000017E-003 -0.96999999999999997        0.0000000000000000                      +Infinity
  8.00000000000000017E-003 -0.96599999999999997        0.0000000000000000                      +Infinity
  8.00000000000000017E-003 -0.96199999999999997        0.0000000000000000                      +Infinity
  8.00000000000000017E-003 -0.95799999999999996        0.0000000000000000                      +Infinity
  8.00000000000000017E-003 -0.95399999999999996        0.0000000000000000                      +Infinity
  8.00000000000000017E-003 -0.94999999999999996        0.0000000000000000                      +Infinity
  8.00000000000000017E-003 -0.94599999999999995        0.0000000000000000                      +Infinity
  8.00000000000000017E-003 -0.94199999999999995        0.0000000000000000                      +Infinity
  8.00000000000000017E-003 -0.93799999999999994        0.0000000000000000                      +Infinity
  8.00000000000000017E-003 -0.93400000000000005        0.0000000000000000                      +Infinity
  8.00000000000000017E-003 -0.93000000000000005        0.0000000000000000                      +Infinity
  8.00000000000000017E-003 -0.92600000000000005        0.0000000000000000                      +Infinity
  8.00000000000000017E-003 -0.92200000000000004        0.0000000000000000                      +Infinity
  8.00000000000000017E-003 -0.91800000000000004        0.0000000000000000                      +Infinity
  8.00000000000000017E-003 -0.91400000000000003        0.0000000000000000                      +Infinity
  8.00000000000000017E-003 -0.91000000000000003        0.0000000000000000                      +Infinity
  8.00000000000000017E-003 -0.90600000000000003        0.0000000000000000                      +Infinity
  8.00000000000000017E-003 -0.90200000000000002        0.0000000000000000                      +Infinity
  8.00000000000000017E-003 -0.89800000000000002        0.0000000000000000                      +Infinity
  8.00000000000000017E-003 -0.89400000000000002        0.0000000000000000                      +Infinity
  8.00000000000000017E-003 -0.89000000000000001        0.0000000000000000                      +Infinity
  8.00000000000000017E-003 -0.88600000000000001        0.0000000000000000                      +Infinity
  8.00000000000000017E-003 -0.88200000000000001        0.0000000000000000                      +Infinity
  8.00000000000000017E-003 -0.87800000000000000        0.0000000000000000                      +Infinity
  8.00000000000000017E-003 -0.87400000000000000        0.0000000000000000                      +Infinity
  8.00000000000000017E-003 -0.87000000000000000        0.0000000000000000                      +Infinity
  8.00000000000000017E-003 -0.86599999999999999        0.0000000000000000                      +Infinity
  8.00000000000000017E-003 -0.86199999999999999        0.0000000000000000                      +Infinity
  8.00000000000000017E-003 -0.85799999999999998        0.0000000000000000                      +Infinity
  8.00000000000000017E-003 -0.85399999999999998        0.0000000000000000                      +Infinity
  8.00000000000000017E-003 -0.84999999999999998        0.0000000000000000                      +Infinity
  8.00000000000000017E-003 -0.84599999999999997        0.0000000000000000                      +Infinity
  8.00000000000000017E-003 -0.84199999999999997        0.0000000000000000                      +Infinity
  8.00000000000000017E-003 -0.83799999999999997        0.0000000000000000                      +Infinity
  8.00000000000000017E-003 -0.83399999999999996        0.0000000000000000                      +Infinity
  8.00000000000000017E-003 -0.82999999999999996        0.0000000000000000                      +Infinity
  8.00000000000000017E-003 -0.82599999999999996        0.0000000000000000                      +Infinity
  8.00000000000000017E-003 -0.82199999999999995        0.0000000000000000                      +Infinity
  8.00000000000000017E-003 -0.81799999999999995        0.0000000000000000                      +Infinity
  8.00000000000000017E-003 -0.81399999999999995        0.0000000000000000                      +Infinity
  8.00000000000000017E-003 -0.81000000000000005        0.0000000000000000                      +Infinity
  8.00000000000000017E-003 -0.80600000000000005        0.0000000000000000                      +Infinity
  8.00000000000000017E-003 -0.80200000000000005        0.0000000000000000                      +Infinity
  8.00000000000000017E-003 -0.79800000000000004        0.0000000000000000                      +Infinity
  8.00000000000000017E-003 -0.79400000000000004        0.0000000000000000                      +Infinity
  8.00000000000000017E-003 -0.79000000000000004        0.0000000000000000                      +Infinity
  8.00000000000000017E-003 -0.78600000000000003        0.0000000000000000                      +Infinity
  8.00000000000000017E-003 -0.78200000000000003        0.0000000000000000                      +Infinity
  8.00000000000000017E-003 -0.77800000000000002        0.0000000000000000                      +Infinity
  8.00000000000000017E-003 -0.77400000000000002        0.0000000000000000                      +Infinity
  8.00000000000000017E-003 -0.77000000000000002        0.0000000000000000                      +Infinity
  8.00000000000000017E-003 -0.76600000000000001        0.0000000000000000                      +Infinity
  8.00000000000000017E-003 -0.76200000000000001        0.0000000000000000                      +Infinity
  8.00000000000000017E-003 -0.75800000000000001        0.0000000000000000                      +Infinity
  8.00000000000000017E-003 -0.75400000000000000        0.0000000000000000                      +Infinity
  8.00000000000000017E-003 -0.75000000000000000        0.0000000000000000                      +Infinity
  8.00000000000000017E-003 -0.74600000000000000        0.0000000000000000                      +Infinity
  8.00000000000000017E-003 -0.74199999999999999        0.0000000000000000                      +Infinity
  8.00000000000000017E-003 -0.73799999999999999        0.0000000000000000                      +Infinity
  8.00000000000000017E-003 -0.73399999999999999        0.0000000000000000                      +Infinity
  8.00000000000000017E-003 -0.72999999999999998        0.0000000000000000                      +Infinity
  8.00000000000000017E-003 -0.72599999999999998        0.0000000000000000                      +Infinity
  8.00000000000000017E-003 -0.72199999999999998       2.60199999999999974E-008   17.464400363862051
  8.00000000000000017E-003 -0.71799999999999997       6.92400000000000033E-008   16.485687106638402
  8.00000000000000017E-003 -0.71399999999999997       2.71960000000000008E-007   15.117610840288153
  8.00000000000000017E-003 -0.70999999999999996       2.82959999999999987E-007   15.077960292049186
  8.00000000000000017E-003 -0.70599999999999996       5.64699999999999968E-007   14.386971220267620
  8.00000000000000017E-003 -0.70199999999999996       1.04074000000000009E-006   13.775578559372928
  8.00000000000000017E-003 -0.69799999999999995       1.38348000000000005E-006   13.490908493913549
  8.00000000000000017E-003 -0.69399999999999995       1.99838000000000008E-006   13.123173705631583
  8.00000000000000017E-003 -0.68999999999999995       2.69566000000000004E-006   12.823867485626741
  8.00000000000000017E-003 -0.68600000000000005       3.10412000000000019E-006   12.682780296596757
  8.00000000000000017E-003 -0.68200000000000005       4.00102000000000002E-006   12.428961229351357
  8.00000000000000017E-003 -0.67800000000000005       5.36892000000000009E-006   12.134883786988736
  8.00000000000000017E-003 -0.67400000000000004       7.16247999999999990E-006   11.846654268248432
  8.00000000000000017E-003 -0.67000000000000004       8.26227999999999910E-006   11.703809979464708
  8.00000000000000017E-003 -0.66600000000000004       9.07369999999999920E-006   11.610130438763425
  8.00000000000000017E-003 -0.66200000000000003       1.16941399999999998E-005   11.356422696331030
  8.00000000000000017E-003 -0.65800000000000003       1.37940000000000004E-005   11.191276842955174
  8.00000000000000017E-003 -0.65400000000000003       1.72229199999999987E-005   10.969269503072971
  8.00000000000000017E-003 -0.65000000000000002       2.12204000000000010E-005   10.760547574814723
  8.00000000000000017E-003 -0.64600000000000002       2.41343200000000017E-005   10.631875664098539
  8.00000000000000017E-003 -0.64200000000000002       2.67057799999999996E-005   10.530630536585605
  8.00000000000000017E-003 -0.63800000000000001       3.10450800000000040E-005   10.380070216246244
  8.00000000000000017E-003 -0.63400000000000001       3.81848200000000021E-005   10.173072503527926
  8.00000000000000017E-003 -0.63000000000000000       4.39790000000000002E-005   10.031798310704167
  8.00000000000000017E-003 -0.62600000000000000       5.17126999999999970E-005   9.8698071586473599
  8.00000000000000017E-003 -0.62200000000000000       5.71561799999999987E-005   9.7697230370868429
  8.00000000000000017E-003 -0.61799999999999999       6.58182399999999887E-005   9.6286135543994185
  8.00000000000000017E-003 -0.61399999999999999       7.37957999999999957E-005   9.5142087385464205
  8.00000000000000017E-003 -0.60999999999999999       8.36454600000000081E-005   9.3889234057640287
  8.00000000000000017E-003 -0.60599999999999998       9.51681000000000011E-005   9.2598657563537667
  8.00000000000000017E-003 -0.60199999999999998       1.10959019999999994E-004   9.1063496140082361
  8.00000000000000017E-003 -0.59799999999999998       1.24787619999999999E-004   8.9888973056674146
  8.00000000000000017E-003 -0.59399999999999997       1.39126719999999992E-004   8.8801253854620565
  8.00000000000000017E-003 -0.58999999999999997       1.56459360000000012E-004   8.7627142622180703
  8.00000000000000017E-003 -0.58599999999999997       1.72655940000000004E-004   8.6642097298547718
  8.00000000000000017E-003 -0.58199999999999996       1.92437239999999991E-004   8.5557404833684831
  8.00000000000000017E-003 -0.57799999999999996       2.16651559999999981E-004   8.4372202092503912
  8.00000000000000017E-003 -0.57399999999999995       2.36735400000000017E-004   8.3485674962262717
  8.00000000000000017E-003 -0.56999999999999995       2.57449759999999980E-004   8.2646859636924077
  8.00000000000000017E-003 -0.56599999999999995       2.82111740000000008E-004   8.1732073243741965
  8.00000000000000017E-003 -0.56200000000000006       3.03421960000000020E-004   8.1003861139723554
  8.00000000000000017E-003 -0.55800000000000005       3.40905800000000018E-004   7.9839043651781152
  8.00000000000000017E-003 -0.55400000000000005       3.67344720000000022E-004   7.9092098592148394
  8.00000000000000017E-003 -0.55000000000000004       3.91181200000000008E-004   7.8463396782181123
  8.00000000000000017E-003 -0.54600000000000004       4.19837099999999979E-004   7.7756437790657538
  8.00000000000000017E-003 -0.54200000000000004       4.51572640000000010E-004   7.7027743121122185
  8.00000000000000017E-003 -0.53800000000000003       4.81207799999999936E-004   7.6392113645188138
  8.00000000000000017E-003 -0.53400000000000003       5.16531179999999909E-004   7.5683749033660472
  8.00000000000000017E-003 -0.53000000000000003       5.50452720000000045E-004   7.5047694910484983
  8.00000000000000017E-003 -0.52600000000000002       5.84009480000000059E-004   7.4455933423910867
  8.00000000000000017E-003 -0.52200000000000002       6.20549019999999999E-004   7.3849059556342098
  8.00000000000000017E-003 -0.51800000000000002       6.62483639999999997E-004   7.3195146947484293
  8.00000000000000017E-003 -0.51400000000000001       6.96844340000000008E-004   7.2689485006962169
  8.00000000000000017E-003 -0.51000000000000001       7.38008200000000027E-004   7.2115556223144184
  8.00000000000000017E-003 -0.50600000000000001       7.79156919999999934E-004   7.1572980946386906
  8.00000000000000017E-003 -0.50200000000000000       8.13815879999999913E-004   7.1137764091931137
  8.00000000000000017E-003 -0.49800000000000000       8.59502479999999869E-004   7.0591568477470457
  8.00000000000000017E-003 -0.49399999999999999       9.11398559999999935E-004   7.0005302591225735
  8.00000000000000017E-003 -0.48999999999999999       9.61611560000000059E-004   6.9468999726249745
  8.00000000000000017E-003 -0.48599999999999999       1.00893312000000001E-003   6.8988618232564693
  8.00000000000000017E-003 -0.48199999999999998       1.05023532000000008E-003   6.8587410256368457
  8.00000000000000017E-003 -0.47799999999999998       1.09559840000000006E-003   6.8164545809634198
  8.00000000000000017E-003 -0.47399999999999998       1.13990133999999996E-003   6.7768135641805181
  8.00000000000000017E-003 -0.46999999999999997       1.18495031999999996E-003   6.7380544293245128
  8.00000000000000017E-003 -0.46600000000000003       1.22727830000000015E-003   6.7029563256056921
  8.00000000000000017E-003 -0.46200000000000002       1.29237319999999994E-003   6.6512750608429885
  8.00000000000000017E-003 -0.45800000000000002       1.35210261999999990E-003   6.6060944018749401
  8.00000000000000017E-003 -0.45400000000000001       1.40401445999999998E-003   6.5684196742862540
  8.00000000000000017E-003 -0.45000000000000001       1.45147625999999998E-003   6.5351741301276585
  8.00000000000000017E-003 -0.44600000000000001       1.50905649999999989E-003   6.4962706578827811
  8.00000000000000017E-003 -0.44200000000000000       1.56692050000000003E-003   6.4586430507816672
  8.00000000000000017E-003 -0.43800000000000000       1.61057791999999998E-003   6.4311622078735056
  8.00000000000000017E-003 -0.43400000000000000       1.65577151999999998E-003   6.4034882035524374
  8.00000000000000017E-003 -0.42999999999999999       1.71754752000000013E-003   6.3668578661282540
  8.00000000000000017E-003 -0.42599999999999999       1.78217941999999989E-003   6.3299182703778580
  8.00000000000000017E-003 -0.42199999999999999       1.82564421999999995E-003   6.3058223569762832
  8.00000000000000017E-003 -0.41799999999999998       1.87847426000000003E-003   6.2772953954662745
  8.00000000000000017E-003 -0.41399999999999998       1.93153672000000013E-003   6.2494393649074018
  8.00000000000000017E-003 -0.40999999999999998       2.00046911999999990E-003   6.2143735659270876
  8.00000000000000017E-003 -0.40600000000000003       2.04493241999999980E-003   6.1923905364881859
  8.00000000000000017E-003 -0.40200000000000002       2.10141838000000008E-003   6.1651427431979311
  8.00000000000000017E-003 -0.39800000000000002       2.16921688000000024E-003   6.1333890613569837
  8.00000000000000017E-003 -0.39400000000000002       2.23038459999999996E-003   6.1055812420130113
  8.00000000000000017E-003 -0.39000000000000001       2.28851100000000002E-003   6.0798538912402238
  8.00000000000000017E-003 -0.38600000000000001       2.34122004000000003E-003   6.0570831008708748
  8.00000000000000017E-003 -0.38200000000000001       2.39562306000000013E-003   6.0341119316393312
  8.00000000000000017E-003 -0.37800000000000000       2.45307540000000001E-003   6.0104127763061896
  8.00000000000000017E-003 -0.37400000000000000       2.53041938000000011E-003   5.9793702271340008
  8.00000000000000017E-003 -0.37000000000000000       2.60273492000000000E-003   5.9511924944980628
  8.00000000000000017E-003 -0.36599999999999999       2.65155747999999995E-003   5.9326080833267554
  8.00000000000000017E-003 -0.36199999999999999       2.70231671999999990E-003   5.9136458294371037
  8.00000000000000017E-003 -0.35799999999999998       2.75751871999999976E-003   5.8934240181017277
  8.00000000000000017E-003 -0.35399999999999998       2.81919533999999998E-003   5.8713037751749715
  8.00000000000000017E-003 -0.34999999999999998       2.86343630000000012E-003   5.8557328718815507
  8.00000000000000017E-003 -0.34599999999999997       2.91662427999999979E-003   5.8373283999577508
  8.00000000000000017E-003 -0.34200000000000003       2.97003522000000020E-003   5.8191814676519824
  8.00000000000000017E-003 -0.33800000000000002       3.02921736000000014E-003   5.7994509898549857
  8.00000000000000017E-003 -0.33400000000000002       3.08200284000000003E-003   5.7821756206050789
  8.00000000000000017E-003 -0.33000000000000002       3.12643981999999971E-003   5.7678603595029605
  8.00000000000000017E-003 -0.32600000000000001       3.19254044000000020E-003   5.7469383029490846
  8.00000000000000017E-003 -0.32200000000000001       3.25394306000000022E-003   5.7278877688018204
  8.00000000000000017E-003 -0.31800000000000000       3.31657822000000014E-003   5.7088216841720083
  8.00000000000000017E-003 -0.31400000000000000       3.38300631999999962E-003   5.6889905210209593
  8.00000000000000017E-003 -0.31000000000000000       3.42622406000000004E-003   5.6762964813354424
  8.00000000000000017E-003 -0.30599999999999999       3.48047392000000021E-003   5.6605868105598942
  8.00000000000000017E-003 -0.30199999999999999       3.54093801999999990E-003   5.6433636095356352
  8.00000000000000017E-003 -0.29799999999999999       3.60569601999999973E-003   5.6252404561458906
  8.00000000000000017E-003 -0.29399999999999998       3.63429191999999979E-003   5.6173409820198170
  8.00000000000000017E-003 -0.28999999999999998       3.68410915999999988E-003   5.6037265301920138
  8.00000000000000017E-003 -0.28599999999999998       3.73234554000000020E-003   5.5907184118586457
  8.00000000000000017E-003 -0.28199999999999997       3.79502322000000022E-003   5.5740647495761868
  8.00000000000000017E-003 -0.27800000000000002       3.84241517999999978E-003   5.5616541569656235
  8.00000000000000017E-003 -0.27400000000000002       3.88314372000000052E-003   5.5511102162984480
  8.00000000000000017E-003 -0.27000000000000002       3.94256656000000014E-003   5.5359233565809420
  8.00000000000000017E-003 -0.26600000000000001       4.01313793999999967E-003   5.5181818150012871
  8.00000000000000017E-003 -0.26200000000000001       4.06838989999999939E-003   5.5045079597643367
  8.00000000000000017E-003 -0.25800000000000001       4.11634447999999990E-003   5.4927897716066560
  8.00000000000000017E-003 -0.25400000000000000       4.14736025999999994E-003   5.4852832290531772
  8.00000000000000017E-003 -0.25000000000000000       4.20278565999999965E-003   5.4720077211665155
  8.00000000000000017E-003 -0.24600000000000000       4.25767743999999962E-003   5.4590314692553781
  8.00000000000000017E-003 -0.24199999999999999       4.30499620000000024E-003   5.4479790237973740
  8.00000000000000017E-003 -0.23799999999999999       4.37151643999999975E-003   5.4326453186275359
  8.00000000000000017E-003 -0.23400000000000001       4.41659847999999969E-003   5.4223854538277561
  8.00000000000000017E-003 -0.23000000000000001       4.46071854000000025E-003   5.4124454183032853
  8.00000000000000017E-003 -0.22600000000000001       4.51272640000000003E-003   5.4008537848365457
  8.00000000000000017E-003 -0.22200000000000000       4.54658708000000005E-003   5.3933784197869619
  8.00000000000000017E-003 -0.21800000000000000       4.60191929999999999E-003   5.3812818233766944
  8.00000000000000017E-003 -0.21400000000000000       4.65335162000000014E-003   5.3701675405243154
  8.00000000000000017E-003 -0.20999999999999999       4.67783959999999981E-003   5.3649188995653345
  8.00000000000000017E-003 -0.20599999999999999       4.71087440000000045E-003   5.3578817406257997
  8.00000000000000017E-003 -0.20200000000000001       4.73990128000000011E-003   5.3517389704962568
  8.00000000000000017E-003 -0.19800000000000001       4.78185860000000015E-003   5.3429259796010822
  8.00000000000000017E-003 -0.19400000000000001       4.81431651999999956E-003   5.3361611918865499
  8.00000000000000017E-003 -0.19000000000000000       4.85320185999999973E-003   5.3281166145343422
  8.00000000000000017E-003 -0.18600000000000000       4.87651164000000008E-003   5.3233251425971941
  8.00000000000000017E-003 -0.18200000000000000       4.91865762000000002E-003   5.3147196271693389
  8.00000000000000017E-003 -0.17799999999999999       4.97414867999999930E-003   5.3035010426121998
  8.00000000000000017E-003 -0.17399999999999999       5.05145884000000010E-003   5.2880781982045120
  8.00000000000000017E-003 -0.17000000000000001       5.10959646000000000E-003   5.2766348485306622
  8.00000000000000017E-003 -0.16600000000000001       5.14184882000000027E-003   5.2703425715819368
  8.00000000000000017E-003 -0.16200000000000001       5.16797804000000000E-003   5.2652737617368706
  8.00000000000000017E-003 -0.15800000000000000       5.19193714000000008E-003   5.2606484067414669
  8.00000000000000017E-003 -0.15400000000000000       5.22709681999999985E-003   5.2538992563695253
  8.00000000000000017E-003 -0.14999999999999999       5.27984716000000007E-003   5.2438581286526356
  8.00000000000000017E-003 -0.14599999999999999       5.32444446000000012E-003   5.2354468995896264
  8.00000000000000017E-003 -0.14199999999999999       5.34014267999999986E-003   5.2325029072658591
  8.00000000000000017E-003 -0.13800000000000001       5.37023796000000043E-003   5.2268830585939865
  8.00000000000000017E-003 -0.13400000000000001       5.41144780000000006E-003   5.2192386063995926
  8.00000000000000017E-003 -0.13000000000000000       5.43856969999999967E-003   5.2142391754786610
  8.00000000000000017E-003 -0.12600000000000000       5.44103064000000039E-003   5.2137867801764317
  8.00000000000000017E-003 -0.12200000000000000       5.46037117999999960E-003   5.2102385098509920
  8.00000000000000017E-003 -0.11799999999999999       5.48053245999999966E-003   5.2065530185087745
  8.00000000000000017E-003 -0.11400000000000000       5.51875504000000003E-003   5.1996029803621377
  8.00000000000000017E-003 -0.11000000000000000       5.55904022000000032E-003   5.1923298079227491
  8.00000000000000017E-003 -0.10600000000000000       5.58550701999999989E-003   5.1875800681284518
  8.00000000000000017E-003 -0.10199999999999999       5.59097186000000017E-003   5.1866021500391879
  8.00000000000000017E-003 -9.80000000000000038E-002  5.59854795999999936E-003   5.1852480077203813
  8.00000000000000017E-003 -9.40000000000000002E-002  5.60708752000000071E-003   5.1837238529023182
  8.00000000000000017E-003 -8.99999999999999967E-002  5.60599261999999987E-003   5.1839191426870714
  8.00000000000000017E-003 -8.59999999999999931E-002  5.63905456000000048E-003   5.1780388587295239
  8.00000000000000017E-003 -8.20000000000000034E-002  5.66052480000000038E-003   5.1742386702173011
  8.00000000000000017E-003 -7.79999999999999999E-002  5.67486323999999952E-003   5.1717088145834627
  8.00000000000000017E-003 -7.39999999999999963E-002  5.68861223999999992E-003   5.1692889551428562
  8.00000000000000017E-003 -7.00000000000000067E-002  5.68074582000000026E-003   5.1706727485309711
  8.00000000000000017E-003 -6.60000000000000031E-002  5.68044403999999961E-003   5.1707258732483279
  8.00000000000000017E-003 -6.19999999999999996E-002  5.69152809999999999E-003   5.1687765080241572
  8.00000000000000017E-003 -5.80000000000000029E-002  5.69248084000000074E-003   5.1686091258642790
  8.00000000000000017E-003 -5.39999999999999994E-002  5.69654455999999993E-003   5.1678955055096427
  8.00000000000000017E-003 -5.00000000000000028E-002  5.71290690000000011E-003   5.1650272955392333
  8.00000000000000017E-003 -4.59999999999999992E-002  5.73326787999999931E-003   5.1614696001750753
  8.00000000000000017E-003 -4.20000000000000026E-002  5.75906823999999991E-003   5.1569795812484154
  8.00000000000000017E-003 -3.79999999999999991E-002  5.75834384000000008E-003   5.1571053733961518
  8.00000000000000017E-003 -3.40000000000000024E-002  5.76360277999999997E-003   5.1561925171681837
  8.00000000000000017E-003 -2.99999999999999989E-002  5.77048446000000010E-003   5.1549992401149787
  8.00000000000000017E-003 -2.59999999999999988E-002  5.77699771999999959E-003   5.1538711568515998
  8.00000000000000017E-003 -2.19999999999999987E-002  5.78832859999999991E-003   5.1519116991913707
  8.00000000000000017E-003 -1.79999999999999986E-002  5.79561015999999988E-003   5.1506545169652025
  8.00000000000000017E-003 -1.40000000000000003E-002  5.79376399999999986E-003   5.1509731122560485
  8.00000000000000017E-003 -1.00000000000000002E-002  5.80945538000000004E-003   5.1482684508941334
  8.00000000000000017E-003 -6.00000000000000012E-003  5.82107938000000005E-003   5.1462695739533597
  8.00000000000000017E-003 -2.00000000000000004E-003  5.83952714000000005E-003   5.1431054545982642
  8.00000000000000017E-003  2.00000000000000004E-003  5.86431835999999974E-003   5.1388690252848370
  8.00000000000000017E-003  6.00000000000000012E-003  5.86944644000000036E-003   5.1379949528257587
  8.00000000000000017E-003  1.00000000000000002E-002  5.87465467999999987E-003   5.1371079985517420
  8.00000000000000017E-003  1.40000000000000003E-002  5.87048795999999939E-003   5.1378175208287402
  8.00000000000000017E-003  1.79999999999999986E-002  5.86599068000000050E-003   5.1385838972450513
  8.00000000000000017E-003  2.19999999999999987E-002  5.84884741999999996E-003   5.1415106593720221
  8.00000000000000017E-003  2.59999999999999988E-002  5.83479553999999984E-003   5.1439160541317497
  8.00000000000000017E-003  2.99999999999999989E-002  5.85895210000000020E-003   5.1397845139094676
  8.00000000000000017E-003  3.40000000000000024E-002  5.85179664000000030E-003   5.1410065469407176
  8.00000000000000017E-003  3.79999999999999991E-002  5.83649070000000041E-003   5.1436255702935396
  8.00000000000000017E-003  4.20000000000000026E-002  5.84610926000000020E-003   5.1419789227653725
  8.00000000000000017E-003  4.59999999999999992E-002  5.83648525999999959E-003   5.1436265023609096
  8.00000000000000017E-003  5.00000000000000028E-002  5.80484643999999977E-003   5.1490621172398798
  8.00000000000000017E-003  5.39999999999999994E-002  5.79714674000000006E-003   5.1503894238519328
  8.00000000000000017E-003  5.80000000000000029E-002  5.76247332000000018E-003   5.1563885006050123
  8.00000000000000017E-003  6.19999999999999996E-002  5.72171522000000047E-003   5.1634866549041813
  8.00000000000000017E-003  6.60000000000000031E-002  5.71413206000000000E-003   5.1648128637850430
  8.00000000000000017E-003  7.00000000000000067E-002  5.69141652000000001E-003   5.1687961127931743
  8.00000000000000017E-003  7.39999999999999963E-002  5.66392877999999985E-003   5.1736374968223160
  8.00000000000000017E-003  7.79999999999999999E-002  5.66024784000000031E-003   5.1742875997398459
  8.00000000000000017E-003  8.20000000000000034E-002  5.62854337999999996E-003   5.1799045949947100
  8.00000000000000017E-003  8.59999999999999931E-002  5.60655163999999959E-003   5.1838194293682207
  8.00000000000000017E-003  8.99999999999999967E-002  5.58818637999999954E-003   5.1871004845287523
  8.00000000000000017E-003  9.40000000000000002E-002  5.58465732000000027E-003   5.1877322055502075
  8.00000000000000017E-003  9.80000000000000038E-002  5.57496081999999966E-003   5.1894699894633405
  8.00000000000000017E-003  0.10199999999999999       5.53622459999999952E-003   5.1964424906804929
  8.00000000000000017E-003  0.10600000000000000       5.51815015999999967E-003   5.1997125907990576
  8.00000000000000017E-003  0.11000000000000000       5.49011884000000054E-003   5.2048053770647460
  8.00000000000000017E-003  0.11400000000000000       5.46020981999999992E-003   5.2102680613922532
  8.00000000000000017E-003  0.11799999999999999       5.44046302000000034E-003   5.2138911077656855
  8.00000000000000017E-003  0.12200000000000000       5.45274861999999957E-003   5.2116354634956510
  8.00000000000000017E-003  0.12600000000000000       5.44433008000000038E-003   5.2131805641426388
  8.00000000000000017E-003  0.13000000000000000       5.42237309999999990E-003   5.2172217180267140
  8.00000000000000017E-003  0.13400000000000001       5.40863284000000014E-003   5.2197589278569207
  8.00000000000000017E-003  0.13800000000000001       5.40323186000000056E-003   5.2207580118445804
  8.00000000000000017E-003  0.14199999999999999       5.38819205999999974E-003   5.2235453751895857
  8.00000000000000017E-003  0.14599999999999999       5.36821138000000055E-003   5.2272605022937046
  8.00000000000000017E-003  0.14999999999999999       5.36146886000000034E-003   5.2285173003970389
  8.00000000000000017E-003  0.15400000000000000       5.32100262000000015E-003   5.2360935309793772
  8.00000000000000017E-003  0.15800000000000000       5.27802663999999994E-003   5.2442029935473160
  8.00000000000000017E-003  0.16200000000000001       5.24877808000000050E-003   5.2497599761349800
  8.00000000000000017E-003  0.16600000000000001       5.17205170000000023E-003   5.2644858219894628
  8.00000000000000017E-003  0.17000000000000001       5.13884900000000002E-003   5.2709261545522104
  8.00000000000000017E-003  0.17399999999999999       5.11118657999999962E-003   5.2763236942860985
  8.00000000000000017E-003  0.17799999999999999       5.07015950000000003E-003   5.2843830023078118
  8.00000000000000017E-003  0.18200000000000000       5.05006905999999967E-003   5.2883533605408495
  8.00000000000000017E-003  0.18600000000000000       5.00673062000000016E-003   5.2969721477606875
  8.00000000000000017E-003  0.19000000000000000       4.94135955999999970E-003   5.3101147710719916
  8.00000000000000017E-003  0.19400000000000001       4.89528741999999996E-003   5.3194822876652195
  8.00000000000000017E-003  0.19800000000000001       4.85837154000000066E-003   5.3270519712936695
  8.00000000000000017E-003  0.20200000000000001       4.81799355999999995E-003   5.3353977114445641
  8.00000000000000017E-003  0.20599999999999999       4.76858832000000028E-003   5.3457049675691719
  8.00000000000000017E-003  0.20999999999999999       4.72495690000000051E-003   5.3548968397711558
  8.00000000000000017E-003  0.21400000000000000       4.66939052000000035E-003   5.3667267254544289
  8.00000000000000017E-003  0.21800000000000000       4.61215327999999966E-003   5.3790604420885675
  8.00000000000000017E-003  0.22200000000000000       4.54158878000000040E-003   5.3944783766057887
  8.00000000000000017E-003  0.22600000000000001       4.51104287999999978E-003   5.4012269149482082
  8.00000000000000017E-003  0.23000000000000001       4.46809956000000005E-003   5.4107921151228160
  8.00000000000000017E-003  0.23400000000000001       4.42608261999999971E-003   5.4202403705595881
  8.00000000000000017E-003  0.23799999999999999       4.37924528000000011E-003   5.4308788799432257
  8.00000000000000017E-003  0.24199999999999999       4.32903914000000011E-003   5.4424096692141246
  8.00000000000000017E-003  0.24600000000000000       4.26318888000000017E-003   5.4577378353544033
  8.00000000000000017E-003  0.25000000000000000       4.21104284000000002E-003   5.4700449564985973
  8.00000000000000017E-003  0.25400000000000000       4.14952469999999973E-003   5.4847614814190875
  8.00000000000000017E-003  0.25800000000000001       4.08454859999999968E-003   5.5005440586119336
  8.00000000000000017E-003  0.26200000000000001       4.04563103999999989E-003   5.5101177356948119
  8.00000000000000017E-003  0.26600000000000001       4.00533915999999948E-003   5.5201270179024950
  8.00000000000000017E-003  0.27000000000000002       3.95132914000000026E-003   5.5337032655303124
  8.00000000000000017E-003  0.27400000000000002       3.90630341999999992E-003   5.5451637690530715
  8.00000000000000017E-003  0.27800000000000002       3.86072940000000038E-003   5.5568991496262248
  8.00000000000000017E-003  0.28199999999999997       3.82514814000000031E-003   5.5661580830418371
  8.00000000000000017E-003  0.28599999999999998       3.78528960000000005E-003   5.5766328824701228
  8.00000000000000017E-003  0.28999999999999998       3.72328928000000003E-003   5.5931477863311647
  8.00000000000000017E-003  0.29399999999999998       3.67345678000000021E-003   5.6066221583195537
  8.00000000000000017E-003  0.29799999999999999       3.62094368000000005E-003   5.6210206020340365
  8.00000000000000017E-003  0.30199999999999999       3.57747037999999991E-003   5.6330993260927515
  8.00000000000000017E-003  0.30599999999999999       3.52961691999999997E-003   5.6465659351722470
  8.00000000000000017E-003  0.31000000000000000       3.47782962000000011E-003   5.6613468521740877
  8.00000000000000017E-003  0.31400000000000000       3.41324395999999990E-003   5.6800921319754316
  8.00000000000000017E-003  0.31800000000000000       3.34769355999999961E-003   5.6994836598151739
  8.00000000000000017E-003  0.32200000000000001       3.29749037999999993E-003   5.7145935907386978
  8.00000000000000017E-003  0.32600000000000001       3.24258990000000002E-003   5.7313829166375889
  8.00000000000000017E-003  0.33000000000000002       3.19726056000000031E-003   5.7454609108179220
  8.00000000000000017E-003  0.33400000000000002       3.13478780000000026E-003   5.7651937945884670
  8.00000000000000017E-003  0.33800000000000002       3.09226014000000020E-003   5.7788530185488751
  8.00000000000000017E-003  0.34200000000000003       3.04624582000000014E-003   5.7938453252047077
  8.00000000000000017E-003  0.34599999999999997       2.99627450000000033E-003   5.8103855953613337
  8.00000000000000017E-003  0.34999999999999998       2.93321475999999996E-003   5.8316562697103791
  8.00000000000000017E-003  0.35399999999999998       2.86579937999999982E-003   5.8549079520262710
  8.00000000000000017E-003  0.35799999999999998       2.78695570000000005E-003   5.8828054258364997
  8.00000000000000017E-003  0.36199999999999999       2.70406072000000004E-003   5.9130006654322411
  8.00000000000000017E-003  0.36599999999999999       2.63947639999999968E-003   5.9371747148279024
  8.00000000000000017E-003  0.37000000000000000       2.56749822000000008E-003   5.9648233094432035
  8.00000000000000017E-003  0.37400000000000000       2.50984372000000004E-003   5.9875347907250696
  8.00000000000000017E-003  0.37800000000000000       2.43431322000000000E-003   6.0180906074043428
  8.00000000000000017E-003  0.38200000000000001       2.37603421999999995E-003   6.0423224752285494
  8.00000000000000017E-003  0.38600000000000001       2.32177403999999981E-003   6.0654237131031206
  8.00000000000000017E-003  0.39000000000000001       2.25964647999999995E-003   6.0925469027123356
  8.00000000000000017E-003  0.39400000000000002       2.20217583999999991E-003   6.1183093891922979
  8.00000000000000017E-003  0.39800000000000002       2.14294561999999996E-003   6.1455739384542882
  8.00000000000000017E-003  0.40200000000000002       2.07270618000000026E-003   6.1789001921876805
  8.00000000000000017E-003  0.40600000000000003       2.01181687999999999E-003   6.2087170448031630
  8.00000000000000017E-003  0.40999999999999998       1.97134875999999994E-003   6.2290373207517638
  8.00000000000000017E-003  0.41399999999999998       1.92078333999999985E-003   6.2550221865642328
  8.00000000000000017E-003  0.41799999999999998       1.88132984000000006E-003   6.2757763905005239
  8.00000000000000017E-003  0.42199999999999999       1.82328652000000001E-003   6.3071146261346200
  8.00000000000000017E-003  0.42599999999999999       1.75997467999999976E-003   6.3424558563991980
  8.00000000000000017E-003  0.42999999999999999       1.70501113999999986E-003   6.3741836345436615
  8.00000000000000017E-003  0.43400000000000000       1.63958943999999987E-003   6.4133094099500996
  8.00000000000000017E-003  0.43800000000000000       1.58637904000000001E-003   6.4463011931505605
  8.00000000000000017E-003  0.44200000000000000       1.53549729999999992E-003   6.4789009764698342
  8.00000000000000017E-003  0.44600000000000001       1.48009071999999982E-003   6.5156518957874185
  8.00000000000000017E-003  0.45000000000000001       1.41917634000000002E-003   6.5576786179120763
  8.00000000000000017E-003  0.45400000000000001       1.37513510000000002E-003   6.5892032981448097
  8.00000000000000017E-003  0.45800000000000002       1.32547586000000004E-003   6.6259837443965077
  8.00000000000000017E-003  0.46200000000000002       1.27970959999999996E-003   6.6611221017906370
  8.00000000000000017E-003  0.46600000000000003       1.23051677999999999E-003   6.7003210514931073
  8.00000000000000017E-003  0.46999999999999997       1.18409127999999993E-003   6.7387796508973645
  8.00000000000000017E-003  0.47399999999999998       1.13314753999999994E-003   6.7827560847611075
  8.00000000000000017E-003  0.47799999999999998       1.08367608000000011E-003   6.8273962398082242
  8.00000000000000017E-003  0.48199999999999998       1.03955580000000001E-003   6.8689617724532281
  8.00000000000000017E-003  0.48599999999999999       9.94494399999999983E-004   6.9132760906564377
  8.00000000000000017E-003  0.48999999999999999       9.63474779999999999E-004   6.9449642458546146
  8.00000000000000017E-003  0.49399999999999999       9.23451939999999976E-004   6.9873918008269742
  8.00000000000000017E-003  0.49800000000000000       8.82429040000000061E-004   7.0328321803217246
  8.00000000000000017E-003  0.50200000000000000       8.44319819999999927E-004   7.0769792014962514
  8.00000000000000017E-003  0.50600000000000001       8.09632439999999993E-004   7.1189301910638605
  8.00000000000000017E-003  0.51000000000000001       7.68578279999999978E-004   7.1709681394053497
  8.00000000000000017E-003  0.51400000000000001       7.33497019999999975E-004   7.2176870231025108
  8.00000000000000017E-003  0.51800000000000002       6.90598060000000035E-004   7.2779525821637900
  8.00000000000000017E-003  0.52200000000000002       6.51462579999999964E-004   7.3362905997334975
  8.00000000000000017E-003  0.52600000000000002       6.12891859999999990E-004   7.3973220486833151
  8.00000000000000017E-003  0.53000000000000003       5.81242980000000031E-004   7.4503416785549952
  8.00000000000000017E-003  0.53400000000000003       5.51238579999999969E-004   7.5033428479710969
  8.00000000000000017E-003  0.53800000000000003       5.19414360000000023E-004   7.5628086118324758
  8.00000000000000017E-003  0.54200000000000004       4.85758360000000005E-004   7.6297992593555959
  8.00000000000000017E-003  0.54600000000000004       4.53987520000000025E-004   7.6974408492875392
  8.00000000000000017E-003  0.55000000000000004       4.24432559999999963E-004   7.7647574340918801
  8.00000000000000017E-003  0.55400000000000005       3.97953560000000029E-004   7.8291752429049613
  8.00000000000000017E-003  0.55800000000000005       3.72730339999999987E-004   7.8946553488358129
  8.00000000000000017E-003  0.56200000000000006       3.41520519999999978E-004   7.9821027929109016
  8.00000000000000017E-003  0.56599999999999995       3.12068320000000003E-004   8.0722884197672027
  8.00000000000000017E-003  0.56999999999999995       2.88785740000000032E-004   8.1498255288959758
  8.00000000000000017E-003  0.57399999999999995       2.59680239999999997E-004   8.2560595299840021
  8.00000000000000017E-003  0.57799999999999996       2.37514499999999984E-004   8.3452818837216363
  8.00000000000000017E-003  0.58199999999999996       2.18886519999999987E-004   8.4269571359620468
  8.00000000000000017E-003  0.58599999999999997       1.99368619999999995E-004   8.5203550849371759
  8.00000000000000017E-003  0.58999999999999997       1.83736260000000009E-004   8.6020091981773597
  8.00000000000000017E-003  0.59399999999999997       1.63623080000000008E-004   8.7179450679512609
  8.00000000000000017E-003  0.59799999999999998       1.47225980000000002E-004   8.8235418726776143
  8.00000000000000017E-003  0.60199999999999998       1.29226779999999999E-004   8.9539417125525844
  8.00000000000000017E-003  0.60599999999999998       1.15412699999999994E-004   9.0669961579524845
  8.00000000000000017E-003  0.60999999999999999       1.06405440000000012E-004   9.1482538545441638
  8.00000000000000017E-003  0.61399999999999999       9.53330600000000078E-005   9.2581339029495080
  8.00000000000000017E-003  0.61799999999999999       8.37562200000000043E-005   9.3876001213601619
  8.00000000000000017E-003  0.62200000000000000       7.20005600000000003E-005   9.5388366612006870
  8.00000000000000017E-003  0.62600000000000000       6.15337000000000035E-005   9.6959255657514838
  8.00000000000000017E-003  0.63000000000000000       5.07417200000000038E-005   9.8887621060625879
  8.00000000000000017E-003  0.63400000000000001       4.55073199999999985E-005   9.9976373658261490
  8.00000000000000017E-003  0.63800000000000001       3.95510399999999973E-005   10.137918568268274
  8.00000000000000017E-003  0.64200000000000002       3.28627999999999998E-005   10.323169239003576
  8.00000000000000017E-003  0.64600000000000002       2.77413399999999976E-005   10.492586838548524
  8.00000000000000017E-003  0.65000000000000002       2.20960600000000007E-005   10.720111245877419
  8.00000000000000017E-003  0.65400000000000003       1.79689600000000008E-005   10.926864733078421
  8.00000000000000017E-003  0.65800000000000003       1.49326199999999997E-005   11.111962476209507
  8.00000000000000017E-003  0.66200000000000003       1.14792199999999998E-005   11.374972113632040
  8.00000000000000017E-003  0.66600000000000004       9.35045999999999856E-006   11.580085018012891
  8.00000000000000017E-003  0.67000000000000004       7.68677999999999927E-006   11.776008587754458
  8.00000000000000017E-003  0.67400000000000004       6.10258000000000011E-006   12.006798925383823
  8.00000000000000017E-003  0.67800000000000005       4.48233999999999968E-006   12.315365326471165
  8.00000000000000017E-003  0.68200000000000005       3.60352000000000044E-006   12.533599412437750
  8.00000000000000017E-003  0.68600000000000005       2.88530000000000014E-006   12.755881677275212
  8.00000000000000017E-003  0.68999999999999995       2.18398000000000005E-006   13.034361657632703
  8.00000000000000017E-003  0.69399999999999995       1.91964000000000006E-006   13.163372889504906
  8.00000000000000017E-003  0.69799999999999995       1.42419999999999985E-006   13.461900305398387
  8.00000000000000017E-003  0.70199999999999996       8.94319999999999977E-007   13.927202183984340
  8.00000000000000017E-003  0.70599999999999996       4.96819999999999971E-007   14.515038049488506
  8.00000000000000017E-003  0.70999999999999996       3.68579999999999982E-007   14.813608052542520
  8.00000000000000017E-003  0.71399999999999997       2.62839999999999990E-007   15.151720354916744
  8.00000000000000017E-003  0.71799999999999997       2.17780000000000009E-007   15.339780458028496
  8.00000000000000017E-003  0.72199999999999998       1.67140000000000000E-007   15.604434052373120
  8.00000000000000017E-003  0.72599999999999998       8.89600000000000104E-008   16.235079006444138
  8.00000000000000017E-003  0.72999999999999998       5.65800000000000011E-008   16.687610271072991
  8.00000000000000017E-003  0.73399999999999999        0.0000000000000000                      +Infinity
  8.00000000000000017E-003  0.73799999999999999        0.0000000000000000                      +Infinity
  8.00000000000000017E-003  0.74199999999999999        0.0000000000000000                      +Infinity
  8.00000000000000017E-003  0.74600000000000000        0.0000000000000000                      +Infinity
  8.00000000000000017E-003  0.75000000000000000        0.0000000000000000                      +Infinity
  8.00000000000000017E-003  0.75400000000000000        0.0000000000000000                      +Infinity
  8.00000000000000017E-003  0.75800000000000001        0.0000000000000000                      +Infinity
  8.00000000000000017E-003  0.76200000000000001        0.0000000000000000                      +Infinity
  8.00000000000000017E-003  0.76600000000000001        0.0000000000000000                      +Infinity
  8.00000000000000017E-003  0.77000000000000002        0.0000000000000000                      +Infinity
  8.00000000000000017E-003  0.77400000000000002        0.0000000000000000                      +Infinity
  8.00000000000000017E-003  0.77800000000000002        0.0000000000000000                      +Infinity
  8.00000000000000017E-003  0.78200000000000003        0.0000000000000000                      +Infinity
  8.00000000000000017E-003  0.78600000000000003        0.0000000000000000                      +Infinity
  8.00000000000000017E-003  0.79000000000000004        0.0000000000000000                      +Infinity
  8.00000000000000017E-003  0.79400000000000004        0.0000000000000000                      +Infinity
  8.00000000000000017E-003  0.79800000000000004        0.0000000000000000                      +Infinity
  8.00000000000000017E-003  0.80200000000000005        0.0000000000000000                      +Infinity
  8.00000000000000017E-003  0.80600000000000005        0.0000000000000000                      +Infinity
  8.00000000000000017E-003  0.81000000000000005        0.0000000000000000                      +Infinity
  8.00000000000000017E-003  0.81399999999999995        0.0000000000000000                      +Infinity
  8.00000000000000017E-003  0.81799999999999995        0.0000000000000000                      +Infinity
  8.00000000000000017E-003  0.82199999999999995        0.0000000000000000                      +Infinity
  8.00000000000000017E-003  0.82599999999999996        0.0000000000000000                      +Infinity
  8.00000000000000017E-003  0.82999999999999996        0.0000000000000000                      +Infinity
  8.00000000000000017E-003  0.83399999999999996        0.0000000000000000                      +Infinity
  8.00000000000000017E-003  0.83799999999999997        0.0000000000000000                      +Infinity
  8.00000000000000017E-003  0.84199999999999997        0.0000000000000000                      +Infinity
  8.00000000000000017E-003  0.84599999999999997        0.0000000000000000                      +Infinity
  8.00000000000000017E-003  0.84999999999999998        0.0000000000000000                      +Infinity
  8.00000000000000017E-003  0.85399999999999998        0.0000000000000000                      +Infinity
  8.00000000000000017E-003  0.85799999999999998        0.0000000000000000                      +Infinity
  8.00000000000000017E-003  0.86199999999999999        0.0000000000000000                      +Infinity
  8.00000000000000017E-003  0.86599999999999999        0.0000000000000000                      +Infinity
  8.00000000000000017E-003  0.87000000000000000        0.0000000000000000                      +Infinity
  8.00000000000000017E-003  0.87400000000000000        0.0000000000000000                      +Infinity
  8.00000000000000017E-003  0.87800000000000000        0.0000000000000000                      +Infinity
  8.00000000000000017E-003  0.88200000000000001        0.0000000000000000                      +Infinity
  8.00000000000000017E-003  0.88600000000000001        0.0000000000000000                      +Infinity
  8.00000000000000017E-003  0.89000000000000001        0.0000000000000000                      +Infinity
  8.00000000000000017E-003  0.89400000000000002        0.0000000000000000                      +Infinity
  8.00000000000000017E-003  0.89800000000000002        0.0000000000000000                      +Infinity
  8.00000000000000017E-003  0.90200000000000002        0.0000000000000000                      +Infinity
  8.00000000000000017E-003  0.90600000000000003        0.0000000000000000                      +Infinity
  8.00000000000000017E-003  0.91000000000000003        0.0000000000000000                      +Infinity
  8.00000000000000017E-003  0.91400000000000003        0.0000000000000000                      +Infinity
  8.00000000000000017E-003  0.91800000000000004        0.0000000000000000                      +Infinity
  8.00000000000000017E-003  0.92200000000000004        0.0000000000000000                      +Infinity
  8.00000000000000017E-003  0.92600000000000005        0.0000000000000000                      +Infinity
  8.00000000000000017E-003  0.93000000000000005        0.0000000000000000                      +Infinity
  8.00000000000000017E-003  0.93400000000000005        0.0000000000000000                      +Infinity
  8.00000000000000017E-003  0.93799999999999994        0.0000000000000000                      +Infinity
  8.00000000000000017E-003  0.94199999999999995        0.0000000000000000                      +Infinity
  8.00000000000000017E-003  0.94599999999999995        0.0000000000000000                      +Infinity
  8.00000000000000017E-003  0.94999999999999996        0.0000000000000000                      +Infinity
  8.00000000000000017E-003  0.95399999999999996        0.0000000000000000                      +Infinity
  8.00000000000000017E-003  0.95799999999999996        0.0000000000000000                      +Infinity
  8.00000000000000017E-003  0.96199999999999997        0.0000000000000000                      +Infinity
  8.00000000000000017E-003  0.96599999999999997        0.0000000000000000                      +Infinity
  8.00000000000000017E-003  0.96999999999999997        0.0000000000000000                      +Infinity
  8.00000000000000017E-003  0.97399999999999998        0.0000000000000000                      +Infinity
  8.00000000000000017E-003  0.97799999999999998        0.0000000000000000                      +Infinity
  8.00000000000000017E-003  0.98199999999999998        0.0000000000000000                      +Infinity
  8.00000000000000017E-003  0.98599999999999999        0.0000000000000000                      +Infinity
  8.00000000000000017E-003  0.98999999999999999        0.0000000000000000                      +Infinity
  8.00000000000000017E-003  0.99399999999999999        0.0000000000000000                      +Infinity
  8.00000000000000017E-003  0.99800000000000000        0.0000000000000000                      +Infinity
