  8.79999999999999949E-002 -0.99800000000000000        0.0000000000000000                      +Infinity
  8.79999999999999949E-002 -0.99399999999999999        0.0000000000000000                      +Infinity
  8.79999999999999949E-002 -0.98999999999999999        0.0000000000000000                      +Infinity
  8.79999999999999949E-002 -0.98599999999999999        0.0000000000000000                      +Infinity
  8.79999999999999949E-002 -0.98199999999999998        0.0000000000000000                      +Infinity
  8.79999999999999949E-002 -0.97799999999999998        0.0000000000000000                      +Infinity
  8.79999999999999949E-002 -0.97399999999999998        0.0000000000000000                      +Infinity
  8.79999999999999949E-002 -0.96999999999999997        0.0000000000000000                      +Infinity
  8.79999999999999949E-002 -0.96599999999999997        0.0000000000000000                      +Infinity
  8.79999999999999949E-002 -0.96199999999999997        0.0000000000000000                      +Infinity
  8.79999999999999949E-002 -0.95799999999999996        0.0000000000000000                      +Infinity
  8.79999999999999949E-002 -0.95399999999999996        0.0000000000000000                      +Infinity
  8.79999999999999949E-002 -0.94999999999999996        0.0000000000000000                      +Infinity
  8.79999999999999949E-002 -0.94599999999999995        0.0000000000000000                      +Infinity
  8.79999999999999949E-002 -0.94199999999999995        0.0000000000000000                      +Infinity
  8.79999999999999949E-002 -0.93799999999999994        0.0000000000000000                      +Infinity
  8.79999999999999949E-002 -0.93400000000000005        0.0000000000000000                      +Infinity
  8.79999999999999949E-002 -0.93000000000000005        0.0000000000000000                      +Infinity
  8.79999999999999949E-002 -0.92600000000000005        0.0000000000000000                      +Infinity
  8.79999999999999949E-002 -0.92200000000000004        0.0000000000000000                      +Infinity
  8.79999999999999949E-002 -0.91800000000000004        0.0000000000000000                      +Infinity
  8.79999999999999949E-002 -0.91400000000000003        0.0000000000000000                      +Infinity
  8.79999999999999949E-002 -0.91000000000000003        0.0000000000000000                      +Infinity
  8.79999999999999949E-002 -0.90600000000000003        0.0000000000000000                      +Infinity
  8.79999999999999949E-002 -0.90200000000000002        0.0000000000000000                      +Infinity
  8.79999999999999949E-002 -0.89800000000000002        0.0000000000000000                      +Infinity
  8.79999999999999949E-002 -0.89400000000000002        0.0000000000000000                      +Infinity
  8.79999999999999949E-002 -0.89000000000000001        0.0000000000000000                      +Infinity
  8.79999999999999949E-002 -0.88600000000000001        0.0000000000000000                      +Infinity
  8.79999999999999949E-002 -0.88200000000000001        0.0000000000000000                      +Infinity
  8.79999999999999949E-002 -0.87800000000000000        0.0000000000000000                      +Infinity
  8.79999999999999949E-002 -0.87400000000000000        0.0000000000000000                      +Infinity
  8.79999999999999949E-002 -0.87000000000000000        0.0000000000000000                      +Infinity
  8.79999999999999949E-002 -0.86599999999999999        0.0000000000000000                      +Infinity
  8.79999999999999949E-002 -0.86199999999999999        0.0000000000000000                      +Infinity
  8.79999999999999949E-002 -0.85799999999999998        0.0000000000000000                      +Infinity
  8.79999999999999949E-002 -0.85399999999999998        0.0000000000000000                      +Infinity
  8.79999999999999949E-002 -0.84999999999999998        0.0000000000000000                      +Infinity
  8.79999999999999949E-002 -0.84599999999999997        0.0000000000000000                      +Infinity
  8.79999999999999949E-002 -0.84199999999999997        0.0000000000000000                      +Infinity
  8.79999999999999949E-002 -0.83799999999999997        0.0000000000000000                      +Infinity
  8.79999999999999949E-002 -0.83399999999999996        0.0000000000000000                      +Infinity
  8.79999999999999949E-002 -0.82999999999999996        0.0000000000000000                      +Infinity
  8.79999999999999949E-002 -0.82599999999999996        0.0000000000000000                      +Infinity
  8.79999999999999949E-002 -0.82199999999999995        0.0000000000000000                      +Infinity
  8.79999999999999949E-002 -0.81799999999999995        0.0000000000000000                      +Infinity
  8.79999999999999949E-002 -0.81399999999999995        0.0000000000000000                      +Infinity
  8.79999999999999949E-002 -0.81000000000000005        0.0000000000000000                      +Infinity
  8.79999999999999949E-002 -0.80600000000000005        0.0000000000000000                      +Infinity
  8.79999999999999949E-002 -0.80200000000000005        0.0000000000000000                      +Infinity
  8.79999999999999949E-002 -0.79800000000000004        0.0000000000000000                      +Infinity
  8.79999999999999949E-002 -0.79400000000000004        0.0000000000000000                      +Infinity
  8.79999999999999949E-002 -0.79000000000000004        0.0000000000000000                      +Infinity
  8.79999999999999949E-002 -0.78600000000000003        0.0000000000000000                      +Infinity
  8.79999999999999949E-002 -0.78200000000000003        0.0000000000000000                      +Infinity
  8.79999999999999949E-002 -0.77800000000000002        0.0000000000000000                      +Infinity
  8.79999999999999949E-002 -0.77400000000000002        0.0000000000000000                      +Infinity
  8.79999999999999949E-002 -0.77000000000000002        0.0000000000000000                      +Infinity
  8.79999999999999949E-002 -0.76600000000000001        0.0000000000000000                      +Infinity
  8.79999999999999949E-002 -0.76200000000000001        0.0000000000000000                      +Infinity
  8.79999999999999949E-002 -0.75800000000000001        0.0000000000000000                      +Infinity
  8.79999999999999949E-002 -0.75400000000000000        0.0000000000000000                      +Infinity
  8.79999999999999949E-002 -0.75000000000000000        0.0000000000000000                      +Infinity
  8.79999999999999949E-002 -0.74600000000000000        0.0000000000000000                      +Infinity
  8.79999999999999949E-002 -0.74199999999999999        0.0000000000000000                      +Infinity
  8.79999999999999949E-002 -0.73799999999999999        0.0000000000000000                      +Infinity
  8.79999999999999949E-002 -0.73399999999999999        0.0000000000000000                      +Infinity
  8.79999999999999949E-002 -0.72999999999999998        0.0000000000000000                      +Infinity
  8.79999999999999949E-002 -0.72599999999999998        0.0000000000000000                      +Infinity
  8.79999999999999949E-002 -0.72199999999999998        0.0000000000000000                      +Infinity
  8.79999999999999949E-002 -0.71799999999999997        0.0000000000000000                      +Infinity
  8.79999999999999949E-002 -0.71399999999999997        0.0000000000000000                      +Infinity
  8.79999999999999949E-002 -0.70999999999999996        0.0000000000000000                      +Infinity
  8.79999999999999949E-002 -0.70599999999999996        0.0000000000000000                      +Infinity
  8.79999999999999949E-002 -0.70199999999999996        0.0000000000000000                      +Infinity
  8.79999999999999949E-002 -0.69799999999999995        0.0000000000000000                      +Infinity
  8.79999999999999949E-002 -0.69399999999999995        0.0000000000000000                      +Infinity
  8.79999999999999949E-002 -0.68999999999999995        0.0000000000000000                      +Infinity
  8.79999999999999949E-002 -0.68600000000000005        0.0000000000000000                      +Infinity
  8.79999999999999949E-002 -0.68200000000000005        0.0000000000000000                      +Infinity
  8.79999999999999949E-002 -0.67800000000000005        0.0000000000000000                      +Infinity
  8.79999999999999949E-002 -0.67400000000000004        0.0000000000000000                      +Infinity
  8.79999999999999949E-002 -0.67000000000000004        0.0000000000000000                      +Infinity
  8.79999999999999949E-002 -0.66600000000000004        0.0000000000000000                      +Infinity
  8.79999999999999949E-002 -0.66200000000000003        0.0000000000000000                      +Infinity
  8.79999999999999949E-002 -0.65800000000000003        0.0000000000000000                      +Infinity
  8.79999999999999949E-002 -0.65400000000000003        0.0000000000000000                      +Infinity
  8.79999999999999949E-002 -0.65000000000000002        0.0000000000000000                      +Infinity
  8.79999999999999949E-002 -0.64600000000000002        0.0000000000000000                      +Infinity
  8.79999999999999949E-002 -0.64200000000000002        0.0000000000000000                      +Infinity
  8.79999999999999949E-002 -0.63800000000000001        0.0000000000000000                      +Infinity
  8.79999999999999949E-002 -0.63400000000000001        0.0000000000000000                      +Infinity
  8.79999999999999949E-002 -0.63000000000000000        0.0000000000000000                      +Infinity
  8.79999999999999949E-002 -0.62600000000000000        0.0000000000000000                      +Infinity
  8.79999999999999949E-002 -0.62200000000000000        0.0000000000000000                      +Infinity
  8.79999999999999949E-002 -0.61799999999999999        0.0000000000000000                      +Infinity
  8.79999999999999949E-002 -0.61399999999999999        0.0000000000000000                      +Infinity
  8.79999999999999949E-002 -0.60999999999999999        0.0000000000000000                      +Infinity
  8.79999999999999949E-002 -0.60599999999999998        0.0000000000000000                      +Infinity
  8.79999999999999949E-002 -0.60199999999999998        0.0000000000000000                      +Infinity
  8.79999999999999949E-002 -0.59799999999999998        0.0000000000000000                      +Infinity
  8.79999999999999949E-002 -0.59399999999999997        0.0000000000000000                      +Infinity
  8.79999999999999949E-002 -0.58999999999999997        0.0000000000000000                      +Infinity
  8.79999999999999949E-002 -0.58599999999999997        0.0000000000000000                      +Infinity
  8.79999999999999949E-002 -0.58199999999999996        0.0000000000000000                      +Infinity
  8.79999999999999949E-002 -0.57799999999999996        0.0000000000000000                      +Infinity
  8.79999999999999949E-002 -0.57399999999999995        0.0000000000000000                      +Infinity
  8.79999999999999949E-002 -0.56999999999999995        0.0000000000000000                      +Infinity
  8.79999999999999949E-002 -0.56599999999999995        0.0000000000000000                      +Infinity
  8.79999999999999949E-002 -0.56200000000000006        0.0000000000000000                      +Infinity
  8.79999999999999949E-002 -0.55800000000000005        0.0000000000000000                      +Infinity
  8.79999999999999949E-002 -0.55400000000000005        0.0000000000000000                      +Infinity
  8.79999999999999949E-002 -0.55000000000000004        0.0000000000000000                      +Infinity
  8.79999999999999949E-002 -0.54600000000000004        0.0000000000000000                      +Infinity
  8.79999999999999949E-002 -0.54200000000000004        0.0000000000000000                      +Infinity
  8.79999999999999949E-002 -0.53800000000000003        0.0000000000000000                      +Infinity
  8.79999999999999949E-002 -0.53400000000000003        0.0000000000000000                      +Infinity
  8.79999999999999949E-002 -0.53000000000000003        0.0000000000000000                      +Infinity
  8.79999999999999949E-002 -0.52600000000000002        0.0000000000000000                      +Infinity
  8.79999999999999949E-002 -0.52200000000000002        0.0000000000000000                      +Infinity
  8.79999999999999949E-002 -0.51800000000000002        0.0000000000000000                      +Infinity
  8.79999999999999949E-002 -0.51400000000000001        0.0000000000000000                      +Infinity
  8.79999999999999949E-002 -0.51000000000000001        0.0000000000000000                      +Infinity
  8.79999999999999949E-002 -0.50600000000000001        0.0000000000000000                      +Infinity
  8.79999999999999949E-002 -0.50200000000000000        0.0000000000000000                      +Infinity
  8.79999999999999949E-002 -0.49800000000000000        0.0000000000000000                      +Infinity
  8.79999999999999949E-002 -0.49399999999999999        0.0000000000000000                      +Infinity
  8.79999999999999949E-002 -0.48999999999999999        0.0000000000000000                      +Infinity
  8.79999999999999949E-002 -0.48599999999999999        0.0000000000000000                      +Infinity
  8.79999999999999949E-002 -0.48199999999999998        0.0000000000000000                      +Infinity
  8.79999999999999949E-002 -0.47799999999999998        0.0000000000000000                      +Infinity
  8.79999999999999949E-002 -0.47399999999999998        0.0000000000000000                      +Infinity
  8.79999999999999949E-002 -0.46999999999999997        0.0000000000000000                      +Infinity
  8.79999999999999949E-002 -0.46600000000000003        0.0000000000000000                      +Infinity
  8.79999999999999949E-002 -0.46200000000000002        0.0000000000000000                      +Infinity
  8.79999999999999949E-002 -0.45800000000000002        0.0000000000000000                      +Infinity
  8.79999999999999949E-002 -0.45400000000000001        0.0000000000000000                      +Infinity
  8.79999999999999949E-002 -0.45000000000000001        0.0000000000000000                      +Infinity
  8.79999999999999949E-002 -0.44600000000000001        0.0000000000000000                      +Infinity
  8.79999999999999949E-002 -0.44200000000000000        0.0000000000000000                      +Infinity
  8.79999999999999949E-002 -0.43800000000000000        0.0000000000000000                      +Infinity
  8.79999999999999949E-002 -0.43400000000000000        0.0000000000000000                      +Infinity
  8.79999999999999949E-002 -0.42999999999999999        0.0000000000000000                      +Infinity
  8.79999999999999949E-002 -0.42599999999999999        0.0000000000000000                      +Infinity
  8.79999999999999949E-002 -0.42199999999999999        0.0000000000000000                      +Infinity
  8.79999999999999949E-002 -0.41799999999999998        0.0000000000000000                      +Infinity
  8.79999999999999949E-002 -0.41399999999999998        0.0000000000000000                      +Infinity
  8.79999999999999949E-002 -0.40999999999999998        0.0000000000000000                      +Infinity
  8.79999999999999949E-002 -0.40600000000000003        0.0000000000000000                      +Infinity
  8.79999999999999949E-002 -0.40200000000000002        0.0000000000000000                      +Infinity
  8.79999999999999949E-002 -0.39800000000000002        0.0000000000000000                      +Infinity
  8.79999999999999949E-002 -0.39400000000000002        0.0000000000000000                      +Infinity
  8.79999999999999949E-002 -0.39000000000000001        0.0000000000000000                      +Infinity
  8.79999999999999949E-002 -0.38600000000000001        0.0000000000000000                      +Infinity
  8.79999999999999949E-002 -0.38200000000000001        0.0000000000000000                      +Infinity
  8.79999999999999949E-002 -0.37800000000000000        0.0000000000000000                      +Infinity
  8.79999999999999949E-002 -0.37400000000000000        0.0000000000000000                      +Infinity
  8.79999999999999949E-002 -0.37000000000000000        0.0000000000000000                      +Infinity
  8.79999999999999949E-002 -0.36599999999999999        0.0000000000000000                      +Infinity
  8.79999999999999949E-002 -0.36199999999999999        0.0000000000000000                      +Infinity
  8.79999999999999949E-002 -0.35799999999999998        0.0000000000000000                      +Infinity
  8.79999999999999949E-002 -0.35399999999999998       2.69800000000000007E-008   17.428169986166800
  8.79999999999999949E-002 -0.34999999999999998       6.15999999999999957E-008   16.602603966406939
  8.79999999999999949E-002 -0.34599999999999997       5.53200000000000017E-008   16.710131330149853
  8.79999999999999949E-002 -0.34200000000000003       8.11200000000000011E-008   16.327336297103539
  8.79999999999999949E-002 -0.33800000000000002       1.32539999999999994E-007   15.836381350286331
  8.79999999999999949E-002 -0.33400000000000002       2.34799999999999985E-007   15.264531748992470
  8.79999999999999949E-002 -0.33000000000000002       3.04180000000000015E-007   15.005646205502188
  8.79999999999999949E-002 -0.32600000000000001       3.17080000000000031E-007   14.964111728977455
  8.79999999999999949E-002 -0.32200000000000001       2.71799999999999985E-007   15.118199335229368
  8.79999999999999949E-002 -0.31800000000000000       3.35519999999999976E-007   14.907584269792801
  8.79999999999999949E-002 -0.31400000000000000       6.43319999999999966E-007   14.256623569318965
  8.79999999999999949E-002 -0.31000000000000000       1.24525999999999992E-006   13.596166214509303
  8.79999999999999949E-002 -0.30599999999999999       1.66203999999999997E-006   13.307464794431944
  8.79999999999999949E-002 -0.30199999999999999       2.08075999999999979E-006   13.082777346372366
  8.79999999999999949E-002 -0.29799999999999999       3.07912000000000001E-006   12.690866716088609
  8.79999999999999949E-002 -0.29399999999999998       4.46141999999999988E-006   12.320043456956032
  8.79999999999999949E-002 -0.28999999999999998       5.62865999999999974E-006   12.087639154798900
  8.79999999999999949E-002 -0.28599999999999998       6.41028000000000057E-006   11.957607606238446
  8.79999999999999949E-002 -0.28199999999999997       8.14952000000000020E-006   11.717551528151445
  8.79999999999999949E-002 -0.27800000000000002       1.06140599999999995E-005   11.453331020663299
  8.79999999999999949E-002 -0.27400000000000002       1.36510999999999988E-005   11.201690453499603
  8.79999999999999949E-002 -0.27000000000000002       1.71971199999999998E-005   10.970768630025285
  8.79999999999999949E-002 -0.26600000000000001       1.95274800000000009E-005   10.843687853659128
  8.79999999999999949E-002 -0.26200000000000001       2.44790599999999980E-005   10.617692499750207
  8.79999999999999949E-002 -0.25800000000000001       3.06653200000000007E-005   10.392378183591028
  8.79999999999999949E-002 -0.25400000000000000       3.82967599999999996E-005   10.170145260656319
  8.79999999999999949E-002 -0.25000000000000000       4.64104200000000001E-005   9.9779865549783828
  8.79999999999999949E-002 -0.24600000000000000       5.46907400000000042E-005   9.8138161498871135
  8.79999999999999949E-002 -0.24199999999999999       6.66174799999999956E-005   9.6165435523927147
  8.79999999999999949E-002 -0.23799999999999999       8.10133600000000032E-005   9.4208964786210512
  8.79999999999999949E-002 -0.23400000000000001       9.75225000000000001E-005   9.2354274373528273
  8.79999999999999949E-002 -0.23000000000000001       1.18242880000000005E-004   9.0427697438215020
  8.79999999999999949E-002 -0.22600000000000001       1.42663640000000003E-004   8.8550208662288981
  8.79999999999999949E-002 -0.22200000000000000       1.73106279999999985E-004   8.6616048168330355
  8.79999999999999949E-002 -0.21800000000000000       2.06301859999999995E-004   8.4861701219315897
  8.79999999999999949E-002 -0.21400000000000000       2.42575239999999991E-004   8.3241986276686735
  8.79999999999999949E-002 -0.20999999999999999       2.90302680000000034E-004   8.1445864551471612
  8.79999999999999949E-002 -0.20599999999999999       3.42582140000000004E-004   7.9789991041978503
  8.79999999999999949E-002 -0.20200000000000001       4.08128859999999985E-004   7.8039276000916269
  8.79999999999999949E-002 -0.19800000000000001       4.80226139999999975E-004   7.6412534400068761
  8.79999999999999949E-002 -0.19400000000000001       5.62268019999999911E-004   7.4835319178385218
  8.79999999999999949E-002 -0.19000000000000000       6.50610879999999987E-004   7.3375988210399514
  8.79999999999999949E-002 -0.18600000000000000       7.59301620000000003E-004   7.1831114682033084
  8.79999999999999949E-002 -0.18200000000000000       8.74408939999999951E-004   7.0419623970005061
  8.79999999999999949E-002 -0.17799999999999999       1.01633575999999994E-003   6.8915515119788919
  8.79999999999999949E-002 -0.17399999999999999       1.17135424000000001E-003   6.7495947294390479
  8.79999999999999949E-002 -0.17000000000000001       1.33667446000000005E-003   6.6175704959248254
  8.79999999999999949E-002 -0.16600000000000001       1.51294451999999988E-003   6.4936975137180326
  8.79999999999999949E-002 -0.16200000000000001       1.71667890000000022E-003   6.3673637267864009
  8.79999999999999949E-002 -0.15800000000000000       1.93977946000000010E-003   6.2451809927813793
  8.79999999999999949E-002 -0.15400000000000000       2.19655391999999975E-003   6.1208655467049651
  8.79999999999999949E-002 -0.14999999999999999       2.48310540000000034E-003   5.9982453247062004
  8.79999999999999949E-002 -0.14599999999999999       2.78139560000000008E-003   5.8848024628581692
  8.79999999999999949E-002 -0.14199999999999999       3.09858272000000006E-003   5.7768104591296963
  8.79999999999999949E-002 -0.13800000000000001       3.46897662000000004E-003   5.6638956507116722
  8.79999999999999949E-002 -0.13400000000000001       3.86688175999999953E-003   5.5553068434988777
  8.79999999999999949E-002 -0.13000000000000000       4.28524135999999983E-003   5.4525784017975640
  8.79999999999999949E-002 -0.12600000000000000       4.72736248000000039E-003   5.3543878472254685
  8.79999999999999949E-002 -0.12200000000000000       5.18192163999999997E-003   5.2625793185312322
  8.79999999999999949E-002 -0.11799999999999999       5.71521763999999991E-003   5.1646229002207535
  8.79999999999999949E-002 -0.11400000000000000       6.27745328000000029E-003   5.0707909094134349
  8.79999999999999949E-002 -0.11000000000000000       6.86650128000000030E-003   4.9811005775816630
  8.79999999999999949E-002 -0.10600000000000000       7.49350098000000058E-003   4.8937191700992226
  8.79999999999999949E-002 -0.10199999999999999       8.11651935999999942E-003   4.8138538669516349
  8.79999999999999949E-002 -9.80000000000000038E-002  8.77949939999999977E-003   4.7353358889059125
  8.79999999999999949E-002 -9.40000000000000002E-002  9.46988749999999949E-003   4.6596382514745658
  8.79999999999999949E-002 -8.99999999999999967E-002  1.01822562799999995E-002   4.5871086539110690
  8.79999999999999949E-002 -8.59999999999999931E-002  1.08834649600000003E-002   4.5205106176670986
  8.79999999999999949E-002 -8.20000000000000034E-002  1.16066883000000010E-002   4.4561737694406025
  8.79999999999999949E-002 -7.79999999999999999E-002  1.23491654400000005E-002   4.3941667938999940
  8.79999999999999949E-002 -7.39999999999999963E-002  1.30948235000000017E-002   4.3355382795401773
  8.79999999999999949E-002 -7.00000000000000067E-002  1.38409249800000005E-002   4.2801254972108644
  8.79999999999999949E-002 -6.60000000000000031E-002  1.45845401000000013E-002   4.2277932085559060
  8.79999999999999949E-002 -6.19999999999999996E-002  1.53371163599999982E-002   4.1774794824608765
  8.79999999999999949E-002 -5.80000000000000029E-002  1.60550268200000019E-002   4.1317332809344247
  8.79999999999999949E-002 -5.39999999999999994E-002  1.67499204399999997E-002   4.0893617705730883
  8.79999999999999949E-002 -5.00000000000000028E-002  1.74688079600000025E-002   4.0473383907074032
  8.79999999999999949E-002 -4.59999999999999992E-002  1.81259374600000016E-002   4.0104113576478966
  8.79999999999999949E-002 -4.20000000000000026E-002  1.87607012599999984E-002   3.9759909555056807
  8.79999999999999949E-002 -3.79999999999999991E-002  1.93032272200000000E-002   3.9474829835784089
  8.79999999999999949E-002 -3.40000000000000024E-002  1.98662607799999988E-002   3.9187324243245616
  8.79999999999999949E-002 -2.99999999999999989E-002  2.03805543399999990E-002   3.8931740513612061
  8.79999999999999949E-002 -2.59999999999999988E-002  2.08556163199999992E-002   3.8701319991446290
  8.79999999999999949E-002 -2.19999999999999987E-002  2.12162541000000017E-002   3.8529876882404515
  8.79999999999999949E-002 -1.79999999999999986E-002  2.15512006199999988E-002   3.8373237507592464
  8.79999999999999949E-002 -1.40000000000000003E-002  2.18343361400000005E-002   3.8242714959874582
  8.79999999999999949E-002 -1.00000000000000002E-002  2.20277692599999998E-002   3.8154513824869545
  8.79999999999999949E-002 -6.00000000000000012E-003  2.21622406599999988E-002   3.8093653093987259
  8.79999999999999949E-002 -2.00000000000000004E-003  2.22028638399999999E-002   3.8075339966221184
  8.79999999999999949E-002  2.00000000000000004E-003  2.22273288599999994E-002   3.8064327174699968
  8.79999999999999949E-002  6.00000000000000012E-003  2.21233263399999991E-002   3.8111227365991378
  8.79999999999999949E-002  1.00000000000000002E-002  2.19991173600000006E-002   3.8167529464286498
  8.79999999999999949E-002  1.40000000000000003E-002  2.18138601800000019E-002   3.8252097231413096
  8.79999999999999949E-002  1.79999999999999986E-002  2.15510653199999999E-002   3.8373300288514556
  8.79999999999999949E-002  2.19999999999999987E-002  2.12041004999999998E-002   3.8535606961960496
  8.79999999999999949E-002  2.59999999999999988E-002  2.08153837000000022E-002   3.8720629646833360
  8.79999999999999949E-002  2.99999999999999989E-002  2.03772009799999994E-002   3.8933386021310530
  8.79999999999999949E-002  3.40000000000000024E-002  1.98848036000000006E-002   3.9177994771628102
  8.79999999999999949E-002  3.79999999999999991E-002  1.93930145399999997E-002   3.9428423530132481
  8.79999999999999949E-002  4.20000000000000026E-002  1.88151544800000022E-002   3.9730926445000727
  8.79999999999999949E-002  4.59999999999999992E-002  1.81907057000000004E-002   4.0068444911628722
  8.79999999999999949E-002  5.00000000000000028E-002  1.75370760200000003E-002   4.0434380094694564
  8.79999999999999949E-002  5.39999999999999994E-002  1.68586037000000022E-002   4.0828941471570692
  8.79999999999999949E-002  5.80000000000000029E-002  1.61238403799999971E-002   4.1274563333048713
  8.79999999999999949E-002  6.19999999999999996E-002  1.54030511600000003E-002   4.1731896619144422
  8.79999999999999949E-002  6.60000000000000031E-002  1.46607227599999980E-002   4.2225832822382285
  8.79999999999999949E-002  7.00000000000000067E-002  1.39044106599999998E-002   4.2755491755097612
  8.79999999999999949E-002  7.39999999999999963E-002  1.31248009800000003E-002   4.3332516340479872
  8.79999999999999949E-002  7.79999999999999999E-002  1.23628113200000000E-002   4.3930623997416873
  8.79999999999999949E-002  8.20000000000000034E-002  1.16037719600000002E-002   4.4564250647602712
  8.79999999999999949E-002  8.59999999999999931E-002  1.08621538799999993E-002   4.5224706526497256
  8.79999999999999949E-002  8.99999999999999967E-002  1.01457532799999993E-002   4.5907000571055070
  8.79999999999999949E-002  9.40000000000000002E-002  9.42952803999999936E-003   4.6639092323697406
  8.79999999999999949E-002  9.80000000000000038E-002  8.73892433999999899E-003   4.7399681701153691
  8.79999999999999949E-002  0.10199999999999999       8.08306563999999957E-003   4.8179840675161554
  8.79999999999999949E-002  0.10600000000000000       7.46730790000000016E-003   4.8972207330123974
  8.79999999999999949E-002  0.11000000000000000       6.87952764000000078E-003   4.9792052863706271
  8.79999999999999949E-002  0.11400000000000000       6.30802606000000019E-003   5.0659324786279889
  8.79999999999999949E-002  0.11799999999999999       5.77806160000000034E-003   5.1536870158665051
  8.79999999999999949E-002  0.12200000000000000       5.25804251999999975E-003   5.2479964659821547
  8.79999999999999949E-002  0.12600000000000000       4.78183926000000023E-003   5.3429300240617676
  8.79999999999999949E-002  0.13000000000000000       4.33786017999999995E-003   5.4403740985399596
  8.79999999999999949E-002  0.13400000000000001       3.91155466000000021E-003   5.5438203727580726
  8.79999999999999949E-002  0.13800000000000001       3.52246564000000028E-003   5.6485940686747833
  8.79999999999999949E-002  0.14199999999999999       3.15296855999999985E-003   5.7594108699246851
  8.79999999999999949E-002  0.14599999999999999       2.81576841999999980E-003   5.8725200812839153
  8.79999999999999949E-002  0.14999999999999999       2.49088157999999976E-003   5.9951185829730216
  8.79999999999999949E-002  0.15400000000000000       2.21096947999999995E-003   6.1143241809108293
  8.79999999999999949E-002  0.15800000000000000       1.94294626000000013E-003   6.2435497672297524
  8.79999999999999949E-002  0.16200000000000001       1.70517146000000001E-003   6.3740896102529279
  8.79999999999999949E-002  0.16600000000000001       1.49353117999999991E-003   6.5066120433917858
  8.79999999999999949E-002  0.17000000000000001       1.30501170000000004E-003   6.6415432727304289
  8.79999999999999949E-002  0.17399999999999999       1.13796145999999995E-003   6.7785168102838158
  8.79999999999999949E-002  0.17799999999999999       9.96090260000000085E-004   6.9116726819956860
  8.79999999999999949E-002  0.18200000000000000       8.64383639999999971E-004   7.0534938599336030
  8.79999999999999949E-002  0.18600000000000000       7.43273160000000035E-004   7.2044469361275478
  8.79999999999999949E-002  0.19000000000000000       6.37040459999999964E-004   7.3586773879256810
  8.79999999999999949E-002  0.19400000000000001       5.43632259999999993E-004   7.5172375323414409
  8.79999999999999949E-002  0.19800000000000001       4.60639559999999977E-004   7.6828946862936398
  8.79999999999999949E-002  0.20200000000000001       3.91141080000000020E-004   7.8464422446438959
  8.79999999999999949E-002  0.20599999999999999       3.28094900000000002E-004   8.0222076621594791
  8.79999999999999949E-002  0.20999999999999999       2.75503399999999996E-004   8.1969105882496347
  8.79999999999999949E-002  0.21400000000000000       2.33529139999999989E-004   8.3622036920678902
  8.79999999999999949E-002  0.21800000000000000       1.94091580000000009E-004   8.5471804484314209
  8.79999999999999949E-002  0.22200000000000000       1.61852919999999991E-004   8.7288225363584093
  8.79999999999999949E-002  0.22600000000000001       1.34707500000000004E-004   8.9124047968106854
  8.79999999999999949E-002  0.23000000000000001       1.11706440000000008E-004   9.0996361991195585
  8.79999999999999949E-002  0.23400000000000001       9.10382600000000095E-005   9.3042307002469311
  8.79999999999999949E-002  0.23799999999999999       7.49177199999999973E-005   9.4991201133127543
  8.79999999999999949E-002  0.24199999999999999       6.02681200000000013E-005   9.7167072839208224
  8.79999999999999949E-002  0.24600000000000000       4.83880600000000024E-005   9.9362574688905880
  8.79999999999999949E-002  0.25000000000000000       3.95889800000000019E-005   10.136959761259973
  8.79999999999999949E-002  0.25400000000000000       3.22657400000000012E-005   10.341504571770516
  8.79999999999999949E-002  0.25800000000000001       2.46709000000000012E-005   10.609886146531899
  8.79999999999999949E-002  0.26200000000000001       2.01268199999999999E-005   10.813457303966016
  8.79999999999999949E-002  0.26600000000000001       1.52931000000000010E-005   11.088108811680282
  8.79999999999999949E-002  0.27000000000000002       1.23979599999999995E-005   11.297978615016579
  8.79999999999999949E-002  0.27400000000000002       9.75728000000000088E-006   11.537496884904726
  8.79999999999999949E-002  0.27800000000000002       7.97459999999999985E-006   11.739249067291070
  8.79999999999999949E-002  0.28199999999999997       6.06688000000000060E-006   12.012666088332738
  8.79999999999999949E-002  0.28599999999999998       4.90601999999999983E-006   12.225047535495438
  8.79999999999999949E-002  0.28999999999999998       4.14196000000000007E-006   12.394341452207961
  8.79999999999999949E-002  0.29399999999999998       3.62879999999999988E-006   12.526608542853033
  8.79999999999999949E-002  0.29799999999999999       2.37890000000000021E-006   12.948872361995191
  8.79999999999999949E-002  0.30199999999999999       1.28443999999999998E-006   13.565187732269861
  8.79999999999999949E-002  0.30599999999999999       8.36680000000000051E-007   13.993824157360692
  8.79999999999999949E-002  0.31000000000000000       7.30539999999999976E-007   14.129481850239024
  8.79999999999999949E-002  0.31400000000000000       5.75739999999999993E-007   14.367609667046041
  8.79999999999999949E-002  0.31800000000000000       4.02320000000000019E-007   14.726018045082702
  8.79999999999999949E-002  0.32200000000000001       2.93740000000000035E-007   15.040570814620695
  8.79999999999999949E-002  0.32600000000000001       1.16820000000000010E-007   15.962631548334247
  8.79999999999999949E-002  0.33000000000000002       2.98199999999999984E-008   17.328086527609820
  8.79999999999999949E-002  0.33400000000000002       4.50399999999999983E-008   16.915714853114977
  8.79999999999999949E-002  0.33800000000000002       6.13399999999999921E-008   16.606833678260305
  8.79999999999999949E-002  0.34200000000000003       4.55999999999999997E-009   19.205943213420117
  8.79999999999999949E-002  0.34599999999999997        0.0000000000000000                      +Infinity
  8.79999999999999949E-002  0.34999999999999998        0.0000000000000000                      +Infinity
  8.79999999999999949E-002  0.35399999999999998        0.0000000000000000                      +Infinity
  8.79999999999999949E-002  0.35799999999999998        0.0000000000000000                      +Infinity
  8.79999999999999949E-002  0.36199999999999999        0.0000000000000000                      +Infinity
  8.79999999999999949E-002  0.36599999999999999        0.0000000000000000                      +Infinity
  8.79999999999999949E-002  0.37000000000000000        0.0000000000000000                      +Infinity
  8.79999999999999949E-002  0.37400000000000000        0.0000000000000000                      +Infinity
  8.79999999999999949E-002  0.37800000000000000        0.0000000000000000                      +Infinity
  8.79999999999999949E-002  0.38200000000000001        0.0000000000000000                      +Infinity
  8.79999999999999949E-002  0.38600000000000001        0.0000000000000000                      +Infinity
  8.79999999999999949E-002  0.39000000000000001        0.0000000000000000                      +Infinity
  8.79999999999999949E-002  0.39400000000000002        0.0000000000000000                      +Infinity
  8.79999999999999949E-002  0.39800000000000002        0.0000000000000000                      +Infinity
  8.79999999999999949E-002  0.40200000000000002        0.0000000000000000                      +Infinity
  8.79999999999999949E-002  0.40600000000000003        0.0000000000000000                      +Infinity
  8.79999999999999949E-002  0.40999999999999998        0.0000000000000000                      +Infinity
  8.79999999999999949E-002  0.41399999999999998        0.0000000000000000                      +Infinity
  8.79999999999999949E-002  0.41799999999999998        0.0000000000000000                      +Infinity
  8.79999999999999949E-002  0.42199999999999999        0.0000000000000000                      +Infinity
  8.79999999999999949E-002  0.42599999999999999        0.0000000000000000                      +Infinity
  8.79999999999999949E-002  0.42999999999999999        0.0000000000000000                      +Infinity
  8.79999999999999949E-002  0.43400000000000000        0.0000000000000000                      +Infinity
  8.79999999999999949E-002  0.43800000000000000        0.0000000000000000                      +Infinity
  8.79999999999999949E-002  0.44200000000000000        0.0000000000000000                      +Infinity
  8.79999999999999949E-002  0.44600000000000001        0.0000000000000000                      +Infinity
  8.79999999999999949E-002  0.45000000000000001        0.0000000000000000                      +Infinity
  8.79999999999999949E-002  0.45400000000000001        0.0000000000000000                      +Infinity
  8.79999999999999949E-002  0.45800000000000002        0.0000000000000000                      +Infinity
  8.79999999999999949E-002  0.46200000000000002        0.0000000000000000                      +Infinity
  8.79999999999999949E-002  0.46600000000000003        0.0000000000000000                      +Infinity
  8.79999999999999949E-002  0.46999999999999997        0.0000000000000000                      +Infinity
  8.79999999999999949E-002  0.47399999999999998        0.0000000000000000                      +Infinity
  8.79999999999999949E-002  0.47799999999999998        0.0000000000000000                      +Infinity
  8.79999999999999949E-002  0.48199999999999998        0.0000000000000000                      +Infinity
  8.79999999999999949E-002  0.48599999999999999        0.0000000000000000                      +Infinity
  8.79999999999999949E-002  0.48999999999999999        0.0000000000000000                      +Infinity
  8.79999999999999949E-002  0.49399999999999999        0.0000000000000000                      +Infinity
  8.79999999999999949E-002  0.49800000000000000        0.0000000000000000                      +Infinity
  8.79999999999999949E-002  0.50200000000000000        0.0000000000000000                      +Infinity
  8.79999999999999949E-002  0.50600000000000001        0.0000000000000000                      +Infinity
  8.79999999999999949E-002  0.51000000000000001        0.0000000000000000                      +Infinity
  8.79999999999999949E-002  0.51400000000000001        0.0000000000000000                      +Infinity
  8.79999999999999949E-002  0.51800000000000002        0.0000000000000000                      +Infinity
  8.79999999999999949E-002  0.52200000000000002        0.0000000000000000                      +Infinity
  8.79999999999999949E-002  0.52600000000000002        0.0000000000000000                      +Infinity
  8.79999999999999949E-002  0.53000000000000003        0.0000000000000000                      +Infinity
  8.79999999999999949E-002  0.53400000000000003        0.0000000000000000                      +Infinity
  8.79999999999999949E-002  0.53800000000000003        0.0000000000000000                      +Infinity
  8.79999999999999949E-002  0.54200000000000004        0.0000000000000000                      +Infinity
  8.79999999999999949E-002  0.54600000000000004        0.0000000000000000                      +Infinity
  8.79999999999999949E-002  0.55000000000000004        0.0000000000000000                      +Infinity
  8.79999999999999949E-002  0.55400000000000005        0.0000000000000000                      +Infinity
  8.79999999999999949E-002  0.55800000000000005        0.0000000000000000                      +Infinity
  8.79999999999999949E-002  0.56200000000000006        0.0000000000000000                      +Infinity
  8.79999999999999949E-002  0.56599999999999995        0.0000000000000000                      +Infinity
  8.79999999999999949E-002  0.56999999999999995        0.0000000000000000                      +Infinity
  8.79999999999999949E-002  0.57399999999999995        0.0000000000000000                      +Infinity
  8.79999999999999949E-002  0.57799999999999996        0.0000000000000000                      +Infinity
  8.79999999999999949E-002  0.58199999999999996        0.0000000000000000                      +Infinity
  8.79999999999999949E-002  0.58599999999999997        0.0000000000000000                      +Infinity
  8.79999999999999949E-002  0.58999999999999997        0.0000000000000000                      +Infinity
  8.79999999999999949E-002  0.59399999999999997        0.0000000000000000                      +Infinity
  8.79999999999999949E-002  0.59799999999999998        0.0000000000000000                      +Infinity
  8.79999999999999949E-002  0.60199999999999998        0.0000000000000000                      +Infinity
  8.79999999999999949E-002  0.60599999999999998        0.0000000000000000                      +Infinity
  8.79999999999999949E-002  0.60999999999999999        0.0000000000000000                      +Infinity
  8.79999999999999949E-002  0.61399999999999999        0.0000000000000000                      +Infinity
  8.79999999999999949E-002  0.61799999999999999        0.0000000000000000                      +Infinity
  8.79999999999999949E-002  0.62200000000000000        0.0000000000000000                      +Infinity
  8.79999999999999949E-002  0.62600000000000000        0.0000000000000000                      +Infinity
  8.79999999999999949E-002  0.63000000000000000        0.0000000000000000                      +Infinity
  8.79999999999999949E-002  0.63400000000000001        0.0000000000000000                      +Infinity
  8.79999999999999949E-002  0.63800000000000001        0.0000000000000000                      +Infinity
  8.79999999999999949E-002  0.64200000000000002        0.0000000000000000                      +Infinity
  8.79999999999999949E-002  0.64600000000000002        0.0000000000000000                      +Infinity
  8.79999999999999949E-002  0.65000000000000002        0.0000000000000000                      +Infinity
  8.79999999999999949E-002  0.65400000000000003        0.0000000000000000                      +Infinity
  8.79999999999999949E-002  0.65800000000000003        0.0000000000000000                      +Infinity
  8.79999999999999949E-002  0.66200000000000003        0.0000000000000000                      +Infinity
  8.79999999999999949E-002  0.66600000000000004        0.0000000000000000                      +Infinity
  8.79999999999999949E-002  0.67000000000000004        0.0000000000000000                      +Infinity
  8.79999999999999949E-002  0.67400000000000004        0.0000000000000000                      +Infinity
  8.79999999999999949E-002  0.67800000000000005        0.0000000000000000                      +Infinity
  8.79999999999999949E-002  0.68200000000000005        0.0000000000000000                      +Infinity
  8.79999999999999949E-002  0.68600000000000005        0.0000000000000000                      +Infinity
  8.79999999999999949E-002  0.68999999999999995        0.0000000000000000                      +Infinity
  8.79999999999999949E-002  0.69399999999999995        0.0000000000000000                      +Infinity
  8.79999999999999949E-002  0.69799999999999995        0.0000000000000000                      +Infinity
  8.79999999999999949E-002  0.70199999999999996        0.0000000000000000                      +Infinity
  8.79999999999999949E-002  0.70599999999999996        0.0000000000000000                      +Infinity
  8.79999999999999949E-002  0.70999999999999996        0.0000000000000000                      +Infinity
  8.79999999999999949E-002  0.71399999999999997        0.0000000000000000                      +Infinity
  8.79999999999999949E-002  0.71799999999999997        0.0000000000000000                      +Infinity
  8.79999999999999949E-002  0.72199999999999998        0.0000000000000000                      +Infinity
  8.79999999999999949E-002  0.72599999999999998        0.0000000000000000                      +Infinity
  8.79999999999999949E-002  0.72999999999999998        0.0000000000000000                      +Infinity
  8.79999999999999949E-002  0.73399999999999999        0.0000000000000000                      +Infinity
  8.79999999999999949E-002  0.73799999999999999        0.0000000000000000                      +Infinity
  8.79999999999999949E-002  0.74199999999999999        0.0000000000000000                      +Infinity
  8.79999999999999949E-002  0.74600000000000000        0.0000000000000000                      +Infinity
  8.79999999999999949E-002  0.75000000000000000        0.0000000000000000                      +Infinity
  8.79999999999999949E-002  0.75400000000000000        0.0000000000000000                      +Infinity
  8.79999999999999949E-002  0.75800000000000001        0.0000000000000000                      +Infinity
  8.79999999999999949E-002  0.76200000000000001        0.0000000000000000                      +Infinity
  8.79999999999999949E-002  0.76600000000000001        0.0000000000000000                      +Infinity
  8.79999999999999949E-002  0.77000000000000002        0.0000000000000000                      +Infinity
  8.79999999999999949E-002  0.77400000000000002        0.0000000000000000                      +Infinity
  8.79999999999999949E-002  0.77800000000000002        0.0000000000000000                      +Infinity
  8.79999999999999949E-002  0.78200000000000003        0.0000000000000000                      +Infinity
  8.79999999999999949E-002  0.78600000000000003        0.0000000000000000                      +Infinity
  8.79999999999999949E-002  0.79000000000000004        0.0000000000000000                      +Infinity
  8.79999999999999949E-002  0.79400000000000004        0.0000000000000000                      +Infinity
  8.79999999999999949E-002  0.79800000000000004        0.0000000000000000                      +Infinity
  8.79999999999999949E-002  0.80200000000000005        0.0000000000000000                      +Infinity
  8.79999999999999949E-002  0.80600000000000005        0.0000000000000000                      +Infinity
  8.79999999999999949E-002  0.81000000000000005        0.0000000000000000                      +Infinity
  8.79999999999999949E-002  0.81399999999999995        0.0000000000000000                      +Infinity
  8.79999999999999949E-002  0.81799999999999995        0.0000000000000000                      +Infinity
  8.79999999999999949E-002  0.82199999999999995        0.0000000000000000                      +Infinity
  8.79999999999999949E-002  0.82599999999999996        0.0000000000000000                      +Infinity
  8.79999999999999949E-002  0.82999999999999996        0.0000000000000000                      +Infinity
  8.79999999999999949E-002  0.83399999999999996        0.0000000000000000                      +Infinity
  8.79999999999999949E-002  0.83799999999999997        0.0000000000000000                      +Infinity
  8.79999999999999949E-002  0.84199999999999997        0.0000000000000000                      +Infinity
  8.79999999999999949E-002  0.84599999999999997        0.0000000000000000                      +Infinity
  8.79999999999999949E-002  0.84999999999999998        0.0000000000000000                      +Infinity
  8.79999999999999949E-002  0.85399999999999998        0.0000000000000000                      +Infinity
  8.79999999999999949E-002  0.85799999999999998        0.0000000000000000                      +Infinity
  8.79999999999999949E-002  0.86199999999999999        0.0000000000000000                      +Infinity
  8.79999999999999949E-002  0.86599999999999999        0.0000000000000000                      +Infinity
  8.79999999999999949E-002  0.87000000000000000        0.0000000000000000                      +Infinity
  8.79999999999999949E-002  0.87400000000000000        0.0000000000000000                      +Infinity
  8.79999999999999949E-002  0.87800000000000000        0.0000000000000000                      +Infinity
  8.79999999999999949E-002  0.88200000000000001        0.0000000000000000                      +Infinity
  8.79999999999999949E-002  0.88600000000000001        0.0000000000000000                      +Infinity
  8.79999999999999949E-002  0.89000000000000001        0.0000000000000000                      +Infinity
  8.79999999999999949E-002  0.89400000000000002        0.0000000000000000                      +Infinity
  8.79999999999999949E-002  0.89800000000000002        0.0000000000000000                      +Infinity
  8.79999999999999949E-002  0.90200000000000002        0.0000000000000000                      +Infinity
  8.79999999999999949E-002  0.90600000000000003        0.0000000000000000                      +Infinity
  8.79999999999999949E-002  0.91000000000000003        0.0000000000000000                      +Infinity
  8.79999999999999949E-002  0.91400000000000003        0.0000000000000000                      +Infinity
  8.79999999999999949E-002  0.91800000000000004        0.0000000000000000                      +Infinity
  8.79999999999999949E-002  0.92200000000000004        0.0000000000000000                      +Infinity
  8.79999999999999949E-002  0.92600000000000005        0.0000000000000000                      +Infinity
  8.79999999999999949E-002  0.93000000000000005        0.0000000000000000                      +Infinity
  8.79999999999999949E-002  0.93400000000000005        0.0000000000000000                      +Infinity
  8.79999999999999949E-002  0.93799999999999994        0.0000000000000000                      +Infinity
  8.79999999999999949E-002  0.94199999999999995        0.0000000000000000                      +Infinity
  8.79999999999999949E-002  0.94599999999999995        0.0000000000000000                      +Infinity
  8.79999999999999949E-002  0.94999999999999996        0.0000000000000000                      +Infinity
  8.79999999999999949E-002  0.95399999999999996        0.0000000000000000                      +Infinity
  8.79999999999999949E-002  0.95799999999999996        0.0000000000000000                      +Infinity
  8.79999999999999949E-002  0.96199999999999997        0.0000000000000000                      +Infinity
  8.79999999999999949E-002  0.96599999999999997        0.0000000000000000                      +Infinity
  8.79999999999999949E-002  0.96999999999999997        0.0000000000000000                      +Infinity
  8.79999999999999949E-002  0.97399999999999998        0.0000000000000000                      +Infinity
  8.79999999999999949E-002  0.97799999999999998        0.0000000000000000                      +Infinity
  8.79999999999999949E-002  0.98199999999999998        0.0000000000000000                      +Infinity
  8.79999999999999949E-002  0.98599999999999999        0.0000000000000000                      +Infinity
  8.79999999999999949E-002  0.98999999999999999        0.0000000000000000                      +Infinity
  8.79999999999999949E-002  0.99399999999999999        0.0000000000000000                      +Infinity
  8.79999999999999949E-002  0.99800000000000000        0.0000000000000000                      +Infinity
