  2.99999999999999989E-002 -0.99800000000000000        0.0000000000000000                      +Infinity
  2.99999999999999989E-002 -0.99399999999999999        0.0000000000000000                      +Infinity
  2.99999999999999989E-002 -0.98999999999999999        0.0000000000000000                      +Infinity
  2.99999999999999989E-002 -0.98599999999999999        0.0000000000000000                      +Infinity
  2.99999999999999989E-002 -0.98199999999999998        0.0000000000000000                      +Infinity
  2.99999999999999989E-002 -0.97799999999999998        0.0000000000000000                      +Infinity
  2.99999999999999989E-002 -0.97399999999999998        0.0000000000000000                      +Infinity
  2.99999999999999989E-002 -0.96999999999999997        0.0000000000000000                      +Infinity
  2.99999999999999989E-002 -0.96599999999999997        0.0000000000000000                      +Infinity
  2.99999999999999989E-002 -0.96199999999999997        0.0000000000000000                      +Infinity
  2.99999999999999989E-002 -0.95799999999999996        0.0000000000000000                      +Infinity
  2.99999999999999989E-002 -0.95399999999999996        0.0000000000000000                      +Infinity
  2.99999999999999989E-002 -0.94999999999999996        0.0000000000000000                      +Infinity
  2.99999999999999989E-002 -0.94599999999999995        0.0000000000000000                      +Infinity
  2.99999999999999989E-002 -0.94199999999999995        0.0000000000000000                      +Infinity
  2.99999999999999989E-002 -0.93799999999999994        0.0000000000000000                      +Infinity
  2.99999999999999989E-002 -0.93400000000000005        0.0000000000000000                      +Infinity
  2.99999999999999989E-002 -0.93000000000000005        0.0000000000000000                      +Infinity
  2.99999999999999989E-002 -0.92600000000000005        0.0000000000000000                      +Infinity
  2.99999999999999989E-002 -0.92200000000000004        0.0000000000000000                      +Infinity
  2.99999999999999989E-002 -0.91800000000000004        0.0000000000000000                      +Infinity
  2.99999999999999989E-002 -0.91400000000000003        0.0000000000000000                      +Infinity
  2.99999999999999989E-002 -0.91000000000000003        0.0000000000000000                      +Infinity
  2.99999999999999989E-002 -0.90600000000000003        0.0000000000000000                      +Infinity
  2.99999999999999989E-002 -0.90200000000000002        0.0000000000000000                      +Infinity
  2.99999999999999989E-002 -0.89800000000000002        0.0000000000000000                      +Infinity
  2.99999999999999989E-002 -0.89400000000000002        0.0000000000000000                      +Infinity
  2.99999999999999989E-002 -0.89000000000000001        0.0000000000000000                      +Infinity
  2.99999999999999989E-002 -0.88600000000000001        0.0000000000000000                      +Infinity
  2.99999999999999989E-002 -0.88200000000000001        0.0000000000000000                      +Infinity
  2.99999999999999989E-002 -0.87800000000000000        0.0000000000000000                      +Infinity
  2.99999999999999989E-002 -0.87400000000000000        0.0000000000000000                      +Infinity
  2.99999999999999989E-002 -0.87000000000000000        0.0000000000000000                      +Infinity
  2.99999999999999989E-002 -0.86599999999999999        0.0000000000000000                      +Infinity
  2.99999999999999989E-002 -0.86199999999999999        0.0000000000000000                      +Infinity
  2.99999999999999989E-002 -0.85799999999999998        0.0000000000000000                      +Infinity
  2.99999999999999989E-002 -0.85399999999999998        0.0000000000000000                      +Infinity
  2.99999999999999989E-002 -0.84999999999999998        0.0000000000000000                      +Infinity
  2.99999999999999989E-002 -0.84599999999999997        0.0000000000000000                      +Infinity
  2.99999999999999989E-002 -0.84199999999999997        0.0000000000000000                      +Infinity
  2.99999999999999989E-002 -0.83799999999999997        0.0000000000000000                      +Infinity
  2.99999999999999989E-002 -0.83399999999999996        0.0000000000000000                      +Infinity
  2.99999999999999989E-002 -0.82999999999999996        0.0000000000000000                      +Infinity
  2.99999999999999989E-002 -0.82599999999999996        0.0000000000000000                      +Infinity
  2.99999999999999989E-002 -0.82199999999999995        0.0000000000000000                      +Infinity
  2.99999999999999989E-002 -0.81799999999999995        0.0000000000000000                      +Infinity
  2.99999999999999989E-002 -0.81399999999999995        0.0000000000000000                      +Infinity
  2.99999999999999989E-002 -0.81000000000000005        0.0000000000000000                      +Infinity
  2.99999999999999989E-002 -0.80600000000000005        0.0000000000000000                      +Infinity
  2.99999999999999989E-002 -0.80200000000000005        0.0000000000000000                      +Infinity
  2.99999999999999989E-002 -0.79800000000000004        0.0000000000000000                      +Infinity
  2.99999999999999989E-002 -0.79400000000000004        0.0000000000000000                      +Infinity
  2.99999999999999989E-002 -0.79000000000000004        0.0000000000000000                      +Infinity
  2.99999999999999989E-002 -0.78600000000000003        0.0000000000000000                      +Infinity
  2.99999999999999989E-002 -0.78200000000000003        0.0000000000000000                      +Infinity
  2.99999999999999989E-002 -0.77800000000000002        0.0000000000000000                      +Infinity
  2.99999999999999989E-002 -0.77400000000000002        0.0000000000000000                      +Infinity
  2.99999999999999989E-002 -0.77000000000000002        0.0000000000000000                      +Infinity
  2.99999999999999989E-002 -0.76600000000000001        0.0000000000000000                      +Infinity
  2.99999999999999989E-002 -0.76200000000000001        0.0000000000000000                      +Infinity
  2.99999999999999989E-002 -0.75800000000000001        0.0000000000000000                      +Infinity
  2.99999999999999989E-002 -0.75400000000000000        0.0000000000000000                      +Infinity
  2.99999999999999989E-002 -0.75000000000000000        0.0000000000000000                      +Infinity
  2.99999999999999989E-002 -0.74600000000000000        0.0000000000000000                      +Infinity
  2.99999999999999989E-002 -0.74199999999999999        0.0000000000000000                      +Infinity
  2.99999999999999989E-002 -0.73799999999999999        0.0000000000000000                      +Infinity
  2.99999999999999989E-002 -0.73399999999999999        0.0000000000000000                      +Infinity
  2.99999999999999989E-002 -0.72999999999999998        0.0000000000000000                      +Infinity
  2.99999999999999989E-002 -0.72599999999999998        0.0000000000000000                      +Infinity
  2.99999999999999989E-002 -0.72199999999999998        0.0000000000000000                      +Infinity
  2.99999999999999989E-002 -0.71799999999999997        0.0000000000000000                      +Infinity
  2.99999999999999989E-002 -0.71399999999999997        0.0000000000000000                      +Infinity
  2.99999999999999989E-002 -0.70999999999999996        0.0000000000000000                      +Infinity
  2.99999999999999989E-002 -0.70599999999999996        0.0000000000000000                      +Infinity
  2.99999999999999989E-002 -0.70199999999999996        0.0000000000000000                      +Infinity
  2.99999999999999989E-002 -0.69799999999999995        0.0000000000000000                      +Infinity
  2.99999999999999989E-002 -0.69399999999999995        0.0000000000000000                      +Infinity
  2.99999999999999989E-002 -0.68999999999999995        0.0000000000000000                      +Infinity
  2.99999999999999989E-002 -0.68600000000000005        0.0000000000000000                      +Infinity
  2.99999999999999989E-002 -0.68200000000000005        0.0000000000000000                      +Infinity
  2.99999999999999989E-002 -0.67800000000000005        0.0000000000000000                      +Infinity
  2.99999999999999989E-002 -0.67400000000000004        0.0000000000000000                      +Infinity
  2.99999999999999989E-002 -0.67000000000000004        0.0000000000000000                      +Infinity
  2.99999999999999989E-002 -0.66600000000000004        0.0000000000000000                      +Infinity
  2.99999999999999989E-002 -0.66200000000000003        0.0000000000000000                      +Infinity
  2.99999999999999989E-002 -0.65800000000000003        0.0000000000000000                      +Infinity
  2.99999999999999989E-002 -0.65400000000000003        0.0000000000000000                      +Infinity
  2.99999999999999989E-002 -0.65000000000000002        0.0000000000000000                      +Infinity
  2.99999999999999989E-002 -0.64600000000000002        0.0000000000000000                      +Infinity
  2.99999999999999989E-002 -0.64200000000000002        0.0000000000000000                      +Infinity
  2.99999999999999989E-002 -0.63800000000000001        0.0000000000000000                      +Infinity
  2.99999999999999989E-002 -0.63400000000000001        0.0000000000000000                      +Infinity
  2.99999999999999989E-002 -0.63000000000000000        0.0000000000000000                      +Infinity
  2.99999999999999989E-002 -0.62600000000000000        0.0000000000000000                      +Infinity
  2.99999999999999989E-002 -0.62200000000000000        0.0000000000000000                      +Infinity
  2.99999999999999989E-002 -0.61799999999999999        0.0000000000000000                      +Infinity
  2.99999999999999989E-002 -0.61399999999999999        0.0000000000000000                      +Infinity
  2.99999999999999989E-002 -0.60999999999999999        0.0000000000000000                      +Infinity
  2.99999999999999989E-002 -0.60599999999999998        0.0000000000000000                      +Infinity
  2.99999999999999989E-002 -0.60199999999999998        0.0000000000000000                      +Infinity
  2.99999999999999989E-002 -0.59799999999999998        0.0000000000000000                      +Infinity
  2.99999999999999989E-002 -0.59399999999999997        0.0000000000000000                      +Infinity
  2.99999999999999989E-002 -0.58999999999999997        0.0000000000000000                      +Infinity
  2.99999999999999989E-002 -0.58599999999999997        0.0000000000000000                      +Infinity
  2.99999999999999989E-002 -0.58199999999999996        0.0000000000000000                      +Infinity
  2.99999999999999989E-002 -0.57799999999999996        0.0000000000000000                      +Infinity
  2.99999999999999989E-002 -0.57399999999999995        0.0000000000000000                      +Infinity
  2.99999999999999989E-002 -0.56999999999999995        0.0000000000000000                      +Infinity
  2.99999999999999989E-002 -0.56599999999999995        0.0000000000000000                      +Infinity
  2.99999999999999989E-002 -0.56200000000000006       5.99999999999999996E-011   23.536676553706446
  2.99999999999999989E-002 -0.55800000000000005       4.44200000000000034E-008   16.929576018480130
  2.99999999999999989E-002 -0.55400000000000005       9.51599999999999998E-008   16.167706151511656
  2.99999999999999989E-002 -0.55000000000000004       2.80600000000000011E-007   15.086335669278050
  2.99999999999999989E-002 -0.54600000000000004       3.35339999999999984E-007   14.908120894436749
  2.99999999999999989E-002 -0.54200000000000004       4.48759999999999950E-007   14.616777613269647
  2.99999999999999989E-002 -0.53800000000000003       7.97619999999999912E-007   14.041633543387483
  2.99999999999999989E-002 -0.53400000000000003       1.25124000000000003E-006   13.591375498356909
  2.99999999999999989E-002 -0.53000000000000003       1.72215999999999996E-006   13.271931241060219
  2.99999999999999989E-002 -0.52600000000000002       2.50146000000000027E-006   12.898635996551755
  2.99999999999999989E-002 -0.52200000000000002       2.70484000000000018E-006   12.820467797137979
  2.99999999999999989E-002 -0.51800000000000002       3.56291999999999993E-006   12.544930124581702
  2.99999999999999989E-002 -0.51400000000000001       4.18714000000000037E-006   12.383492634657989
  2.99999999999999989E-002 -0.51000000000000001       4.89905999999999998E-006   12.226467207985406
  2.99999999999999989E-002 -0.50600000000000001       5.54473999999999987E-006   12.102660827350540
  2.99999999999999989E-002 -0.50200000000000000       6.60863999999999997E-006   11.927132674135237
  2.99999999999999989E-002 -0.49800000000000000       8.45373999999999946E-006   11.680901610964955
  2.99999999999999989E-002 -0.49399999999999999       9.62397999999999997E-006   11.551252657432045
  2.99999999999999989E-002 -0.48999999999999999       1.14620200000000011E-005   11.376471596940071
  2.99999999999999989E-002 -0.48599999999999999       1.33244799999999995E-005   11.225907613064081
  2.99999999999999989E-002 -0.48199999999999998       1.47411800000000007E-005   11.124865620133171
  2.99999999999999989E-002 -0.47799999999999998       1.65742800000000002E-005   11.007658461749871
  2.99999999999999989E-002 -0.47399999999999998       1.81849600000000001E-005   10.914915679142808
  2.99999999999999989E-002 -0.46999999999999997       2.05696199999999984E-005   10.791695327975150
  2.99999999999999989E-002 -0.46600000000000003       2.32680199999999995E-005   10.668430672366533
  2.99999999999999989E-002 -0.46200000000000002       2.75741799999999996E-005   10.498630730347553
  2.99999999999999989E-002 -0.45800000000000002       3.18516799999999972E-005   10.354420430084442
  2.99999999999999989E-002 -0.45400000000000001       3.62352000000000016E-005   10.225479535892941
  2.99999999999999989E-002 -0.45000000000000001       4.02297799999999975E-005   10.120903040573333
  2.99999999999999989E-002 -0.44600000000000001       4.61321600000000025E-005   9.9840002372982646
  2.99999999999999989E-002 -0.44200000000000000       5.44099200000000037E-005   9.8189640677854779
  2.99999999999999989E-002 -0.43800000000000000       6.27045800000000013E-005   9.6770760667411526
  2.99999999999999989E-002 -0.43400000000000000       7.02546800000000021E-005   9.5633836327522985
  2.99999999999999989E-002 -0.42999999999999999       7.96649999999999903E-005   9.4376802154218016
  2.99999999999999989E-002 -0.42599999999999999       8.74177400000000044E-005   9.3448123210710126
  2.99999999999999989E-002 -0.42199999999999999       9.73238599999999955E-005   9.2374663778679764
  2.99999999999999989E-002 -0.41799999999999998       1.10578500000000005E-004   9.1097848819864247
  2.99999999999999989E-002 -0.41399999999999998       1.25517400000000012E-004   8.9830661635844962
  2.99999999999999989E-002 -0.40999999999999998       1.37818860000000007E-004   8.8895703437281082
  2.99999999999999989E-002 -0.40600000000000003       1.55589120000000012E-004   8.7682918715438785
  2.99999999999999989E-002 -0.40200000000000002       1.74216580000000000E-004   8.6552113201186334
  2.99999999999999989E-002 -0.39800000000000002       1.91395399999999994E-004   8.5611691126720544
  2.99999999999999989E-002 -0.39400000000000002       2.08849159999999976E-004   8.4738982890545547
  2.99999999999999989E-002 -0.39000000000000001       2.27020599999999993E-004   8.3904697957016250
  2.99999999999999989E-002 -0.38600000000000001       2.52166439999999988E-004   8.2854212122807809
  2.99999999999999989E-002 -0.38200000000000001       2.77704020000000011E-004   8.1889546877030028
  2.99999999999999989E-002 -0.37800000000000000       3.00760320000000036E-004   8.1091968894837407
  2.99999999999999989E-002 -0.37400000000000000       3.26505759999999991E-004   8.0270629677494956
  2.99999999999999989E-002 -0.37000000000000000       3.54834880000000005E-004   7.9438580034544275
  2.99999999999999989E-002 -0.36599999999999999       3.80743479999999990E-004   7.8733846904327986
  2.99999999999999989E-002 -0.36199999999999999       4.14651339999999981E-004   7.7880725354311400
  2.99999999999999989E-002 -0.35799999999999998       4.53571460000000057E-004   7.6983577264014587
  2.99999999999999989E-002 -0.35399999999999998       4.92333379999999963E-004   7.6163544693142784
  2.99999999999999989E-002 -0.34999999999999998       5.34844700000000053E-004   7.5335341335816022
  2.99999999999999989E-002 -0.34599999999999997       5.77809700000000005E-004   7.4562659822572002
  2.99999999999999989E-002 -0.34200000000000003       6.22820000000000058E-004   7.3812530054821499
  2.99999999999999989E-002 -0.33800000000000002       6.66813319999999955E-004   7.3130004312823536
  2.99999999999999989E-002 -0.33400000000000002       7.13001479999999925E-004   7.2460270618158074
  2.99999999999999989E-002 -0.33000000000000002       7.67493539999999962E-004   7.1723804954764550
  2.99999999999999989E-002 -0.32600000000000001       8.23513720000000051E-004   7.1019303478903444
  2.99999999999999989E-002 -0.32200000000000001       8.89514980000000090E-004   7.0248342100783248
  2.99999999999999989E-002 -0.31800000000000000       9.47839420000000073E-004   6.9613254582427055
  2.99999999999999989E-002 -0.31400000000000000       1.00709417999999998E-003   6.9006861442961913
  2.99999999999999989E-002 -0.31000000000000000       1.06858337999999990E-003   6.8414214516216321
  2.99999999999999989E-002 -0.30599999999999999       1.14839020000000007E-003   6.7693941433657585
  2.99999999999999989E-002 -0.30199999999999999       1.22970897999999992E-003   6.7009777392184073
  2.99999999999999989E-002 -0.29799999999999999       1.31613033999999993E-003   6.6330594084302099
  2.99999999999999989E-002 -0.29399999999999998       1.40044981999999998E-003   6.5709617939667151
  2.99999999999999989E-002 -0.28999999999999998       1.49494932000000000E-003   6.5056629723796462
  2.99999999999999989E-002 -0.28599999999999998       1.58738247999999985E-003   6.4456688582841171
  2.99999999999999989E-002 -0.28199999999999997       1.68068097999999992E-003   6.3885562224590622
  2.99999999999999989E-002 -0.27800000000000002       1.77316742000000003E-003   6.3349878288240937
  2.99999999999999989E-002 -0.27400000000000002       1.88675011999999993E-003   6.2728994431978675
  2.99999999999999989E-002 -0.27000000000000002       1.99303403999999970E-003   6.2180971581181099
  2.99999999999999989E-002 -0.26600000000000001       2.10348388000000013E-003   6.1641603183811755
  2.99999999999999989E-002 -0.26200000000000001       2.20425545999999991E-003   6.1173654869672012
  2.99999999999999989E-002 -0.25800000000000001       2.31684546000000000E-003   6.0675487340731182
  2.99999999999999989E-002 -0.25400000000000000       2.44715354000000010E-003   6.0128297502702033
  2.99999999999999989E-002 -0.25000000000000000       2.57167636000000003E-003   5.9631973125616042
  2.99999999999999989E-002 -0.24600000000000000       2.70983283999999981E-003   5.9108683286498076
  2.99999999999999989E-002 -0.24199999999999999       2.84703347999999993E-003   5.8614777110082796
  2.99999999999999989E-002 -0.23799999999999999       2.98455129999999989E-003   5.8143058616944501
  2.99999999999999989E-002 -0.23400000000000001       3.10385226000000009E-003   5.7751112744434057
  2.99999999999999989E-002 -0.23000000000000001       3.25397480000000046E-003   5.7278780145299679
  2.99999999999999989E-002 -0.22600000000000001       3.39718498000000013E-003   5.6848081373563133
  2.99999999999999989E-002 -0.22200000000000000       3.53866712000000007E-003   5.6440051425118334
  2.99999999999999989E-002 -0.21800000000000000       3.68941701999999988E-003   5.6022868225711946
  2.99999999999999989E-002 -0.21400000000000000       3.84847559999999984E-003   5.5600781571425202
  2.99999999999999989E-002 -0.20999999999999999       4.01839443999999976E-003   5.5168728491646739
  2.99999999999999989E-002 -0.20599999999999999       4.19234238000000016E-003   5.4744956606802653
  2.99999999999999989E-002 -0.20200000000000001       4.34709504000000031E-003   5.4382474638604448
  2.99999999999999989E-002 -0.19800000000000001       4.50717246000000016E-003   5.4020852710844753
  2.99999999999999989E-002 -0.19400000000000001       4.66272170000000055E-003   5.3681559455447942
  2.99999999999999989E-002 -0.19000000000000000       4.83579026000000023E-003   5.3317107177242971
  2.99999999999999989E-002 -0.18600000000000000       5.01158693999999988E-003   5.2960026595504583
  2.99999999999999989E-002 -0.18200000000000000       5.17331605999999961E-003   5.2642413918182740
  2.99999999999999989E-002 -0.17799999999999999       5.35368887999999963E-003   5.2299694453968479
  2.99999999999999989E-002 -0.17399999999999999       5.50141128000000007E-003   5.2027506232952918
  2.99999999999999989E-002 -0.17000000000000001       5.67535093999999973E-003   5.1716228778790860
  2.99999999999999989E-002 -0.16600000000000001       5.83772585999999937E-003   5.1434139655150508
  2.99999999999999989E-002 -0.16200000000000001       6.01373397999999983E-003   5.1137094288493987
  2.99999999999999989E-002 -0.15800000000000000       6.20626084000000001E-003   5.0821966835459325
  2.99999999999999989E-002 -0.15400000000000000       6.38172878000000006E-003   5.0543162496787755
  2.99999999999999989E-002 -0.14999999999999999       6.55963495999999958E-003   5.0268203239159179
  2.99999999999999989E-002 -0.14599999999999999       6.73123214000000050E-003   5.0009970703592881
  2.99999999999999989E-002 -0.14199999999999999       6.91028096000000005E-003   4.9747449821159808
  2.99999999999999989E-002 -0.13800000000000001       7.07263671999999993E-003   4.9515219237629546
  2.99999999999999989E-002 -0.13400000000000001       7.22986111999999927E-003   4.9295354518479622
  2.99999999999999989E-002 -0.13000000000000000       7.38516062000000098E-003   4.9082826137430970
  2.99999999999999989E-002 -0.12600000000000000       7.54756349999999993E-003   4.8865304830367577
  2.99999999999999989E-002 -0.12200000000000000       7.69168181999999902E-003   4.8676158171657633
  2.99999999999999989E-002 -0.11799999999999999       7.85011363999999975E-003   4.8472272708594817
  2.99999999999999989E-002 -0.11400000000000000       8.00508437999999933E-003   4.8276783916770842
  2.99999999999999989E-002 -0.11000000000000000       8.16880180000000011E-003   4.8074330393723681
  2.99999999999999989E-002 -0.10600000000000000       8.33412535999999982E-003   4.7873967040983647
  2.99999999999999989E-002 -0.10199999999999999       8.49303958000000025E-003   4.7685083238866346
  2.99999999999999989E-002 -9.80000000000000038E-002  8.63182761999999916E-003   4.7522990211052223
  2.99999999999999989E-002 -9.40000000000000002E-002  8.78235569999999931E-003   4.7350106043606388
  2.99999999999999989E-002 -8.99999999999999967E-002  8.92571570000000140E-003   4.7188187640553281
  2.99999999999999989E-002 -8.59999999999999931E-002  9.10011919999999946E-003   4.6994677666440241
  2.99999999999999989E-002 -8.20000000000000034E-002  9.22350871999999891E-003   4.6859997584919091
  2.99999999999999989E-002 -7.79999999999999999E-002  9.35602198000000038E-003   4.6717350809683937
  2.99999999999999989E-002 -7.39999999999999963E-002  9.46603975999999944E-003   4.6600446472111070
  2.99999999999999989E-002 -7.00000000000000067E-002  9.58198837999999983E-003   4.6478701532124029
  2.99999999999999989E-002 -6.60000000000000031E-002  9.72674265999999912E-003   4.6328762117005899
  2.99999999999999989E-002 -6.19999999999999996E-002  9.83631324000000008E-003   4.6216743088562975
  2.99999999999999989E-002 -5.80000000000000029E-002  9.94104575999999948E-003   4.6110830566040875
  2.99999999999999989E-002 -5.39999999999999994E-002  1.00626052400000013E-002   4.5989291776586061
  2.99999999999999989E-002 -5.00000000000000028E-002  1.01881394599999987E-002   4.5865310333052980
  2.99999999999999989E-002 -4.59999999999999992E-002  1.02694994800000012E-002   4.5785769923539483
  2.99999999999999989E-002 -4.20000000000000026E-002  1.03621889800000009E-002   4.5695917729639151
  2.99999999999999989E-002 -3.79999999999999991E-002  1.04407483400000001E-002   4.5620390190199096
  2.99999999999999989E-002 -3.40000000000000024E-002  1.05178994599999989E-002   4.5546767627121634
  2.99999999999999989E-002 -2.99999999999999989E-002  1.06031666399999999E-002   4.5466025828552699
  2.99999999999999989E-002 -2.59999999999999988E-002  1.06647133800000012E-002   4.5408148022441486
  2.99999999999999989E-002 -2.19999999999999987E-002  1.07389450399999996E-002   4.5338784219141068
  2.99999999999999989E-002 -1.79999999999999986E-002  1.07966789600000002E-002   4.5285166958446252
  2.99999999999999989E-002 -1.40000000000000003E-002  1.08484415999999997E-002   4.5237338406480418
  2.99999999999999989E-002 -1.00000000000000002E-002  1.08756815799999993E-002   4.5212260299483358
  2.99999999999999989E-002 -6.00000000000000012E-003  1.09190534600000014E-002   4.5172459919094416
  2.99999999999999989E-002 -2.00000000000000004E-003  1.09337984199999998E-002   4.5158965147502474
  2.99999999999999989E-002  2.00000000000000004E-003  1.09308998599999992E-002   4.5161616508138565
  2.99999999999999989E-002  6.00000000000000012E-003  1.09504542400000009E-002   4.5143743404750047
  2.99999999999999989E-002  1.00000000000000002E-002  1.09497985799999996E-002   4.5144342174093568
  2.99999999999999989E-002  1.40000000000000003E-002  1.09550838400000010E-002   4.5139516528375658
  2.99999999999999989E-002  1.79999999999999986E-002  1.09346452400000006E-002   4.5158190679951336
  2.99999999999999989E-002  2.19999999999999987E-002  1.08693610600000008E-002   4.5218073597054333
  2.99999999999999989E-002  2.59999999999999988E-002  1.08343625399999997E-002   4.5250324791348122
  2.99999999999999989E-002  2.99999999999999989E-002  1.07678968199999992E-002   4.5311860882207702
  2.99999999999999989E-002  3.40000000000000024E-002  1.06723389399999997E-002   4.5401000305680714
  2.99999999999999989E-002  3.79999999999999991E-002  1.05932903600000003E-002   4.5475344631893009
  2.99999999999999989E-002  4.20000000000000026E-002  1.05033606199999990E-002   4.5560600139790113
  2.99999999999999989E-002  4.59999999999999992E-002  1.04232962599999993E-002   4.5637119529504933
  2.99999999999999989E-002  5.00000000000000028E-002  1.03550274400000010E-002   4.5702831342105297
  2.99999999999999989E-002  5.39999999999999994E-002  1.02779799999999991E-002   4.5777515363178649
  2.99999999999999989E-002  5.80000000000000029E-002  1.01646987200000004E-002   4.5888344712982754
  2.99999999999999989E-002  6.19999999999999996E-002  1.00843990800000005E-002   4.5967656948743034
  2.99999999999999989E-002  6.60000000000000031E-002  9.98296188000000022E-003   4.6068754511265748
  2.99999999999999989E-002  7.00000000000000067E-002  9.85956653999999974E-003   4.6193130727943723
  2.99999999999999989E-002  7.39999999999999963E-002  9.74694591999999971E-003   4.6308012820163151
  2.99999999999999989E-002  7.79999999999999999E-002  9.64895886000000091E-003   4.6409052596072442
  2.99999999999999989E-002  8.20000000000000034E-002  9.54922033999999927E-003   4.6512957676127833
  2.99999999999999989E-002  8.59999999999999931E-002  9.42474199999999984E-003   4.6644169200280423
  2.99999999999999989E-002  8.99999999999999967E-002  9.27137110000000007E-003   4.6808240031139530
  2.99999999999999989E-002  9.40000000000000002E-002  9.09983699999999951E-003   4.6994987777076682
  2.99999999999999989E-002  9.80000000000000038E-002  8.94576947999999907E-003   4.7165745422444587
  2.99999999999999989E-002  0.10199999999999999       8.78865808000000096E-003   4.7342932433307992
  2.99999999999999989E-002  0.10600000000000000       8.62722814000000011E-003   4.7528320143550093
  2.99999999999999989E-002  0.11000000000000000       8.44773423999999919E-003   4.7738570108463882
  2.99999999999999989E-002  0.11400000000000000       8.26416657999999929E-003   4.7958263900591467
  2.99999999999999989E-002  0.11799999999999999       8.07148605999999900E-003   4.8194176674325435
  2.99999999999999989E-002  0.12200000000000000       7.90449948000000041E-003   4.8403231272133462
  2.99999999999999989E-002  0.12600000000000000       7.70660577999999954E-003   4.8656774243963108
  2.99999999999999989E-002  0.13000000000000000       7.52957193999999937E-003   4.8889170860637590
  2.99999999999999989E-002  0.13400000000000001       7.33212757999999933E-003   4.9154895487196217
  2.99999999999999989E-002  0.13800000000000001       7.16380074000000106E-003   4.9387146092408418
  2.99999999999999989E-002  0.14199999999999999       6.97827405999999935E-003   4.9649536621249339
  2.99999999999999989E-002  0.14599999999999999       6.79451853999999984E-003   4.9916390889298379
  2.99999999999999989E-002  0.14999999999999999       6.61183994000000014E-003   5.0188933068178780
  2.99999999999999989E-002  0.15400000000000000       6.43438287999999973E-003   5.0460993430766985
  2.99999999999999989E-002  0.15800000000000000       6.25192681999999986E-003   5.0748655715457938
  2.99999999999999989E-002  0.16200000000000001       6.06154411999999983E-003   5.1057907060777383
  2.99999999999999989E-002  0.16600000000000001       5.87608063999999972E-003   5.1368652971431628
  2.99999999999999989E-002  0.17000000000000001       5.69047393999999943E-003   5.1689617408152442
  2.99999999999999989E-002  0.17399999999999999       5.52721072000000001E-003   5.1980719812923661
  2.99999999999999989E-002  0.17799999999999999       5.35811743999999989E-003   5.2291425894735761
  2.99999999999999989E-002  0.18200000000000000       5.16736148000000034E-003   5.2653930727666705
  2.99999999999999989E-002  0.18600000000000000       4.98873410000000034E-003   5.3005730887775444
  2.99999999999999989E-002  0.19000000000000000       4.82328357999999967E-003   5.3343003421948172
  2.99999999999999989E-002  0.19400000000000001       4.65019211999999956E-003   5.3708467441073280
  2.99999999999999989E-002  0.19800000000000001       4.47412204000000036E-003   5.4094451386822922
  2.99999999999999989E-002  0.20200000000000001       4.30442826000000060E-003   5.4481109582846239
  2.99999999999999989E-002  0.20599999999999999       4.14970935999999999E-003   5.4847169809269465
  2.99999999999999989E-002  0.20999999999999999       3.99253223999999993E-003   5.5233296027668208
  2.99999999999999989E-002  0.21400000000000000       3.83406335999999983E-003   5.5638301086736384
  2.99999999999999989E-002  0.21800000000000000       3.66785777999999998E-003   5.6081474985130093
  2.99999999999999989E-002  0.22200000000000000       3.49948478000000011E-003   5.6551395270368792
  2.99999999999999989E-002  0.22600000000000001       3.34167648000000027E-003   5.7012826578035716
  2.99999999999999989E-002  0.23000000000000001       3.17731087999999998E-003   5.7517200751613391
  2.99999999999999989E-002  0.23400000000000001       3.04363857999999984E-003   5.7947015779635604
  2.99999999999999989E-002  0.23799999999999999       2.89671831999999997E-003   5.8441767965411398
  2.99999999999999989E-002  0.24199999999999999       2.76497956000000024E-003   5.8907220364402262
  2.99999999999999989E-002  0.24600000000000000       2.61779961999999977E-003   5.9454211537667243
  2.99999999999999989E-002  0.25000000000000000       2.52003227999999992E-003   5.9834835680170366
  2.99999999999999989E-002  0.25400000000000000       2.39120879999999997E-003   6.0359562668407287
  2.99999999999999989E-002  0.25800000000000001       2.27096158000000001E-003   6.0875519336592401
  2.99999999999999989E-002  0.26200000000000001       2.15601273999999976E-003   6.1394947168619360
  2.99999999999999989E-002  0.26600000000000001       2.02399342000000003E-003   6.2026827785503444
  2.99999999999999989E-002  0.27000000000000002       1.91929090000000002E-003   6.2557994840756184
  2.99999999999999989E-002  0.27400000000000002       1.81910868000000015E-003   6.3094086341171405
  2.99999999999999989E-002  0.27800000000000002       1.72683186000000010E-003   6.3614668441404394
  2.99999999999999989E-002  0.28199999999999997       1.63226502000000028E-003   6.4177866459181203
  2.99999999999999989E-002  0.28599999999999998       1.52871433999999997E-003   6.4833281974818870
  2.99999999999999989E-002  0.28999999999999998       1.43905145999999990E-003   6.5437710907712132
  2.99999999999999989E-002  0.29399999999999998       1.35810910000000017E-003   6.6016619143391839
  2.99999999999999989E-002  0.29799999999999999       1.27102027999999984E-003   6.6679353309619103
  2.99999999999999989E-002  0.30199999999999999       1.19601310000000014E-003   6.7287616703364250
  2.99999999999999989E-002  0.30599999999999999       1.13874562000000016E-003   6.7778279557202250
  2.99999999999999989E-002  0.31000000000000000       1.07885230000000004E-003   6.8318574880814440
  2.99999999999999989E-002  0.31400000000000000       1.00840764000000005E-003   6.8993827863206221
  2.99999999999999989E-002  0.31800000000000000       9.48214379999999957E-004   6.9609299420343698
  2.99999999999999989E-002  0.32200000000000001       8.75075580000000074E-004   7.0412002981940933
  2.99999999999999989E-002  0.32600000000000001       8.16845319999999985E-004   7.1100608078342384
  2.99999999999999989E-002  0.33000000000000002       7.73104079999999941E-004   7.1650968741973662
  2.99999999999999989E-002  0.33400000000000002       7.25924200000000039E-004   7.2280649563038413
  2.99999999999999989E-002  0.33800000000000002       6.74473759999999977E-004   7.3015777859642315
  2.99999999999999989E-002  0.34200000000000003       6.27290340000000017E-004   7.3741010623106114
  2.99999999999999989E-002  0.34599999999999997       5.74930999999999988E-004   7.4612605243674999
  2.99999999999999989E-002  0.34999999999999998       5.28854419999999991E-004   7.5447973624677402
  2.99999999999999989E-002  0.35399999999999998       4.89244840000000012E-004   7.6226474984989432
  2.99999999999999989E-002  0.35799999999999998       4.48115799999999963E-004   7.7104588768071851
  2.99999999999999989E-002  0.36199999999999999       4.13197260000000013E-004   7.7915854519121224
  2.99999999999999989E-002  0.36599999999999999       3.86978279999999973E-004   7.8571419905405122
  2.99999999999999989E-002  0.37000000000000000       3.58840680000000020E-004   7.9326320562800028
  2.99999999999999989E-002  0.37400000000000000       3.29404899999999974E-004   8.0182228648001050
  2.99999999999999989E-002  0.37800000000000000       2.99364879999999996E-004   8.1138473941282836
  2.99999999999999989E-002  0.38200000000000001       2.68163520000000010E-004   8.2239136142650615
  2.99999999999999989E-002  0.38600000000000001       2.46042480000000007E-004   8.3100063540130620
  2.99999999999999989E-002  0.39000000000000001       2.24058839999999993E-004   8.4036018620317812
  2.99999999999999989E-002  0.39400000000000002       2.01077420000000029E-004   8.5118205499363579
  2.99999999999999989E-002  0.39800000000000002       1.84473419999999996E-004   8.5980051699027076
  2.99999999999999989E-002  0.40200000000000002       1.70381180000000006E-004   8.6774723956780573
  2.99999999999999989E-002  0.40600000000000003       1.54360559999999991E-004   8.7762193934185664
  2.99999999999999989E-002  0.40999999999999998       1.39116239999999991E-004   8.8802007153105098
  2.99999999999999989E-002  0.41399999999999998       1.25285660000000010E-004   8.9849141479428223
  2.99999999999999989E-002  0.41799999999999998       1.11721479999999989E-004   9.0995015695708190
  2.99999999999999989E-002  0.42199999999999999       9.65454400000000085E-005   9.2454967796199057
  2.99999999999999989E-002  0.42599999999999999       8.35126199999999987E-005   9.3905127998030693
  2.99999999999999989E-002  0.42999999999999999       7.43218000000000107E-005   9.5071062441610223
  2.99999999999999989E-002  0.43400000000000000       6.56583200000000094E-005   9.6310462325721087
  2.99999999999999989E-002  0.43800000000000000       5.68390799999999945E-005   9.7752864406510245
  2.99999999999999989E-002  0.44200000000000000       5.08028400000000037E-005   9.8875582994306814
  2.99999999999999989E-002  0.44600000000000001       4.52855600000000029E-005   10.002522340088174
  2.99999999999999989E-002  0.45000000000000001       4.32376599999999983E-005   10.048798683216363
  2.99999999999999989E-002  0.45400000000000001       3.75543000000000006E-005   10.189722672328998
  2.99999999999999989E-002  0.45800000000000002       3.26505399999999979E-005   10.329649163328067
  2.99999999999999989E-002  0.46200000000000002       2.91528999999999966E-005   10.442956164695879
  2.99999999999999989E-002  0.46600000000000003       2.53012799999999998E-005   10.584655570625200
  2.99999999999999989E-002  0.46999999999999997       2.13507800000000009E-005   10.754422284999144
  2.99999999999999989E-002  0.47399999999999998       1.86821800000000008E-005   10.887940429617307
  2.99999999999999989E-002  0.47799999999999998       1.62577999999999987E-005   11.026937764351677
  2.99999999999999989E-002  0.48199999999999998       1.54327799999999976E-005   11.079016739314683
  2.99999999999999989E-002  0.48599999999999999       1.39216200000000004E-005   11.182067530519202
  2.99999999999999989E-002  0.48999999999999999       1.12095000000000000E-005   11.398748924907956
  2.99999999999999989E-002  0.49399999999999999       9.06914000000000038E-006   11.610633116414334
  2.99999999999999989E-002  0.49800000000000000       8.47255999999999973E-006   11.678677851755255
  2.99999999999999989E-002  0.50200000000000000       7.41231999999999987E-006   11.812367077240502
  2.99999999999999989E-002  0.50600000000000001       5.48227999999999946E-006   12.113989485138484
  2.99999999999999989E-002  0.51000000000000001       4.43414000000000071E-006   12.326176873069240
  2.99999999999999989E-002  0.51400000000000001       3.58591999999999997E-006   12.538495492009545
  2.99999999999999989E-002  0.51800000000000002       2.84866000000000010E-006   12.768661849689442
  2.99999999999999989E-002  0.52200000000000002       2.34308000000000036E-006   12.964044254762021
  2.99999999999999989E-002  0.52600000000000002       1.76666000000000012E-006   13.246419799666333
  2.99999999999999989E-002  0.53000000000000003       1.54856000000000004E-006   13.378185091109120
  2.99999999999999989E-002  0.53400000000000003       1.23619999999999991E-006   13.603468399721239
  2.99999999999999989E-002  0.53800000000000003       9.36760000000000032E-007   13.880838724122762
  2.99999999999999989E-002  0.54200000000000004       6.18980000000000001E-007   14.295192874961506
  2.99999999999999989E-002  0.54600000000000004       5.33100000000000029E-007   14.444556813117696
  2.99999999999999989E-002  0.55000000000000004       4.32999999999999973E-007   14.652528108943921
  2.99999999999999989E-002  0.55400000000000005       2.46039999999999998E-007   15.217771712606243
  2.99999999999999989E-002  0.55800000000000005       2.89680000000000037E-007   15.054488971489025
  2.99999999999999989E-002  0.56200000000000006       2.10319999999999993E-007   15.374635656524786
  2.99999999999999989E-002  0.56599999999999995       1.73900000000000015E-007   15.564785415586174
  2.99999999999999989E-002  0.56999999999999995       1.03539999999999986E-007   16.083307825472655
  2.99999999999999989E-002  0.57399999999999995       1.75519999999999999E-007   15.555512840419491
  2.99999999999999989E-002  0.57799999999999996       1.79759999999999990E-007   15.531643209069337
  2.99999999999999989E-002  0.58199999999999996       1.43580000000000019E-007   15.756373465798074
  2.99999999999999989E-002  0.58599999999999997       4.97799999999999931E-008   16.815652540006965
  2.99999999999999989E-002  0.58999999999999997       2.92800000000000015E-008   17.346361147853301
  2.99999999999999989E-002  0.59399999999999997       2.79999999999999964E-010   21.996231512759298
  2.99999999999999989E-002  0.59799999999999998        0.0000000000000000                      +Infinity
  2.99999999999999989E-002  0.60199999999999998        0.0000000000000000                      +Infinity
  2.99999999999999989E-002  0.60599999999999998        0.0000000000000000                      +Infinity
  2.99999999999999989E-002  0.60999999999999999        0.0000000000000000                      +Infinity
  2.99999999999999989E-002  0.61399999999999999        0.0000000000000000                      +Infinity
  2.99999999999999989E-002  0.61799999999999999        0.0000000000000000                      +Infinity
  2.99999999999999989E-002  0.62200000000000000        0.0000000000000000                      +Infinity
  2.99999999999999989E-002  0.62600000000000000        0.0000000000000000                      +Infinity
  2.99999999999999989E-002  0.63000000000000000        0.0000000000000000                      +Infinity
  2.99999999999999989E-002  0.63400000000000001        0.0000000000000000                      +Infinity
  2.99999999999999989E-002  0.63800000000000001        0.0000000000000000                      +Infinity
  2.99999999999999989E-002  0.64200000000000002        0.0000000000000000                      +Infinity
  2.99999999999999989E-002  0.64600000000000002        0.0000000000000000                      +Infinity
  2.99999999999999989E-002  0.65000000000000002        0.0000000000000000                      +Infinity
  2.99999999999999989E-002  0.65400000000000003        0.0000000000000000                      +Infinity
  2.99999999999999989E-002  0.65800000000000003        0.0000000000000000                      +Infinity
  2.99999999999999989E-002  0.66200000000000003        0.0000000000000000                      +Infinity
  2.99999999999999989E-002  0.66600000000000004        0.0000000000000000                      +Infinity
  2.99999999999999989E-002  0.67000000000000004        0.0000000000000000                      +Infinity
  2.99999999999999989E-002  0.67400000000000004        0.0000000000000000                      +Infinity
  2.99999999999999989E-002  0.67800000000000005        0.0000000000000000                      +Infinity
  2.99999999999999989E-002  0.68200000000000005        0.0000000000000000                      +Infinity
  2.99999999999999989E-002  0.68600000000000005        0.0000000000000000                      +Infinity
  2.99999999999999989E-002  0.68999999999999995        0.0000000000000000                      +Infinity
  2.99999999999999989E-002  0.69399999999999995        0.0000000000000000                      +Infinity
  2.99999999999999989E-002  0.69799999999999995        0.0000000000000000                      +Infinity
  2.99999999999999989E-002  0.70199999999999996        0.0000000000000000                      +Infinity
  2.99999999999999989E-002  0.70599999999999996        0.0000000000000000                      +Infinity
  2.99999999999999989E-002  0.70999999999999996        0.0000000000000000                      +Infinity
  2.99999999999999989E-002  0.71399999999999997        0.0000000000000000                      +Infinity
  2.99999999999999989E-002  0.71799999999999997        0.0000000000000000                      +Infinity
  2.99999999999999989E-002  0.72199999999999998        0.0000000000000000                      +Infinity
  2.99999999999999989E-002  0.72599999999999998        0.0000000000000000                      +Infinity
  2.99999999999999989E-002  0.72999999999999998        0.0000000000000000                      +Infinity
  2.99999999999999989E-002  0.73399999999999999        0.0000000000000000                      +Infinity
  2.99999999999999989E-002  0.73799999999999999        0.0000000000000000                      +Infinity
  2.99999999999999989E-002  0.74199999999999999        0.0000000000000000                      +Infinity
  2.99999999999999989E-002  0.74600000000000000        0.0000000000000000                      +Infinity
  2.99999999999999989E-002  0.75000000000000000        0.0000000000000000                      +Infinity
  2.99999999999999989E-002  0.75400000000000000        0.0000000000000000                      +Infinity
  2.99999999999999989E-002  0.75800000000000001        0.0000000000000000                      +Infinity
  2.99999999999999989E-002  0.76200000000000001        0.0000000000000000                      +Infinity
  2.99999999999999989E-002  0.76600000000000001        0.0000000000000000                      +Infinity
  2.99999999999999989E-002  0.77000000000000002        0.0000000000000000                      +Infinity
  2.99999999999999989E-002  0.77400000000000002        0.0000000000000000                      +Infinity
  2.99999999999999989E-002  0.77800000000000002        0.0000000000000000                      +Infinity
  2.99999999999999989E-002  0.78200000000000003        0.0000000000000000                      +Infinity
  2.99999999999999989E-002  0.78600000000000003        0.0000000000000000                      +Infinity
  2.99999999999999989E-002  0.79000000000000004        0.0000000000000000                      +Infinity
  2.99999999999999989E-002  0.79400000000000004        0.0000000000000000                      +Infinity
  2.99999999999999989E-002  0.79800000000000004        0.0000000000000000                      +Infinity
  2.99999999999999989E-002  0.80200000000000005        0.0000000000000000                      +Infinity
  2.99999999999999989E-002  0.80600000000000005        0.0000000000000000                      +Infinity
  2.99999999999999989E-002  0.81000000000000005        0.0000000000000000                      +Infinity
  2.99999999999999989E-002  0.81399999999999995        0.0000000000000000                      +Infinity
  2.99999999999999989E-002  0.81799999999999995        0.0000000000000000                      +Infinity
  2.99999999999999989E-002  0.82199999999999995        0.0000000000000000                      +Infinity
  2.99999999999999989E-002  0.82599999999999996        0.0000000000000000                      +Infinity
  2.99999999999999989E-002  0.82999999999999996        0.0000000000000000                      +Infinity
  2.99999999999999989E-002  0.83399999999999996        0.0000000000000000                      +Infinity
  2.99999999999999989E-002  0.83799999999999997        0.0000000000000000                      +Infinity
  2.99999999999999989E-002  0.84199999999999997        0.0000000000000000                      +Infinity
  2.99999999999999989E-002  0.84599999999999997        0.0000000000000000                      +Infinity
  2.99999999999999989E-002  0.84999999999999998        0.0000000000000000                      +Infinity
  2.99999999999999989E-002  0.85399999999999998        0.0000000000000000                      +Infinity
  2.99999999999999989E-002  0.85799999999999998        0.0000000000000000                      +Infinity
  2.99999999999999989E-002  0.86199999999999999        0.0000000000000000                      +Infinity
  2.99999999999999989E-002  0.86599999999999999        0.0000000000000000                      +Infinity
  2.99999999999999989E-002  0.87000000000000000        0.0000000000000000                      +Infinity
  2.99999999999999989E-002  0.87400000000000000        0.0000000000000000                      +Infinity
  2.99999999999999989E-002  0.87800000000000000        0.0000000000000000                      +Infinity
  2.99999999999999989E-002  0.88200000000000001        0.0000000000000000                      +Infinity
  2.99999999999999989E-002  0.88600000000000001        0.0000000000000000                      +Infinity
  2.99999999999999989E-002  0.89000000000000001        0.0000000000000000                      +Infinity
  2.99999999999999989E-002  0.89400000000000002        0.0000000000000000                      +Infinity
  2.99999999999999989E-002  0.89800000000000002        0.0000000000000000                      +Infinity
  2.99999999999999989E-002  0.90200000000000002        0.0000000000000000                      +Infinity
  2.99999999999999989E-002  0.90600000000000003        0.0000000000000000                      +Infinity
  2.99999999999999989E-002  0.91000000000000003        0.0000000000000000                      +Infinity
  2.99999999999999989E-002  0.91400000000000003        0.0000000000000000                      +Infinity
  2.99999999999999989E-002  0.91800000000000004        0.0000000000000000                      +Infinity
  2.99999999999999989E-002  0.92200000000000004        0.0000000000000000                      +Infinity
  2.99999999999999989E-002  0.92600000000000005        0.0000000000000000                      +Infinity
  2.99999999999999989E-002  0.93000000000000005        0.0000000000000000                      +Infinity
  2.99999999999999989E-002  0.93400000000000005        0.0000000000000000                      +Infinity
  2.99999999999999989E-002  0.93799999999999994        0.0000000000000000                      +Infinity
  2.99999999999999989E-002  0.94199999999999995        0.0000000000000000                      +Infinity
  2.99999999999999989E-002  0.94599999999999995        0.0000000000000000                      +Infinity
  2.99999999999999989E-002  0.94999999999999996        0.0000000000000000                      +Infinity
  2.99999999999999989E-002  0.95399999999999996        0.0000000000000000                      +Infinity
  2.99999999999999989E-002  0.95799999999999996        0.0000000000000000                      +Infinity
  2.99999999999999989E-002  0.96199999999999997        0.0000000000000000                      +Infinity
  2.99999999999999989E-002  0.96599999999999997        0.0000000000000000                      +Infinity
  2.99999999999999989E-002  0.96999999999999997        0.0000000000000000                      +Infinity
  2.99999999999999989E-002  0.97399999999999998        0.0000000000000000                      +Infinity
  2.99999999999999989E-002  0.97799999999999998        0.0000000000000000                      +Infinity
  2.99999999999999989E-002  0.98199999999999998        0.0000000000000000                      +Infinity
  2.99999999999999989E-002  0.98599999999999999        0.0000000000000000                      +Infinity
  2.99999999999999989E-002  0.98999999999999999        0.0000000000000000                      +Infinity
  2.99999999999999989E-002  0.99399999999999999        0.0000000000000000                      +Infinity
  2.99999999999999989E-002  0.99800000000000000        0.0000000000000000                      +Infinity
