  5.19999999999999976E-002 -0.99800000000000000        0.0000000000000000                      +Infinity
  5.19999999999999976E-002 -0.99399999999999999        0.0000000000000000                      +Infinity
  5.19999999999999976E-002 -0.98999999999999999        0.0000000000000000                      +Infinity
  5.19999999999999976E-002 -0.98599999999999999        0.0000000000000000                      +Infinity
  5.19999999999999976E-002 -0.98199999999999998        0.0000000000000000                      +Infinity
  5.19999999999999976E-002 -0.97799999999999998        0.0000000000000000                      +Infinity
  5.19999999999999976E-002 -0.97399999999999998        0.0000000000000000                      +Infinity
  5.19999999999999976E-002 -0.96999999999999997        0.0000000000000000                      +Infinity
  5.19999999999999976E-002 -0.96599999999999997        0.0000000000000000                      +Infinity
  5.19999999999999976E-002 -0.96199999999999997        0.0000000000000000                      +Infinity
  5.19999999999999976E-002 -0.95799999999999996        0.0000000000000000                      +Infinity
  5.19999999999999976E-002 -0.95399999999999996        0.0000000000000000                      +Infinity
  5.19999999999999976E-002 -0.94999999999999996        0.0000000000000000                      +Infinity
  5.19999999999999976E-002 -0.94599999999999995        0.0000000000000000                      +Infinity
  5.19999999999999976E-002 -0.94199999999999995        0.0000000000000000                      +Infinity
  5.19999999999999976E-002 -0.93799999999999994        0.0000000000000000                      +Infinity
  5.19999999999999976E-002 -0.93400000000000005        0.0000000000000000                      +Infinity
  5.19999999999999976E-002 -0.93000000000000005        0.0000000000000000                      +Infinity
  5.19999999999999976E-002 -0.92600000000000005        0.0000000000000000                      +Infinity
  5.19999999999999976E-002 -0.92200000000000004        0.0000000000000000                      +Infinity
  5.19999999999999976E-002 -0.91800000000000004        0.0000000000000000                      +Infinity
  5.19999999999999976E-002 -0.91400000000000003        0.0000000000000000                      +Infinity
  5.19999999999999976E-002 -0.91000000000000003        0.0000000000000000                      +Infinity
  5.19999999999999976E-002 -0.90600000000000003        0.0000000000000000                      +Infinity
  5.19999999999999976E-002 -0.90200000000000002        0.0000000000000000                      +Infinity
  5.19999999999999976E-002 -0.89800000000000002        0.0000000000000000                      +Infinity
  5.19999999999999976E-002 -0.89400000000000002        0.0000000000000000                      +Infinity
  5.19999999999999976E-002 -0.89000000000000001        0.0000000000000000                      +Infinity
  5.19999999999999976E-002 -0.88600000000000001        0.0000000000000000                      +Infinity
  5.19999999999999976E-002 -0.88200000000000001        0.0000000000000000                      +Infinity
  5.19999999999999976E-002 -0.87800000000000000        0.0000000000000000                      +Infinity
  5.19999999999999976E-002 -0.87400000000000000        0.0000000000000000                      +Infinity
  5.19999999999999976E-002 -0.87000000000000000        0.0000000000000000                      +Infinity
  5.19999999999999976E-002 -0.86599999999999999        0.0000000000000000                      +Infinity
  5.19999999999999976E-002 -0.86199999999999999        0.0000000000000000                      +Infinity
  5.19999999999999976E-002 -0.85799999999999998        0.0000000000000000                      +Infinity
  5.19999999999999976E-002 -0.85399999999999998        0.0000000000000000                      +Infinity
  5.19999999999999976E-002 -0.84999999999999998        0.0000000000000000                      +Infinity
  5.19999999999999976E-002 -0.84599999999999997        0.0000000000000000                      +Infinity
  5.19999999999999976E-002 -0.84199999999999997        0.0000000000000000                      +Infinity
  5.19999999999999976E-002 -0.83799999999999997        0.0000000000000000                      +Infinity
  5.19999999999999976E-002 -0.83399999999999996        0.0000000000000000                      +Infinity
  5.19999999999999976E-002 -0.82999999999999996        0.0000000000000000                      +Infinity
  5.19999999999999976E-002 -0.82599999999999996        0.0000000000000000                      +Infinity
  5.19999999999999976E-002 -0.82199999999999995        0.0000000000000000                      +Infinity
  5.19999999999999976E-002 -0.81799999999999995        0.0000000000000000                      +Infinity
  5.19999999999999976E-002 -0.81399999999999995        0.0000000000000000                      +Infinity
  5.19999999999999976E-002 -0.81000000000000005        0.0000000000000000                      +Infinity
  5.19999999999999976E-002 -0.80600000000000005        0.0000000000000000                      +Infinity
  5.19999999999999976E-002 -0.80200000000000005        0.0000000000000000                      +Infinity
  5.19999999999999976E-002 -0.79800000000000004        0.0000000000000000                      +Infinity
  5.19999999999999976E-002 -0.79400000000000004        0.0000000000000000                      +Infinity
  5.19999999999999976E-002 -0.79000000000000004        0.0000000000000000                      +Infinity
  5.19999999999999976E-002 -0.78600000000000003        0.0000000000000000                      +Infinity
  5.19999999999999976E-002 -0.78200000000000003        0.0000000000000000                      +Infinity
  5.19999999999999976E-002 -0.77800000000000002        0.0000000000000000                      +Infinity
  5.19999999999999976E-002 -0.77400000000000002        0.0000000000000000                      +Infinity
  5.19999999999999976E-002 -0.77000000000000002        0.0000000000000000                      +Infinity
  5.19999999999999976E-002 -0.76600000000000001        0.0000000000000000                      +Infinity
  5.19999999999999976E-002 -0.76200000000000001        0.0000000000000000                      +Infinity
  5.19999999999999976E-002 -0.75800000000000001        0.0000000000000000                      +Infinity
  5.19999999999999976E-002 -0.75400000000000000        0.0000000000000000                      +Infinity
  5.19999999999999976E-002 -0.75000000000000000        0.0000000000000000                      +Infinity
  5.19999999999999976E-002 -0.74600000000000000        0.0000000000000000                      +Infinity
  5.19999999999999976E-002 -0.74199999999999999        0.0000000000000000                      +Infinity
  5.19999999999999976E-002 -0.73799999999999999        0.0000000000000000                      +Infinity
  5.19999999999999976E-002 -0.73399999999999999        0.0000000000000000                      +Infinity
  5.19999999999999976E-002 -0.72999999999999998        0.0000000000000000                      +Infinity
  5.19999999999999976E-002 -0.72599999999999998        0.0000000000000000                      +Infinity
  5.19999999999999976E-002 -0.72199999999999998        0.0000000000000000                      +Infinity
  5.19999999999999976E-002 -0.71799999999999997        0.0000000000000000                      +Infinity
  5.19999999999999976E-002 -0.71399999999999997        0.0000000000000000                      +Infinity
  5.19999999999999976E-002 -0.70999999999999996        0.0000000000000000                      +Infinity
  5.19999999999999976E-002 -0.70599999999999996        0.0000000000000000                      +Infinity
  5.19999999999999976E-002 -0.70199999999999996        0.0000000000000000                      +Infinity
  5.19999999999999976E-002 -0.69799999999999995        0.0000000000000000                      +Infinity
  5.19999999999999976E-002 -0.69399999999999995        0.0000000000000000                      +Infinity
  5.19999999999999976E-002 -0.68999999999999995        0.0000000000000000                      +Infinity
  5.19999999999999976E-002 -0.68600000000000005        0.0000000000000000                      +Infinity
  5.19999999999999976E-002 -0.68200000000000005        0.0000000000000000                      +Infinity
  5.19999999999999976E-002 -0.67800000000000005        0.0000000000000000                      +Infinity
  5.19999999999999976E-002 -0.67400000000000004        0.0000000000000000                      +Infinity
  5.19999999999999976E-002 -0.67000000000000004        0.0000000000000000                      +Infinity
  5.19999999999999976E-002 -0.66600000000000004        0.0000000000000000                      +Infinity
  5.19999999999999976E-002 -0.66200000000000003        0.0000000000000000                      +Infinity
  5.19999999999999976E-002 -0.65800000000000003        0.0000000000000000                      +Infinity
  5.19999999999999976E-002 -0.65400000000000003        0.0000000000000000                      +Infinity
  5.19999999999999976E-002 -0.65000000000000002        0.0000000000000000                      +Infinity
  5.19999999999999976E-002 -0.64600000000000002        0.0000000000000000                      +Infinity
  5.19999999999999976E-002 -0.64200000000000002        0.0000000000000000                      +Infinity
  5.19999999999999976E-002 -0.63800000000000001        0.0000000000000000                      +Infinity
  5.19999999999999976E-002 -0.63400000000000001        0.0000000000000000                      +Infinity
  5.19999999999999976E-002 -0.63000000000000000        0.0000000000000000                      +Infinity
  5.19999999999999976E-002 -0.62600000000000000        0.0000000000000000                      +Infinity
  5.19999999999999976E-002 -0.62200000000000000        0.0000000000000000                      +Infinity
  5.19999999999999976E-002 -0.61799999999999999        0.0000000000000000                      +Infinity
  5.19999999999999976E-002 -0.61399999999999999        0.0000000000000000                      +Infinity
  5.19999999999999976E-002 -0.60999999999999999        0.0000000000000000                      +Infinity
  5.19999999999999976E-002 -0.60599999999999998        0.0000000000000000                      +Infinity
  5.19999999999999976E-002 -0.60199999999999998        0.0000000000000000                      +Infinity
  5.19999999999999976E-002 -0.59799999999999998        0.0000000000000000                      +Infinity
  5.19999999999999976E-002 -0.59399999999999997        0.0000000000000000                      +Infinity
  5.19999999999999976E-002 -0.58999999999999997        0.0000000000000000                      +Infinity
  5.19999999999999976E-002 -0.58599999999999997        0.0000000000000000                      +Infinity
  5.19999999999999976E-002 -0.58199999999999996        0.0000000000000000                      +Infinity
  5.19999999999999976E-002 -0.57799999999999996        0.0000000000000000                      +Infinity
  5.19999999999999976E-002 -0.57399999999999995        0.0000000000000000                      +Infinity
  5.19999999999999976E-002 -0.56999999999999995        0.0000000000000000                      +Infinity
  5.19999999999999976E-002 -0.56599999999999995        0.0000000000000000                      +Infinity
  5.19999999999999976E-002 -0.56200000000000006        0.0000000000000000                      +Infinity
  5.19999999999999976E-002 -0.55800000000000005        0.0000000000000000                      +Infinity
  5.19999999999999976E-002 -0.55400000000000005        0.0000000000000000                      +Infinity
  5.19999999999999976E-002 -0.55000000000000004        0.0000000000000000                      +Infinity
  5.19999999999999976E-002 -0.54600000000000004        0.0000000000000000                      +Infinity
  5.19999999999999976E-002 -0.54200000000000004        0.0000000000000000                      +Infinity
  5.19999999999999976E-002 -0.53800000000000003        0.0000000000000000                      +Infinity
  5.19999999999999976E-002 -0.53400000000000003        0.0000000000000000                      +Infinity
  5.19999999999999976E-002 -0.53000000000000003        0.0000000000000000                      +Infinity
  5.19999999999999976E-002 -0.52600000000000002        0.0000000000000000                      +Infinity
  5.19999999999999976E-002 -0.52200000000000002        0.0000000000000000                      +Infinity
  5.19999999999999976E-002 -0.51800000000000002        0.0000000000000000                      +Infinity
  5.19999999999999976E-002 -0.51400000000000001        0.0000000000000000                      +Infinity
  5.19999999999999976E-002 -0.51000000000000001        0.0000000000000000                      +Infinity
  5.19999999999999976E-002 -0.50600000000000001        0.0000000000000000                      +Infinity
  5.19999999999999976E-002 -0.50200000000000000        0.0000000000000000                      +Infinity
  5.19999999999999976E-002 -0.49800000000000000        0.0000000000000000                      +Infinity
  5.19999999999999976E-002 -0.49399999999999999        0.0000000000000000                      +Infinity
  5.19999999999999976E-002 -0.48999999999999999        0.0000000000000000                      +Infinity
  5.19999999999999976E-002 -0.48599999999999999        0.0000000000000000                      +Infinity
  5.19999999999999976E-002 -0.48199999999999998       6.26000000000000030E-009   18.889085651834403
  5.19999999999999976E-002 -0.47799999999999998       5.97799999999999966E-008   16.632594680090619
  5.19999999999999976E-002 -0.47399999999999998       1.04959999999999995E-007   16.069686511750632
  5.19999999999999976E-002 -0.46999999999999997       1.36520000000000008E-007   15.806794712907905
  5.19999999999999976E-002 -0.46600000000000003       1.24360000000000010E-007   15.900085251755858
  5.19999999999999976E-002 -0.46200000000000002       1.41919999999999990E-007   15.768002318385141
  5.19999999999999976E-002 -0.45800000000000002       2.19760000000000004E-007   15.330729795159392
  5.19999999999999976E-002 -0.45400000000000001       2.52260000000000010E-007   15.192805535287365
  5.19999999999999976E-002 -0.45000000000000001       5.10099999999999995E-007   14.488659052017530
  5.19999999999999976E-002 -0.44600000000000001       5.32640000000000037E-007   14.445420063119697
  5.19999999999999976E-002 -0.44200000000000000       6.02800000000000077E-007   14.321680370194070
  5.19999999999999976E-002 -0.43800000000000000       7.45880000000000006E-007   14.108701107590518
  5.19999999999999976E-002 -0.43400000000000000       9.89819999999999952E-007   13.825742728530523
  5.19999999999999976E-002 -0.42999999999999999       1.31343999999999983E-006   13.542860908346455
  5.19999999999999976E-002 -0.42599999999999999       1.48159999999999993E-006   13.422387973054496
  5.19999999999999976E-002 -0.42199999999999999       1.69504000000000012E-006   13.287804218590249
  5.19999999999999976E-002 -0.41799999999999998       2.24839999999999994E-006   13.005291705818491
  5.19999999999999976E-002 -0.41399999999999998       2.58640000000000034E-006   12.865243610535188
  5.19999999999999976E-002 -0.40999999999999998       3.33559999999999988E-006   12.610857984733581
  5.19999999999999976E-002 -0.40600000000000003       4.13185999999999994E-006   12.396782889178272
  5.19999999999999976E-002 -0.40200000000000002       4.48445999999999975E-006   12.314892471040130
  5.19999999999999976E-002 -0.39800000000000002       5.00166000000000049E-006   12.205740700629979
  5.19999999999999976E-002 -0.39400000000000002       6.33394000000000072E-006   11.969588082579778
  5.19999999999999976E-002 -0.39000000000000001       7.08208000000000064E-006   11.857942908094365
  5.19999999999999976E-002 -0.38600000000000001       8.21920000000000086E-006   11.709037677233407
  5.19999999999999976E-002 -0.38200000000000001       9.63920000000000082E-006   11.549672440337345
  5.19999999999999976E-002 -0.37800000000000000       1.08415800000000000E-005   11.432121816116650
  5.19999999999999976E-002 -0.37400000000000000       1.29174199999999991E-005   11.256933769953079
  5.19999999999999976E-002 -0.37000000000000000       1.58477400000000002E-005   11.052483654558230
  5.19999999999999976E-002 -0.36599999999999999       1.80274399999999990E-005   10.923615516409544
  5.19999999999999976E-002 -0.36199999999999999       2.06977799999999989E-005   10.785484109821066
  5.19999999999999976E-002 -0.35799999999999998       2.41840599999999983E-005   10.629816819511035
  5.19999999999999976E-002 -0.35399999999999998       2.85959999999999986E-005   10.462243710059669
  5.19999999999999976E-002 -0.34999999999999998       3.41974400000000017E-005   10.283359770498571
  5.19999999999999976E-002 -0.34599999999999997       3.94404199999999974E-005   10.140719379199320
  5.19999999999999976E-002 -0.34200000000000003       4.36215800000000012E-005   10.039958575930237
  5.19999999999999976E-002 -0.33800000000000002       5.00824000000000069E-005   9.9018409089980324
  5.19999999999999976E-002 -0.33400000000000002       5.79058399999999999E-005   9.7566923149138525
  5.19999999999999976E-002 -0.33000000000000002       6.45302200000000091E-005   9.6483769167553302
  5.19999999999999976E-002 -0.32600000000000001       7.37392599999999978E-005   9.5149752004676476
  5.19999999999999976E-002 -0.32200000000000001       8.50747999999999939E-005   9.3719796884469506
  5.19999999999999976E-002 -0.31800000000000000       1.00136859999999997E-004   9.2089727076555459
  5.19999999999999976E-002 -0.31400000000000000       1.17077040000000007E-004   9.0526783783187383
  5.19999999999999976E-002 -0.31000000000000000       1.36145219999999993E-004   8.9017884477972107
  5.19999999999999976E-002 -0.30599999999999999       1.53687179999999993E-004   8.7805913201372441
  5.19999999999999976E-002 -0.30199999999999999       1.75244520000000000E-004   8.6493283021533145
  5.19999999999999976E-002 -0.29799999999999999       2.02357399999999988E-004   8.5054751170120895
  5.19999999999999976E-002 -0.29399999999999998       2.30248100000000016E-004   8.3763531347630131
  5.19999999999999976E-002 -0.28999999999999998       2.56884740000000000E-004   8.2668830561576776
  5.19999999999999976E-002 -0.28599999999999998       2.87979299999999996E-004   8.1526219554114601
  5.19999999999999976E-002 -0.28199999999999997       3.22211459999999987E-004   8.0403025198837206
  5.19999999999999976E-002 -0.27800000000000002       3.63005619999999974E-004   7.9210922417256056
  5.19999999999999976E-002 -0.27400000000000002       4.03351059999999958E-004   7.8157032585941648
  5.19999999999999976E-002 -0.27000000000000002       4.55548720000000006E-004   7.6940078875987172
  5.19999999999999976E-002 -0.26600000000000001       5.10564680000000020E-004   7.5799932290708361
  5.19999999999999976E-002 -0.26200000000000001       5.68515320000000037E-004   7.4724822970277183
  5.19999999999999976E-002 -0.25800000000000001       6.37043879999999959E-004   7.3586720193642874
  5.19999999999999976E-002 -0.25400000000000000       7.09322200000000037E-004   7.2512006917827456
  5.19999999999999976E-002 -0.25000000000000000       7.88340939999999935E-004   7.1455798967042767
  5.19999999999999976E-002 -0.24600000000000000       8.72689880000000122E-004   7.0439303000579594
  5.19999999999999976E-002 -0.24199999999999999       9.64850380000000060E-004   6.9435375152783845
  5.19999999999999976E-002 -0.23799999999999999       1.05464297999999994E-003   6.8545529769098135
  5.19999999999999976E-002 -0.23400000000000001       1.14774401999999994E-003   6.7699569850423735
  5.19999999999999976E-002 -0.23000000000000001       1.25900668000000012E-003   6.6774322181357499
  5.19999999999999976E-002 -0.22600000000000001       1.37412932000000000E-003   6.5899349702513943
  5.19999999999999976E-002 -0.22200000000000000       1.50992767999999999E-003   6.4956935233419957
  5.19999999999999976E-002 -0.21800000000000000       1.63546404000000016E-003   6.4158286983874468
  5.19999999999999976E-002 -0.21400000000000000       1.77131990000000002E-003   6.3360303040824428
  5.19999999999999976E-002 -0.20999999999999999       1.92136274000000011E-003   6.2547205842865852
  5.19999999999999976E-002 -0.20599999999999999       2.09460918000000003E-003   6.1683882919364654
  5.19999999999999976E-002 -0.20200000000000001       2.27747858000000017E-003   6.0846863339237851
  5.19999999999999976E-002 -0.19800000000000001       2.46362601999999993E-003   6.0061210224276511
  5.19999999999999976E-002 -0.19400000000000001       2.66605352000000035E-003   5.9271559824083662
  5.19999999999999976E-002 -0.19000000000000000       2.87084785999999976E-003   5.8531478712361897
  5.19999999999999976E-002 -0.18600000000000000       3.07645225999999975E-003   5.7839782095378034
  5.19999999999999976E-002 -0.18200000000000000       3.29440087999999980E-003   5.7155309545708235
  5.19999999999999976E-002 -0.17799999999999999       3.52432782000000003E-003   5.6480655502631354
  5.19999999999999976E-002 -0.17399999999999999       3.76421336000000006E-003   5.5822163744871816
  5.19999999999999976E-002 -0.17000000000000001       4.00738824000000052E-003   5.5196155615799780
  5.19999999999999976E-002 -0.16600000000000001       4.25111017999999993E-003   5.4605751113339789
  5.19999999999999976E-002 -0.16200000000000001       4.51895656000000055E-003   5.3994741613453794
  5.19999999999999976E-002 -0.15800000000000000       4.80265709999999971E-003   5.3385859517274934
  5.19999999999999976E-002 -0.15400000000000000       5.09609959999999997E-003   5.2792798161622976
  5.19999999999999976E-002 -0.14999999999999999       5.39295806000000041E-003   5.2226612394049221
  5.19999999999999976E-002 -0.14599999999999999       5.70394495999999949E-003   5.1665972452855620
  5.19999999999999976E-002 -0.14199999999999999       6.02885143999999998E-003   5.1111987606807663
  5.19999999999999976E-002 -0.13800000000000001       6.34290969999999968E-003   5.0604176725975645
  5.19999999999999976E-002 -0.13400000000000001       6.64642620000000049E-003   5.0136759823066201
  5.19999999999999976E-002 -0.13000000000000000       6.98674658000000056E-003   4.9637402702857187
  5.19999999999999976E-002 -0.12600000000000000       7.33214926000000031E-003   4.9154865918741883
  5.19999999999999976E-002 -0.12200000000000000       7.67831900000000029E-003   4.8693546359886586
  5.19999999999999976E-002 -0.11799999999999999       8.05318265999999984E-003   4.8216879041957421
  5.19999999999999976E-002 -0.11400000000000000       8.38631684000000141E-003   4.7811538489296401
  5.19999999999999976E-002 -0.11000000000000000       8.74961787999999942E-003   4.7387452504233565
  5.19999999999999976E-002 -0.10600000000000000       9.10835706000000071E-003   4.6985629286505066
  5.19999999999999976E-002 -0.10199999999999999       9.46736880000000058E-003   4.6599042562193871
  5.19999999999999976E-002 -9.80000000000000038E-002  9.83820721999999898E-003   4.6214817776065829
  5.19999999999999976E-002 -9.40000000000000002E-002  1.01909213199999991E-002   4.5862580217031130
  5.19999999999999976E-002 -8.99999999999999967E-002  1.05569464199999994E-002   4.5509712072929434
  5.19999999999999976E-002 -8.59999999999999931E-002  1.08953678800000012E-002   4.5194175452079284
  5.19999999999999976E-002 -8.20000000000000034E-002  1.12232573200000008E-002   4.4897671072949716
  5.19999999999999976E-002 -7.79999999999999999E-002  1.15329608200000003E-002   4.4625461849521173
  5.19999999999999976E-002 -7.39999999999999963E-002  1.18947444600000004E-002   4.4316586184340192
  5.19999999999999976E-002 -7.00000000000000067E-002  1.22202703200000005E-002   4.4046592043704260
  5.19999999999999976E-002 -6.60000000000000031E-002  1.25105461800000001E-002   4.3811832959839423
  5.19999999999999976E-002 -6.19999999999999996E-002  1.28170179999999995E-002   4.3569814598506351
  5.19999999999999976E-002 -5.80000000000000029E-002  1.31414358400000000E-002   4.3319849994449395
  5.19999999999999976E-002 -5.39999999999999994E-002  1.34193397800000010E-002   4.3110583453701112
  5.19999999999999976E-002 -5.00000000000000028E-002  1.36440789000000003E-002   4.2944496316808047
  5.19999999999999976E-002 -4.59999999999999992E-002  1.38993315400000005E-002   4.2759145306493656
  5.19999999999999976E-002 -4.20000000000000026E-002  1.41364059400000009E-002   4.2590018276255037
  5.19999999999999976E-002 -3.79999999999999991E-002  1.43196043000000002E-002   4.2461257505129915
  5.19999999999999976E-002 -3.40000000000000024E-002  1.44885412199999997E-002   4.2343972026658490
  5.19999999999999976E-002 -2.99999999999999989E-002  1.46952731199999995E-002   4.2202293933703965
  5.19999999999999976E-002 -2.59999999999999988E-002  1.48416795000000015E-002   4.2103158737921325
  5.19999999999999976E-002 -2.19999999999999987E-002  1.49780673000000000E-002   4.2011683279082801
  5.19999999999999976E-002 -1.79999999999999986E-002  1.51040648000000007E-002   4.1927913793339577
  5.19999999999999976E-002 -1.40000000000000003E-002  1.52023382000000002E-002   4.1863060340129969
  5.19999999999999976E-002 -1.00000000000000002E-002  1.52851124199999983E-002   4.1808759687432593
  5.19999999999999976E-002 -6.00000000000000012E-003  1.53301210599999984E-002   4.1779356891954791
  5.19999999999999976E-002 -2.00000000000000004E-003  1.53507113200000000E-002   4.1765934659574517
  5.19999999999999976E-002  2.00000000000000004E-003  1.53474839599999999E-002   4.1768037297845240
  5.19999999999999976E-002  6.00000000000000012E-003  1.53154406200000006E-002   4.1788937686248095
  5.19999999999999976E-002  1.00000000000000002E-002  1.52866632000000016E-002   4.1807745169976620
  5.19999999999999976E-002  1.40000000000000003E-002  1.52042480000000018E-002   4.1861804164911911
  5.19999999999999976E-002  1.79999999999999986E-002  1.51264741200000004E-002   4.1913088173350515
  5.19999999999999976E-002  2.19999999999999987E-002  1.50214015799999996E-002   4.1982793227519819
  5.19999999999999976E-002  2.59999999999999988E-002  1.48972895400000006E-002   4.2065759926454804
  5.19999999999999976E-002  2.99999999999999989E-002  1.47854438800000005E-002   4.2141121038084384
  5.19999999999999976E-002  3.40000000000000024E-002  1.46255738000000014E-002   4.2249836524458235
  5.19999999999999976E-002  3.79999999999999991E-002  1.44610823200000006E-002   4.2362942158133023
  5.19999999999999976E-002  4.20000000000000026E-002  1.42583754800000000E-002   4.2504107919441552
  5.19999999999999976E-002  4.59999999999999992E-002  1.40410040600000008E-002   4.2657733686964798
  5.19999999999999976E-002  5.00000000000000028E-002  1.38055975200000007E-002   4.2826811516681698
  5.19999999999999976E-002  5.39999999999999994E-002  1.35307668599999997E-002   4.3027891599133659
  5.19999999999999976E-002  5.80000000000000029E-002  1.32561303200000001E-002   4.3232951678862843
  5.19999999999999976E-002  6.19999999999999996E-002  1.29859377200000018E-002   4.3438882208414249
  5.19999999999999976E-002  6.60000000000000031E-002  1.26787614999999999E-002   4.3678270082450013
  5.19999999999999976E-002  7.00000000000000067E-002  1.23837234600000009E-002   4.3913722928104502
  5.19999999999999976E-002  7.39999999999999963E-002  1.20485349999999991E-002   4.4188122032000123
  5.19999999999999976E-002  7.79999999999999999E-002  1.17288235400000006E-002   4.4457059163167916
  5.19999999999999976E-002  8.20000000000000034E-002  1.13920732999999996E-002   4.4748374899933294
  5.19999999999999976E-002  8.59999999999999931E-002  1.10506113799999986E-002   4.5052695240421530
  5.19999999999999976E-002  8.99999999999999967E-002  1.07002090400000003E-002   4.5374920012565125
  5.19999999999999976E-002  9.40000000000000002E-002  1.03579948200000008E-002   4.5699966110771060
  5.19999999999999976E-002  9.80000000000000038E-002  1.00209301600000002E-002   4.6030793572945665
  5.19999999999999976E-002  0.10199999999999999       9.64874169999999955E-003   4.6409277659156345
  5.19999999999999976E-002  0.10600000000000000       9.28172413999999932E-003   4.6797079584927532
  5.19999999999999976E-002  0.11000000000000000       8.93286779999999912E-003   4.7180177934316090
  5.19999999999999976E-002  0.11400000000000000       8.57548531999999947E-003   4.7588476904471397
  5.19999999999999976E-002  0.11799999999999999       8.23861428000000062E-003   4.7989231191058126
  5.19999999999999976E-002  0.12200000000000000       7.89460909999999995E-003   4.8415751448498971
  5.19999999999999976E-002  0.12600000000000000       7.52437608000000070E-003   4.8896073847414776
  5.19999999999999976E-002  0.13000000000000000       7.18991505999999961E-003   4.9350759209490054
  5.19999999999999976E-002  0.13400000000000001       6.84248599999999919E-003   4.9846041630873392
  5.19999999999999976E-002  0.13800000000000001       6.50997287999999924E-003   5.0344199886689545
  5.19999999999999976E-002  0.14199999999999999       6.18158415999999974E-003   5.0861807037915634
  5.19999999999999976E-002  0.14599999999999999       5.86873118000000044E-003   5.1381168218286044
  5.19999999999999976E-002  0.14999999999999999       5.55823248000000044E-003   5.1924751205409096
  5.19999999999999976E-002  0.15400000000000000       5.24261020000000005E-003   5.2509357749036427
  5.19999999999999976E-002  0.15800000000000000       4.94310230000000010E-003   5.3097621489378293
  5.19999999999999976E-002  0.16200000000000001       4.64798914000000025E-003   5.3713205959240691
  5.19999999999999976E-002  0.16600000000000001       4.38563720000000046E-003   5.4294203501459997
  5.19999999999999976E-002  0.17000000000000001       4.12875548000000026E-003   5.4897792539819239
  5.19999999999999976E-002  0.17399999999999999       3.86425411999999965E-003   5.5559865987488086
  5.19999999999999976E-002  0.17799999999999999       3.60089412000000027E-003   5.6265730976913009
  5.19999999999999976E-002  0.18200000000000000       3.35393442000000031E-003   5.6976211685450862
  5.19999999999999976E-002  0.18600000000000000       3.11960274000000004E-003   5.7700496121905838
  5.19999999999999976E-002  0.19000000000000000       2.88678994000000000E-003   5.8476101415997190
  5.19999999999999976E-002  0.19400000000000001       2.68418126000000016E-003   5.9203795286209466
  5.19999999999999976E-002  0.19800000000000001       2.48821599999999969E-003   5.9961892911532999
  5.19999999999999976E-002  0.20200000000000001       2.31191357999999993E-003   6.0696797077633482
  5.19999999999999976E-002  0.20599999999999999       2.13491972000000004E-003   6.1493262348820537
  5.19999999999999976E-002  0.20999999999999999       1.95595480000000004E-003   6.2368768160209722
  5.19999999999999976E-002  0.21400000000000000       1.79931513999999977E-003   6.3203491642578307
  5.19999999999999976E-002  0.21800000000000000       1.65419903999999992E-003   6.4044383510475864
  5.19999999999999976E-002  0.22200000000000000       1.51257280000000006E-003   6.4939432369861914
  5.19999999999999976E-002  0.22600000000000001       1.38371770000000004E-003   6.5829814165806217
  5.19999999999999976E-002  0.23000000000000001       1.27021214000000004E-003   6.6685713530910808
  5.19999999999999976E-002  0.23400000000000001       1.16497235999999988E-003   6.7550579175678118
  5.19999999999999976E-002  0.23799999999999999       1.06081274000000003E-003   6.8487199288008718
  5.19999999999999976E-002  0.24199999999999999       9.61990639999999960E-004   6.9465058370756312
  5.19999999999999976E-002  0.24600000000000000       8.69698039999999969E-004   7.0473644870217784
  5.19999999999999976E-002  0.25000000000000000       7.97701840000000057E-004   7.1337756644182848
  5.19999999999999976E-002  0.25400000000000000       7.23029119999999987E-004   7.2320610599914179
  5.19999999999999976E-002  0.25800000000000001       6.51592259999999928E-004   7.3360915597599723
  5.19999999999999976E-002  0.26200000000000001       5.91262960000000018E-004   7.4332496987366303
  5.19999999999999976E-002  0.26600000000000001       5.23299340000000016E-004   7.5553569058137366
  5.19999999999999976E-002  0.27000000000000002       4.66274039999999977E-004   7.6707370280137210
  5.19999999999999976E-002  0.27400000000000002       4.19996719999999951E-004   7.7752636562411643
  5.19999999999999976E-002  0.27800000000000002       3.75740320000000026E-004   7.8866122914727450
  5.19999999999999976E-002  0.28199999999999997       3.37289739999999973E-004   7.9945682343848041
  5.19999999999999976E-002  0.28599999999999998       3.05440820000000006E-004   8.0937545133387907
  5.19999999999999976E-002  0.28999999999999998       2.73460320000000023E-004   8.2043540288945991
  5.19999999999999976E-002  0.29399999999999998       2.41279199999999992E-004   8.3295557888000467
  5.19999999999999976E-002  0.29799999999999999       2.13751580000000021E-004   8.4506960583618582
  5.19999999999999976E-002  0.30199999999999999       1.89280740000000001E-004   8.5722792481898527
  5.19999999999999976E-002  0.30599999999999999       1.66554180000000004E-004   8.7001898960712261
  5.19999999999999976E-002  0.31000000000000000       1.48151740000000009E-004   8.8172735391604800
  5.19999999999999976E-002  0.31400000000000000       1.29252360000000000E-004   8.9537437855548117
  5.19999999999999976E-002  0.31800000000000000       1.13239740000000016E-004   9.0860033937316889
  5.19999999999999976E-002  0.32200000000000001       9.79336600000000045E-005   9.2312202472957186
  5.19999999999999976E-002  0.32600000000000001       8.57626800000000034E-005   9.3639266111300525
  5.19999999999999976E-002  0.33000000000000002       7.39226200000000041E-005   9.5124916875360164
  5.19999999999999976E-002  0.33400000000000002       6.41244200000000002E-005   9.6546852993485537
  5.19999999999999976E-002  0.33800000000000002       5.54027000000000040E-005   9.8008822289365245
  5.19999999999999976E-002  0.34200000000000003       4.64729000000000002E-005   9.9766412109613132
  5.19999999999999976E-002  0.34599999999999997       4.10369000000000001E-005   10.101038896017130
  5.19999999999999976E-002  0.34999999999999998       3.58291000000000056E-005   10.236750145578574
  5.19999999999999976E-002  0.35399999999999998       3.21889200000000008E-005   10.343888264008569
  5.19999999999999976E-002  0.35799999999999998       2.72017000000000008E-005   10.512231086615365
  5.19999999999999976E-002  0.36199999999999999       2.28476599999999987E-005   10.686661852870204
  5.19999999999999976E-002  0.36599999999999999       1.81447400000000021E-005   10.917129846418160
  5.19999999999999976E-002  0.37000000000000000       1.47145200000000009E-005   11.126675796586614
  5.19999999999999976E-002  0.37400000000000000       1.26735600000000007E-005   11.275992624408527
  5.19999999999999976E-002  0.37800000000000000       1.07335800000000003E-005   11.442133412979629
  5.19999999999999976E-002  0.38200000000000001       7.96086000000000089E-006   11.740973523742900
  5.19999999999999976E-002  0.38600000000000001       6.29757999999999994E-006   11.975345125346582
  5.19999999999999976E-002  0.39000000000000001       5.17640000000000011E-006   12.171400723998897
  5.19999999999999976E-002  0.39400000000000002       4.49596000000000040E-006   12.312331342209614
  5.19999999999999976E-002  0.39800000000000002       3.50861999999999988E-006   12.560287760188260
  5.19999999999999976E-002  0.40200000000000002       2.89045999999999985E-006   12.754094898955890
  5.19999999999999976E-002  0.40600000000000003       2.16858000000000017E-006   13.041437982490745
  5.19999999999999976E-002  0.40999999999999998       1.63215999999999976E-006   13.325606267012203
  5.19999999999999976E-002  0.41399999999999998       1.18761999999999999E-006   13.643559253511508
  5.19999999999999976E-002  0.41799999999999998       6.70459999999999930E-007   14.215301792976634
  5.19999999999999976E-002  0.42199999999999999       4.85679999999999939E-007   14.537715866124232
  5.19999999999999976E-002  0.42599999999999999       2.72999999999999970E-007   15.113794041761452
  5.19999999999999976E-002  0.42999999999999999       1.77659999999999991E-007   15.543394225604857
  5.19999999999999976E-002  0.43400000000000000       1.31560000000000021E-007   15.843802815625555
  5.19999999999999976E-002  0.43800000000000000       1.79180000000000020E-007   15.534874949776979
  5.19999999999999976E-002  0.44200000000000000       1.72660000000000012E-007   15.571941494139034
  5.19999999999999976E-002  0.44600000000000001       1.61400000000000003E-007   15.639380081110563
  5.19999999999999976E-002  0.45000000000000001       1.31860000000000017E-007   15.841525083261258
  5.19999999999999976E-002  0.45400000000000001       1.33760000000000001E-007   15.827218687610019
  5.19999999999999976E-002  0.45800000000000002       1.61739999999999991E-007   15.637275729278736
  5.19999999999999976E-002  0.46200000000000002       5.45800000000000030E-008   16.723598321666220
  5.19999999999999976E-002  0.46600000000000003        0.0000000000000000                      +Infinity
  5.19999999999999976E-002  0.46999999999999997        0.0000000000000000                      +Infinity
  5.19999999999999976E-002  0.47399999999999998        0.0000000000000000                      +Infinity
  5.19999999999999976E-002  0.47799999999999998        0.0000000000000000                      +Infinity
  5.19999999999999976E-002  0.48199999999999998        0.0000000000000000                      +Infinity
  5.19999999999999976E-002  0.48599999999999999        0.0000000000000000                      +Infinity
  5.19999999999999976E-002  0.48999999999999999        0.0000000000000000                      +Infinity
  5.19999999999999976E-002  0.49399999999999999        0.0000000000000000                      +Infinity
  5.19999999999999976E-002  0.49800000000000000        0.0000000000000000                      +Infinity
  5.19999999999999976E-002  0.50200000000000000        0.0000000000000000                      +Infinity
  5.19999999999999976E-002  0.50600000000000001        0.0000000000000000                      +Infinity
  5.19999999999999976E-002  0.51000000000000001        0.0000000000000000                      +Infinity
  5.19999999999999976E-002  0.51400000000000001        0.0000000000000000                      +Infinity
  5.19999999999999976E-002  0.51800000000000002        0.0000000000000000                      +Infinity
  5.19999999999999976E-002  0.52200000000000002        0.0000000000000000                      +Infinity
  5.19999999999999976E-002  0.52600000000000002        0.0000000000000000                      +Infinity
  5.19999999999999976E-002  0.53000000000000003        0.0000000000000000                      +Infinity
  5.19999999999999976E-002  0.53400000000000003        0.0000000000000000                      +Infinity
  5.19999999999999976E-002  0.53800000000000003        0.0000000000000000                      +Infinity
  5.19999999999999976E-002  0.54200000000000004        0.0000000000000000                      +Infinity
  5.19999999999999976E-002  0.54600000000000004        0.0000000000000000                      +Infinity
  5.19999999999999976E-002  0.55000000000000004        0.0000000000000000                      +Infinity
  5.19999999999999976E-002  0.55400000000000005        0.0000000000000000                      +Infinity
  5.19999999999999976E-002  0.55800000000000005        0.0000000000000000                      +Infinity
  5.19999999999999976E-002  0.56200000000000006        0.0000000000000000                      +Infinity
  5.19999999999999976E-002  0.56599999999999995        0.0000000000000000                      +Infinity
  5.19999999999999976E-002  0.56999999999999995        0.0000000000000000                      +Infinity
  5.19999999999999976E-002  0.57399999999999995        0.0000000000000000                      +Infinity
  5.19999999999999976E-002  0.57799999999999996        0.0000000000000000                      +Infinity
  5.19999999999999976E-002  0.58199999999999996        0.0000000000000000                      +Infinity
  5.19999999999999976E-002  0.58599999999999997        0.0000000000000000                      +Infinity
  5.19999999999999976E-002  0.58999999999999997        0.0000000000000000                      +Infinity
  5.19999999999999976E-002  0.59399999999999997        0.0000000000000000                      +Infinity
  5.19999999999999976E-002  0.59799999999999998        0.0000000000000000                      +Infinity
  5.19999999999999976E-002  0.60199999999999998        0.0000000000000000                      +Infinity
  5.19999999999999976E-002  0.60599999999999998        0.0000000000000000                      +Infinity
  5.19999999999999976E-002  0.60999999999999999        0.0000000000000000                      +Infinity
  5.19999999999999976E-002  0.61399999999999999        0.0000000000000000                      +Infinity
  5.19999999999999976E-002  0.61799999999999999        0.0000000000000000                      +Infinity
  5.19999999999999976E-002  0.62200000000000000        0.0000000000000000                      +Infinity
  5.19999999999999976E-002  0.62600000000000000        0.0000000000000000                      +Infinity
  5.19999999999999976E-002  0.63000000000000000        0.0000000000000000                      +Infinity
  5.19999999999999976E-002  0.63400000000000001        0.0000000000000000                      +Infinity
  5.19999999999999976E-002  0.63800000000000001        0.0000000000000000                      +Infinity
  5.19999999999999976E-002  0.64200000000000002        0.0000000000000000                      +Infinity
  5.19999999999999976E-002  0.64600000000000002        0.0000000000000000                      +Infinity
  5.19999999999999976E-002  0.65000000000000002        0.0000000000000000                      +Infinity
  5.19999999999999976E-002  0.65400000000000003        0.0000000000000000                      +Infinity
  5.19999999999999976E-002  0.65800000000000003        0.0000000000000000                      +Infinity
  5.19999999999999976E-002  0.66200000000000003        0.0000000000000000                      +Infinity
  5.19999999999999976E-002  0.66600000000000004        0.0000000000000000                      +Infinity
  5.19999999999999976E-002  0.67000000000000004        0.0000000000000000                      +Infinity
  5.19999999999999976E-002  0.67400000000000004        0.0000000000000000                      +Infinity
  5.19999999999999976E-002  0.67800000000000005        0.0000000000000000                      +Infinity
  5.19999999999999976E-002  0.68200000000000005        0.0000000000000000                      +Infinity
  5.19999999999999976E-002  0.68600000000000005        0.0000000000000000                      +Infinity
  5.19999999999999976E-002  0.68999999999999995        0.0000000000000000                      +Infinity
  5.19999999999999976E-002  0.69399999999999995        0.0000000000000000                      +Infinity
  5.19999999999999976E-002  0.69799999999999995        0.0000000000000000                      +Infinity
  5.19999999999999976E-002  0.70199999999999996        0.0000000000000000                      +Infinity
  5.19999999999999976E-002  0.70599999999999996        0.0000000000000000                      +Infinity
  5.19999999999999976E-002  0.70999999999999996        0.0000000000000000                      +Infinity
  5.19999999999999976E-002  0.71399999999999997        0.0000000000000000                      +Infinity
  5.19999999999999976E-002  0.71799999999999997        0.0000000000000000                      +Infinity
  5.19999999999999976E-002  0.72199999999999998        0.0000000000000000                      +Infinity
  5.19999999999999976E-002  0.72599999999999998        0.0000000000000000                      +Infinity
  5.19999999999999976E-002  0.72999999999999998        0.0000000000000000                      +Infinity
  5.19999999999999976E-002  0.73399999999999999        0.0000000000000000                      +Infinity
  5.19999999999999976E-002  0.73799999999999999        0.0000000000000000                      +Infinity
  5.19999999999999976E-002  0.74199999999999999        0.0000000000000000                      +Infinity
  5.19999999999999976E-002  0.74600000000000000        0.0000000000000000                      +Infinity
  5.19999999999999976E-002  0.75000000000000000        0.0000000000000000                      +Infinity
  5.19999999999999976E-002  0.75400000000000000        0.0000000000000000                      +Infinity
  5.19999999999999976E-002  0.75800000000000001        0.0000000000000000                      +Infinity
  5.19999999999999976E-002  0.76200000000000001        0.0000000000000000                      +Infinity
  5.19999999999999976E-002  0.76600000000000001        0.0000000000000000                      +Infinity
  5.19999999999999976E-002  0.77000000000000002        0.0000000000000000                      +Infinity
  5.19999999999999976E-002  0.77400000000000002        0.0000000000000000                      +Infinity
  5.19999999999999976E-002  0.77800000000000002        0.0000000000000000                      +Infinity
  5.19999999999999976E-002  0.78200000000000003        0.0000000000000000                      +Infinity
  5.19999999999999976E-002  0.78600000000000003        0.0000000000000000                      +Infinity
  5.19999999999999976E-002  0.79000000000000004        0.0000000000000000                      +Infinity
  5.19999999999999976E-002  0.79400000000000004        0.0000000000000000                      +Infinity
  5.19999999999999976E-002  0.79800000000000004        0.0000000000000000                      +Infinity
  5.19999999999999976E-002  0.80200000000000005        0.0000000000000000                      +Infinity
  5.19999999999999976E-002  0.80600000000000005        0.0000000000000000                      +Infinity
  5.19999999999999976E-002  0.81000000000000005        0.0000000000000000                      +Infinity
  5.19999999999999976E-002  0.81399999999999995        0.0000000000000000                      +Infinity
  5.19999999999999976E-002  0.81799999999999995        0.0000000000000000                      +Infinity
  5.19999999999999976E-002  0.82199999999999995        0.0000000000000000                      +Infinity
  5.19999999999999976E-002  0.82599999999999996        0.0000000000000000                      +Infinity
  5.19999999999999976E-002  0.82999999999999996        0.0000000000000000                      +Infinity
  5.19999999999999976E-002  0.83399999999999996        0.0000000000000000                      +Infinity
  5.19999999999999976E-002  0.83799999999999997        0.0000000000000000                      +Infinity
  5.19999999999999976E-002  0.84199999999999997        0.0000000000000000                      +Infinity
  5.19999999999999976E-002  0.84599999999999997        0.0000000000000000                      +Infinity
  5.19999999999999976E-002  0.84999999999999998        0.0000000000000000                      +Infinity
  5.19999999999999976E-002  0.85399999999999998        0.0000000000000000                      +Infinity
  5.19999999999999976E-002  0.85799999999999998        0.0000000000000000                      +Infinity
  5.19999999999999976E-002  0.86199999999999999        0.0000000000000000                      +Infinity
  5.19999999999999976E-002  0.86599999999999999        0.0000000000000000                      +Infinity
  5.19999999999999976E-002  0.87000000000000000        0.0000000000000000                      +Infinity
  5.19999999999999976E-002  0.87400000000000000        0.0000000000000000                      +Infinity
  5.19999999999999976E-002  0.87800000000000000        0.0000000000000000                      +Infinity
  5.19999999999999976E-002  0.88200000000000001        0.0000000000000000                      +Infinity
  5.19999999999999976E-002  0.88600000000000001        0.0000000000000000                      +Infinity
  5.19999999999999976E-002  0.89000000000000001        0.0000000000000000                      +Infinity
  5.19999999999999976E-002  0.89400000000000002        0.0000000000000000                      +Infinity
  5.19999999999999976E-002  0.89800000000000002        0.0000000000000000                      +Infinity
  5.19999999999999976E-002  0.90200000000000002        0.0000000000000000                      +Infinity
  5.19999999999999976E-002  0.90600000000000003        0.0000000000000000                      +Infinity
  5.19999999999999976E-002  0.91000000000000003        0.0000000000000000                      +Infinity
  5.19999999999999976E-002  0.91400000000000003        0.0000000000000000                      +Infinity
  5.19999999999999976E-002  0.91800000000000004        0.0000000000000000                      +Infinity
  5.19999999999999976E-002  0.92200000000000004        0.0000000000000000                      +Infinity
  5.19999999999999976E-002  0.92600000000000005        0.0000000000000000                      +Infinity
  5.19999999999999976E-002  0.93000000000000005        0.0000000000000000                      +Infinity
  5.19999999999999976E-002  0.93400000000000005        0.0000000000000000                      +Infinity
  5.19999999999999976E-002  0.93799999999999994        0.0000000000000000                      +Infinity
  5.19999999999999976E-002  0.94199999999999995        0.0000000000000000                      +Infinity
  5.19999999999999976E-002  0.94599999999999995        0.0000000000000000                      +Infinity
  5.19999999999999976E-002  0.94999999999999996        0.0000000000000000                      +Infinity
  5.19999999999999976E-002  0.95399999999999996        0.0000000000000000                      +Infinity
  5.19999999999999976E-002  0.95799999999999996        0.0000000000000000                      +Infinity
  5.19999999999999976E-002  0.96199999999999997        0.0000000000000000                      +Infinity
  5.19999999999999976E-002  0.96599999999999997        0.0000000000000000                      +Infinity
  5.19999999999999976E-002  0.96999999999999997        0.0000000000000000                      +Infinity
  5.19999999999999976E-002  0.97399999999999998        0.0000000000000000                      +Infinity
  5.19999999999999976E-002  0.97799999999999998        0.0000000000000000                      +Infinity
  5.19999999999999976E-002  0.98199999999999998        0.0000000000000000                      +Infinity
  5.19999999999999976E-002  0.98599999999999999        0.0000000000000000                      +Infinity
  5.19999999999999976E-002  0.98999999999999999        0.0000000000000000                      +Infinity
  5.19999999999999976E-002  0.99399999999999999        0.0000000000000000                      +Infinity
  5.19999999999999976E-002  0.99800000000000000        0.0000000000000000                      +Infinity
