  6.19999999999999996E-002 -0.99800000000000000        0.0000000000000000                      +Infinity
  6.19999999999999996E-002 -0.99399999999999999        0.0000000000000000                      +Infinity
  6.19999999999999996E-002 -0.98999999999999999        0.0000000000000000                      +Infinity
  6.19999999999999996E-002 -0.98599999999999999        0.0000000000000000                      +Infinity
  6.19999999999999996E-002 -0.98199999999999998        0.0000000000000000                      +Infinity
  6.19999999999999996E-002 -0.97799999999999998        0.0000000000000000                      +Infinity
  6.19999999999999996E-002 -0.97399999999999998        0.0000000000000000                      +Infinity
  6.19999999999999996E-002 -0.96999999999999997        0.0000000000000000                      +Infinity
  6.19999999999999996E-002 -0.96599999999999997        0.0000000000000000                      +Infinity
  6.19999999999999996E-002 -0.96199999999999997        0.0000000000000000                      +Infinity
  6.19999999999999996E-002 -0.95799999999999996        0.0000000000000000                      +Infinity
  6.19999999999999996E-002 -0.95399999999999996        0.0000000000000000                      +Infinity
  6.19999999999999996E-002 -0.94999999999999996        0.0000000000000000                      +Infinity
  6.19999999999999996E-002 -0.94599999999999995        0.0000000000000000                      +Infinity
  6.19999999999999996E-002 -0.94199999999999995        0.0000000000000000                      +Infinity
  6.19999999999999996E-002 -0.93799999999999994        0.0000000000000000                      +Infinity
  6.19999999999999996E-002 -0.93400000000000005        0.0000000000000000                      +Infinity
  6.19999999999999996E-002 -0.93000000000000005        0.0000000000000000                      +Infinity
  6.19999999999999996E-002 -0.92600000000000005        0.0000000000000000                      +Infinity
  6.19999999999999996E-002 -0.92200000000000004        0.0000000000000000                      +Infinity
  6.19999999999999996E-002 -0.91800000000000004        0.0000000000000000                      +Infinity
  6.19999999999999996E-002 -0.91400000000000003        0.0000000000000000                      +Infinity
  6.19999999999999996E-002 -0.91000000000000003        0.0000000000000000                      +Infinity
  6.19999999999999996E-002 -0.90600000000000003        0.0000000000000000                      +Infinity
  6.19999999999999996E-002 -0.90200000000000002        0.0000000000000000                      +Infinity
  6.19999999999999996E-002 -0.89800000000000002        0.0000000000000000                      +Infinity
  6.19999999999999996E-002 -0.89400000000000002        0.0000000000000000                      +Infinity
  6.19999999999999996E-002 -0.89000000000000001        0.0000000000000000                      +Infinity
  6.19999999999999996E-002 -0.88600000000000001        0.0000000000000000                      +Infinity
  6.19999999999999996E-002 -0.88200000000000001        0.0000000000000000                      +Infinity
  6.19999999999999996E-002 -0.87800000000000000        0.0000000000000000                      +Infinity
  6.19999999999999996E-002 -0.87400000000000000        0.0000000000000000                      +Infinity
  6.19999999999999996E-002 -0.87000000000000000        0.0000000000000000                      +Infinity
  6.19999999999999996E-002 -0.86599999999999999        0.0000000000000000                      +Infinity
  6.19999999999999996E-002 -0.86199999999999999        0.0000000000000000                      +Infinity
  6.19999999999999996E-002 -0.85799999999999998        0.0000000000000000                      +Infinity
  6.19999999999999996E-002 -0.85399999999999998        0.0000000000000000                      +Infinity
  6.19999999999999996E-002 -0.84999999999999998        0.0000000000000000                      +Infinity
  6.19999999999999996E-002 -0.84599999999999997        0.0000000000000000                      +Infinity
  6.19999999999999996E-002 -0.84199999999999997        0.0000000000000000                      +Infinity
  6.19999999999999996E-002 -0.83799999999999997        0.0000000000000000                      +Infinity
  6.19999999999999996E-002 -0.83399999999999996        0.0000000000000000                      +Infinity
  6.19999999999999996E-002 -0.82999999999999996        0.0000000000000000                      +Infinity
  6.19999999999999996E-002 -0.82599999999999996        0.0000000000000000                      +Infinity
  6.19999999999999996E-002 -0.82199999999999995        0.0000000000000000                      +Infinity
  6.19999999999999996E-002 -0.81799999999999995        0.0000000000000000                      +Infinity
  6.19999999999999996E-002 -0.81399999999999995        0.0000000000000000                      +Infinity
  6.19999999999999996E-002 -0.81000000000000005        0.0000000000000000                      +Infinity
  6.19999999999999996E-002 -0.80600000000000005        0.0000000000000000                      +Infinity
  6.19999999999999996E-002 -0.80200000000000005        0.0000000000000000                      +Infinity
  6.19999999999999996E-002 -0.79800000000000004        0.0000000000000000                      +Infinity
  6.19999999999999996E-002 -0.79400000000000004        0.0000000000000000                      +Infinity
  6.19999999999999996E-002 -0.79000000000000004        0.0000000000000000                      +Infinity
  6.19999999999999996E-002 -0.78600000000000003        0.0000000000000000                      +Infinity
  6.19999999999999996E-002 -0.78200000000000003        0.0000000000000000                      +Infinity
  6.19999999999999996E-002 -0.77800000000000002        0.0000000000000000                      +Infinity
  6.19999999999999996E-002 -0.77400000000000002        0.0000000000000000                      +Infinity
  6.19999999999999996E-002 -0.77000000000000002        0.0000000000000000                      +Infinity
  6.19999999999999996E-002 -0.76600000000000001        0.0000000000000000                      +Infinity
  6.19999999999999996E-002 -0.76200000000000001        0.0000000000000000                      +Infinity
  6.19999999999999996E-002 -0.75800000000000001        0.0000000000000000                      +Infinity
  6.19999999999999996E-002 -0.75400000000000000        0.0000000000000000                      +Infinity
  6.19999999999999996E-002 -0.75000000000000000        0.0000000000000000                      +Infinity
  6.19999999999999996E-002 -0.74600000000000000        0.0000000000000000                      +Infinity
  6.19999999999999996E-002 -0.74199999999999999        0.0000000000000000                      +Infinity
  6.19999999999999996E-002 -0.73799999999999999        0.0000000000000000                      +Infinity
  6.19999999999999996E-002 -0.73399999999999999        0.0000000000000000                      +Infinity
  6.19999999999999996E-002 -0.72999999999999998        0.0000000000000000                      +Infinity
  6.19999999999999996E-002 -0.72599999999999998        0.0000000000000000                      +Infinity
  6.19999999999999996E-002 -0.72199999999999998        0.0000000000000000                      +Infinity
  6.19999999999999996E-002 -0.71799999999999997        0.0000000000000000                      +Infinity
  6.19999999999999996E-002 -0.71399999999999997        0.0000000000000000                      +Infinity
  6.19999999999999996E-002 -0.70999999999999996        0.0000000000000000                      +Infinity
  6.19999999999999996E-002 -0.70599999999999996        0.0000000000000000                      +Infinity
  6.19999999999999996E-002 -0.70199999999999996        0.0000000000000000                      +Infinity
  6.19999999999999996E-002 -0.69799999999999995        0.0000000000000000                      +Infinity
  6.19999999999999996E-002 -0.69399999999999995        0.0000000000000000                      +Infinity
  6.19999999999999996E-002 -0.68999999999999995        0.0000000000000000                      +Infinity
  6.19999999999999996E-002 -0.68600000000000005        0.0000000000000000                      +Infinity
  6.19999999999999996E-002 -0.68200000000000005        0.0000000000000000                      +Infinity
  6.19999999999999996E-002 -0.67800000000000005        0.0000000000000000                      +Infinity
  6.19999999999999996E-002 -0.67400000000000004        0.0000000000000000                      +Infinity
  6.19999999999999996E-002 -0.67000000000000004        0.0000000000000000                      +Infinity
  6.19999999999999996E-002 -0.66600000000000004        0.0000000000000000                      +Infinity
  6.19999999999999996E-002 -0.66200000000000003        0.0000000000000000                      +Infinity
  6.19999999999999996E-002 -0.65800000000000003        0.0000000000000000                      +Infinity
  6.19999999999999996E-002 -0.65400000000000003        0.0000000000000000                      +Infinity
  6.19999999999999996E-002 -0.65000000000000002        0.0000000000000000                      +Infinity
  6.19999999999999996E-002 -0.64600000000000002        0.0000000000000000                      +Infinity
  6.19999999999999996E-002 -0.64200000000000002        0.0000000000000000                      +Infinity
  6.19999999999999996E-002 -0.63800000000000001        0.0000000000000000                      +Infinity
  6.19999999999999996E-002 -0.63400000000000001        0.0000000000000000                      +Infinity
  6.19999999999999996E-002 -0.63000000000000000        0.0000000000000000                      +Infinity
  6.19999999999999996E-002 -0.62600000000000000        0.0000000000000000                      +Infinity
  6.19999999999999996E-002 -0.62200000000000000        0.0000000000000000                      +Infinity
  6.19999999999999996E-002 -0.61799999999999999        0.0000000000000000                      +Infinity
  6.19999999999999996E-002 -0.61399999999999999        0.0000000000000000                      +Infinity
  6.19999999999999996E-002 -0.60999999999999999        0.0000000000000000                      +Infinity
  6.19999999999999996E-002 -0.60599999999999998        0.0000000000000000                      +Infinity
  6.19999999999999996E-002 -0.60199999999999998        0.0000000000000000                      +Infinity
  6.19999999999999996E-002 -0.59799999999999998        0.0000000000000000                      +Infinity
  6.19999999999999996E-002 -0.59399999999999997        0.0000000000000000                      +Infinity
  6.19999999999999996E-002 -0.58999999999999997        0.0000000000000000                      +Infinity
  6.19999999999999996E-002 -0.58599999999999997        0.0000000000000000                      +Infinity
  6.19999999999999996E-002 -0.58199999999999996        0.0000000000000000                      +Infinity
  6.19999999999999996E-002 -0.57799999999999996        0.0000000000000000                      +Infinity
  6.19999999999999996E-002 -0.57399999999999995        0.0000000000000000                      +Infinity
  6.19999999999999996E-002 -0.56999999999999995        0.0000000000000000                      +Infinity
  6.19999999999999996E-002 -0.56599999999999995        0.0000000000000000                      +Infinity
  6.19999999999999996E-002 -0.56200000000000006        0.0000000000000000                      +Infinity
  6.19999999999999996E-002 -0.55800000000000005        0.0000000000000000                      +Infinity
  6.19999999999999996E-002 -0.55400000000000005        0.0000000000000000                      +Infinity
  6.19999999999999996E-002 -0.55000000000000004        0.0000000000000000                      +Infinity
  6.19999999999999996E-002 -0.54600000000000004        0.0000000000000000                      +Infinity
  6.19999999999999996E-002 -0.54200000000000004        0.0000000000000000                      +Infinity
  6.19999999999999996E-002 -0.53800000000000003        0.0000000000000000                      +Infinity
  6.19999999999999996E-002 -0.53400000000000003        0.0000000000000000                      +Infinity
  6.19999999999999996E-002 -0.53000000000000003        0.0000000000000000                      +Infinity
  6.19999999999999996E-002 -0.52600000000000002        0.0000000000000000                      +Infinity
  6.19999999999999996E-002 -0.52200000000000002        0.0000000000000000                      +Infinity
  6.19999999999999996E-002 -0.51800000000000002        0.0000000000000000                      +Infinity
  6.19999999999999996E-002 -0.51400000000000001        0.0000000000000000                      +Infinity
  6.19999999999999996E-002 -0.51000000000000001        0.0000000000000000                      +Infinity
  6.19999999999999996E-002 -0.50600000000000001        0.0000000000000000                      +Infinity
  6.19999999999999996E-002 -0.50200000000000000        0.0000000000000000                      +Infinity
  6.19999999999999996E-002 -0.49800000000000000        0.0000000000000000                      +Infinity
  6.19999999999999996E-002 -0.49399999999999999        0.0000000000000000                      +Infinity
  6.19999999999999996E-002 -0.48999999999999999        0.0000000000000000                      +Infinity
  6.19999999999999996E-002 -0.48599999999999999        0.0000000000000000                      +Infinity
  6.19999999999999996E-002 -0.48199999999999998        0.0000000000000000                      +Infinity
  6.19999999999999996E-002 -0.47799999999999998        0.0000000000000000                      +Infinity
  6.19999999999999996E-002 -0.47399999999999998        0.0000000000000000                      +Infinity
  6.19999999999999996E-002 -0.46999999999999997        0.0000000000000000                      +Infinity
  6.19999999999999996E-002 -0.46600000000000003        0.0000000000000000                      +Infinity
  6.19999999999999996E-002 -0.46200000000000002        0.0000000000000000                      +Infinity
  6.19999999999999996E-002 -0.45800000000000002        0.0000000000000000                      +Infinity
  6.19999999999999996E-002 -0.45400000000000001        0.0000000000000000                      +Infinity
  6.19999999999999996E-002 -0.45000000000000001        0.0000000000000000                      +Infinity
  6.19999999999999996E-002 -0.44600000000000001        0.0000000000000000                      +Infinity
  6.19999999999999996E-002 -0.44200000000000000        0.0000000000000000                      +Infinity
  6.19999999999999996E-002 -0.43800000000000000        0.0000000000000000                      +Infinity
  6.19999999999999996E-002 -0.43400000000000000        0.0000000000000000                      +Infinity
  6.19999999999999996E-002 -0.42999999999999999        0.0000000000000000                      +Infinity
  6.19999999999999996E-002 -0.42599999999999999       7.99999999999999926E-010   20.946409388260619
  6.19999999999999996E-002 -0.42199999999999999       4.67799999999999993E-008   16.877810075790379
  6.19999999999999996E-002 -0.41799999999999998       1.35759999999999993E-007   15.812377216020440
  6.19999999999999996E-002 -0.41399999999999998       1.91819999999999980E-007   15.466708404646607
  6.19999999999999996E-002 -0.40999999999999998       2.50939999999999996E-007   15.198051970214857
  6.19999999999999996E-002 -0.40600000000000003       5.01640000000000037E-007   14.505383105990562
  6.19999999999999996E-002 -0.40200000000000002       5.15659999999999947E-007   14.477818203373248
  6.19999999999999996E-002 -0.39800000000000002       6.06339999999999962E-007   14.315824952104617
  6.19999999999999996E-002 -0.39400000000000002       8.48639999999999955E-007   13.979630768829024
  6.19999999999999996E-002 -0.39000000000000001       9.24559999999999962E-007   13.893947888279225
  6.19999999999999996E-002 -0.38600000000000001       1.05934000000000001E-006   13.757864485271456
  6.19999999999999996E-002 -0.38200000000000001       1.15590000000000002E-006   13.670631296646189
  6.19999999999999996E-002 -0.37800000000000000       1.60421999999999995E-006   13.342872900817895
  6.19999999999999996E-002 -0.37400000000000000       1.92846000000000000E-006   13.158788801022181
  6.19999999999999996E-002 -0.37000000000000000       2.39256000000000035E-006   12.943146635563853
  6.19999999999999996E-002 -0.36599999999999999       2.77364000000000026E-006   12.795350020989368
  6.19999999999999996E-002 -0.36199999999999999       3.25834000000000005E-006   12.634292694727241
  6.19999999999999996E-002 -0.35799999999999998       4.28302000000000003E-006   12.360852189717848
  6.19999999999999996E-002 -0.35399999999999998       4.93837999999999946E-006   12.218473215769629
  6.19999999999999996E-002 -0.34999999999999998       6.64011999999999903E-006   11.922380522350077
  6.19999999999999996E-002 -0.34599999999999997       8.06876000000000031E-006   11.727510743002885
  6.19999999999999996E-002 -0.34200000000000003       9.37434000000000044E-006   11.577534388585995
  6.19999999999999996E-002 -0.33800000000000002       1.14658200000000010E-005   11.376140122188435
  6.19999999999999996E-002 -0.33400000000000002       1.47904399999999993E-005   11.121529531853117
  6.19999999999999996E-002 -0.33000000000000002       1.80902399999999977E-005   10.920137991646735
  6.19999999999999996E-002 -0.32600000000000001       2.10727400000000018E-005   10.767530295888237
  6.19999999999999996E-002 -0.32200000000000001       2.42578399999999995E-005   10.626770693861561
  6.19999999999999996E-002 -0.31800000000000000       2.97504400000000017E-005   10.422666636166039
  6.19999999999999996E-002 -0.31400000000000000       3.55128000000000033E-005   10.245617363089977
  6.19999999999999996E-002 -0.31000000000000000       4.22237000000000003E-005   10.072528883192549
  6.19999999999999996E-002 -0.30599999999999999       5.12252799999999975E-005   9.8792773977732349
  6.19999999999999996E-002 -0.30199999999999999       6.05130199999999961E-005   9.7126520094695294
  6.19999999999999996E-002 -0.29799999999999999       7.24807399999999948E-005   9.5321896865686444
  6.19999999999999996E-002 -0.29399999999999998       8.39773399999999958E-005   9.3849635574180095
  6.19999999999999996E-002 -0.28999999999999998       9.80977400000000038E-005   9.2295462293749448
  6.19999999999999996E-002 -0.28599999999999998       1.14632880000000004E-004   9.0737758838399589
  6.19999999999999996E-002 -0.28199999999999997       1.32197059999999999E-004   8.9312168698257484
  6.19999999999999996E-002 -0.27800000000000002       1.53059620000000002E-004   8.7846830392721085
  6.19999999999999996E-002 -0.27400000000000002       1.77140380000000001E-004   8.6385680323892480
  6.19999999999999996E-002 -0.27000000000000002       2.02257100000000019E-004   8.5059708975738566
  6.19999999999999996E-002 -0.26600000000000001       2.28933519999999994E-004   8.3820789022337401
  6.19999999999999996E-002 -0.26200000000000001       2.62854020000000002E-004   8.2439117369219108
  6.19999999999999996E-002 -0.25800000000000001       2.98434959999999995E-004   8.1169585383202083
  6.19999999999999996E-002 -0.25400000000000000       3.35512360000000021E-004   7.9998517616946208
  6.19999999999999996E-002 -0.25000000000000000       3.85945159999999962E-004   7.8598152711315628
  6.19999999999999996E-002 -0.24600000000000000       4.36486139999999964E-004   7.7367539357660604
  6.19999999999999996E-002 -0.24199999999999999       5.01443500000000025E-004   7.5980196189230833
  6.19999999999999996E-002 -0.23799999999999999       5.72253119999999952E-004   7.4659291469839451
  6.19999999999999996E-002 -0.23400000000000001       6.52535519999999968E-004   7.3346449834674443
  6.19999999999999996E-002 -0.23000000000000001       7.30802540000000025E-004   7.2213672578233314
  6.19999999999999996E-002 -0.22600000000000001       8.07632279999999933E-004   7.1214037020420644
  6.19999999999999996E-002 -0.22200000000000000       9.09142779999999964E-004   7.0030084024142081
  6.19999999999999996E-002 -0.21800000000000000       1.01352699999999996E-003   6.8943189520718624
  6.19999999999999996E-002 -0.21400000000000000       1.12608384000000006E-003   6.7890092937771920
  6.19999999999999996E-002 -0.20999999999999999       1.25221091999999992E-003   6.6828445540394359
  6.19999999999999996E-002 -0.20599999999999999       1.38913313999999995E-003   6.5790753666717992
  6.19999999999999996E-002 -0.20200000000000001       1.53422864000000016E-003   6.4797275389037621
  6.19999999999999996E-002 -0.19800000000000001       1.68656119999999990E-003   6.3850636159502008
  6.19999999999999996E-002 -0.19400000000000001       1.85305539999999986E-003   6.2909194346622623
  6.19999999999999996E-002 -0.19000000000000000       2.03571969999999988E-003   6.1969058616772053
  6.19999999999999996E-002 -0.18600000000000000       2.22972119999999968E-003   6.1058787237475887
  6.19999999999999996E-002 -0.18200000000000000       2.44331816000000011E-003   6.0143982618664671
  6.19999999999999996E-002 -0.17799999999999999       2.65775357999999996E-003   5.9302740317924219
  6.19999999999999996E-002 -0.17399999999999999       2.89573246000000015E-003   5.8445171913228871
  6.19999999999999996E-002 -0.17000000000000001       3.15710033999999987E-003   5.7581012865727494
  6.19999999999999996E-002 -0.16600000000000001       3.41588264000000034E-003   5.6793193596178906
  6.19999999999999996E-002 -0.16200000000000001       3.71512329999999997E-003   5.5953434115919851
  6.19999999999999996E-002 -0.15800000000000000       3.99407672000000064E-003   5.5229428353597809
  6.19999999999999996E-002 -0.15400000000000000       4.30135655999999960E-003   5.4488248269659110
  6.19999999999999996E-002 -0.14999999999999999       4.61973153999999976E-003   5.3774186838019462
  6.19999999999999996E-002 -0.14599999999999999       4.97075595999999995E-003   5.3041833458125689
  6.19999999999999996E-002 -0.14199999999999999       5.30362518000000033E-003   5.2393646960164499
  6.19999999999999996E-002 -0.13800000000000001       5.66634345999999980E-003   5.1732112616912600
  6.19999999999999996E-002 -0.13400000000000001       6.04869041999999985E-003   5.1079134898742593
  6.19999999999999996E-002 -0.13000000000000000       6.44487201999999985E-003   5.0444705000418288
  6.19999999999999996E-002 -0.12600000000000000       6.86299900000000070E-003   4.9816107607645232
  6.19999999999999996E-002 -0.12200000000000000       7.25776716000000027E-003   4.9256830511687850
  6.19999999999999996E-002 -0.11799999999999999       7.69439488000000019E-003   4.8672631528601036
  6.19999999999999996E-002 -0.11400000000000000       8.11585948000000112E-003   4.8139351711162144
  6.19999999999999996E-002 -0.11000000000000000       8.56637108000000112E-003   4.7599110806245148
  6.19999999999999996E-002 -0.10600000000000000       9.00445648000000078E-003   4.7100356597549320
  6.19999999999999996E-002 -0.10199999999999999       9.46263039999999979E-003   4.6604048796001809
  6.19999999999999996E-002 -9.80000000000000038E-002  9.92497783999999987E-003   4.6127006851569679
  6.19999999999999996E-002 -9.40000000000000002E-002  1.03762435999999996E-002   4.5682363549883762
  6.19999999999999996E-002 -8.99999999999999967E-002  1.08167213799999998E-002   4.5266620662694894
  6.19999999999999996E-002 -8.59999999999999931E-002  1.12478909199999998E-002   4.4875746416848914
  6.19999999999999996E-002 -8.20000000000000034E-002  1.17061320600000008E-002   4.4476424667825851
  6.19999999999999996E-002 -7.79999999999999999E-002  1.21504660600000002E-002   4.4103877510835243
  6.19999999999999996E-002 -7.39999999999999963E-002  1.25864580399999999E-002   4.3751338017221819
  6.19999999999999996E-002 -7.00000000000000067E-002  1.30132290799999991E-002   4.3417888174079371
  6.19999999999999996E-002 -6.60000000000000031E-002  1.34053530000000001E-002   4.3121011741832689
  6.19999999999999996E-002 -6.19999999999999996E-002  1.38274930799999994E-002   4.2810964165475642
  6.19999999999999996E-002 -5.80000000000000029E-002  1.42137078800000007E-002   4.2535484363574954
  6.19999999999999996E-002 -5.39999999999999994E-002  1.45746174800000013E-002   4.2284737920299511
  6.19999999999999996E-002 -5.00000000000000028E-002  1.49188662599999983E-002   4.2051286750294086
  6.19999999999999996E-002 -4.59999999999999992E-002  1.52628590800000016E-002   4.1823329128769409
  6.19999999999999996E-002 -4.20000000000000026E-002  1.55608294999999997E-002   4.1629984518841692
  6.19999999999999996E-002 -3.79999999999999991E-002  1.58662096600000017E-002   4.1435636097688615
  6.19999999999999996E-002 -3.40000000000000024E-002  1.61177106999999993E-002   4.1278365681179325
  6.19999999999999996E-002 -2.99999999999999989E-002  1.63581912000000003E-002   4.1130265162671913
  6.19999999999999996E-002 -2.59999999999999988E-002  1.65465916800000001E-002   4.1015751391532786
  6.19999999999999996E-002 -2.19999999999999987E-002  1.67425406799999975E-002   4.0898024524383594
  6.19999999999999996E-002 -1.79999999999999986E-002  1.69022350199999997E-002   4.0803094160931881
  6.19999999999999996E-002 -1.40000000000000003E-002  1.70219010200000007E-002   4.0732544687721441
  6.19999999999999996E-002 -1.00000000000000002E-002  1.71132792800000010E-002   4.0679005507630785
  6.19999999999999996E-002 -6.00000000000000012E-003  1.71821921000000002E-002   4.0638817745238009
  6.19999999999999996E-002 -2.00000000000000004E-003  1.72605784999999984E-002   4.0593300770866767
  6.19999999999999996E-002  2.00000000000000004E-003  1.72787467200000017E-002   4.0582780460142720
  6.19999999999999996E-002  6.00000000000000012E-003  1.72456210800000023E-002   4.0601970181650264
  6.19999999999999996E-002  1.00000000000000002E-002  1.72050608799999977E-002   4.0625517012327057
  6.19999999999999996E-002  1.40000000000000003E-002  1.71126568800000003E-002   4.0679369208420244
  6.19999999999999996E-002  1.79999999999999986E-002  1.69975900599999979E-002   4.0746837061514567
  6.19999999999999996E-002  2.19999999999999987E-002  1.68063103799999981E-002   4.0860008452425083
  6.19999999999999996E-002  2.59999999999999988E-002  1.66493524799999973E-002   4.0953839534020133
  6.19999999999999996E-002  2.99999999999999989E-002  1.64409818400000005E-002   4.1079781685096908
  6.19999999999999996E-002  3.40000000000000024E-002  1.61771495599999995E-002   4.1241555534526153
  6.19999999999999996E-002  3.79999999999999991E-002  1.58693948200000004E-002   4.1433628787563039
  6.19999999999999996E-002  4.20000000000000026E-002  1.55860042399999996E-002   4.1613819315217953
  6.19999999999999996E-002  4.59999999999999992E-002  1.53016667200000008E-002   4.1797935205691239
  6.19999999999999996E-002  5.00000000000000028E-002  1.49847715800000003E-002   4.2007208215729328
  6.19999999999999996E-002  5.39999999999999994E-002  1.46395986800000009E-002   4.2240251833930085
  6.19999999999999996E-002  5.80000000000000029E-002  1.42814339399999993E-002   4.2487949111456578
  6.19999999999999996E-002  6.19999999999999996E-002  1.38978974200000011E-002   4.2760177150353584
  6.19999999999999996E-002  6.60000000000000031E-002  1.34916892400000002E-002   4.3056813949563848
  6.19999999999999996E-002  7.00000000000000067E-002  1.30491117599999991E-002   4.3390352118977349
  6.19999999999999996E-002  7.39999999999999963E-002  1.26173498799999999E-002   4.3726824375816822
  6.19999999999999996E-002  7.79999999999999999E-002  1.21784688599999996E-002   4.4080857339620758
  6.19999999999999996E-002  8.20000000000000034E-002  1.17364144400000005E-002   4.4450589251998665
  6.19999999999999996E-002  8.59999999999999931E-002  1.12869453400000000E-002   4.4841085007598087
  6.19999999999999996E-002  8.99999999999999967E-002  1.08514961399999998E-002   4.5234523154144890
  6.19999999999999996E-002  9.40000000000000002E-002  1.03900574199999995E-002   4.5669059474185145
  6.19999999999999996E-002  9.80000000000000038E-002  9.95197600000000127E-003   4.6099841545637839
  6.19999999999999996E-002  0.10199999999999999       9.48714655999999962E-003   4.6578173901822391
  6.19999999999999996E-002  0.10600000000000000       9.02166081999999925E-003   4.7081268354709778
  6.19999999999999996E-002  0.11000000000000000       8.56242227999999897E-003   4.7603721522233089
  6.19999999999999996E-002  0.11400000000000000       8.13007598000000005E-003   4.8121850098326320
  6.19999999999999996E-002  0.11799999999999999       7.70634962000000048E-003   4.8657106639656691
  6.19999999999999996E-002  0.12200000000000000       7.27294372000000106E-003   4.9235941560494902
  6.19999999999999996E-002  0.12600000000000000       6.85422403999999975E-003   4.9828901685821814
  6.19999999999999996E-002  0.13000000000000000       6.46557629999999946E-003   5.0412631291998640
  6.19999999999999996E-002  0.13400000000000001       6.09876798000000015E-003   5.0996684986934611
  6.19999999999999996E-002  0.13800000000000001       5.71745646000000000E-003   5.1642312473127747
  6.19999999999999996E-002  0.14199999999999999       5.35569347999999973E-003   5.2295950820664476
  6.19999999999999996E-002  0.14599999999999999       5.00407579999999960E-003   5.2975025386105061
  6.19999999999999996E-002  0.14999999999999999       4.67095366000000022E-003   5.3663920182992175
  6.19999999999999996E-002  0.15400000000000000       4.34061725999999957E-003   5.4397387151765031
  6.19999999999999996E-002  0.15800000000000000       4.03805120000000003E-003   5.5119930796275476
  6.19999999999999996E-002  0.16200000000000001       3.73481639999999988E-003   5.5900566182320892
  6.19999999999999996E-002  0.16600000000000001       3.44984595999999963E-003   5.6694256982110396
  6.19999999999999996E-002  0.17000000000000001       3.17586087999999992E-003   5.7521765400830986
  6.19999999999999996E-002  0.17399999999999999       2.91968923999999996E-003   5.8362780930229867
  6.19999999999999996E-002  0.17799999999999999       2.68008967999999997E-003   5.9219050223326679
  6.19999999999999996E-002  0.18200000000000000       2.44981264000000004E-003   6.0117437308191342
  6.19999999999999996E-002  0.18600000000000000       2.23574141999999991E-003   6.1031823743837235
  6.19999999999999996E-002  0.19000000000000000       2.03330675999999991E-003   6.1980918654088386
  6.19999999999999996E-002  0.19400000000000001       1.84370216000000024E-003   6.2959796853314201
  6.19999999999999996E-002  0.19800000000000001       1.67680259999999979E-003   6.3908665132662339
  6.19999999999999996E-002  0.20200000000000001       1.52486945999999999E-003   6.4858464725866511
  6.19999999999999996E-002  0.20599999999999999       1.38870272000000006E-003   6.5793852625944789
  6.19999999999999996E-002  0.20999999999999999       1.26340228000000002E-003   6.6739469748471949
  6.19999999999999996E-002  0.21400000000000000       1.14352038000000008E-003   6.7736437221853985
  6.19999999999999996E-002  0.21800000000000000       1.02362698000000012E-003   6.8844030960736795
  6.19999999999999996E-002  0.22200000000000000       9.16498019999999994E-004   6.9949506510796464
  6.19999999999999996E-002  0.22600000000000001       8.23577979999999912E-004   7.1018523194478078
  6.19999999999999996E-002  0.23000000000000001       7.38431299999999999E-004   7.2109824867249390
  6.19999999999999996E-002  0.23400000000000001       6.62161220000000075E-004   7.3200014969338350
  6.19999999999999996E-002  0.23799999999999999       5.85908679999999995E-004   7.4423466167084547
  6.19999999999999996E-002  0.24199999999999999       5.25725939999999929E-004   7.5507305076240669
  6.19999999999999996E-002  0.24600000000000000       4.65016280000000027E-004   7.6734381422370914
  6.19999999999999996E-002  0.25000000000000000       4.08318560000000001E-004   7.8034629038998906
  6.19999999999999996E-002  0.25400000000000000       3.60184759999999991E-004   7.9288934359453780
  6.19999999999999996E-002  0.25800000000000001       3.19273700000000040E-004   8.0494618293152396
  6.19999999999999996E-002  0.26200000000000001       2.79631059999999997E-004   8.1820394665068275
  6.19999999999999996E-002  0.26600000000000001       2.44881380000000015E-004   8.3147366279297330
  6.19999999999999996E-002  0.27000000000000002       2.13609019999999995E-004   8.4513632233054121
  6.19999999999999996E-002  0.27400000000000002       1.86237559999999998E-004   8.5884874948815959
  6.19999999999999996E-002  0.27800000000000002       1.60132559999999989E-004   8.7395085857471262
  6.19999999999999996E-002  0.28199999999999997       1.35841839999999994E-004   8.9040192901455075
  6.19999999999999996E-002  0.28599999999999998       1.16182680000000000E-004   9.0603467780123008
  6.19999999999999996E-002  0.28999999999999998       1.00453700000000004E-004   9.2058136331358007
  6.19999999999999996E-002  0.29399999999999998       8.52048999999999878E-005   9.3704516140456509
  6.19999999999999996E-002  0.29799999999999999       7.30438800000000058E-005   9.5244502015112449
  6.19999999999999996E-002  0.30199999999999999       6.24745799999999984E-005   9.6807508039549308
  6.19999999999999996E-002  0.30599999999999999       5.27534799999999942E-005   9.8498808162201446
  6.19999999999999996E-002  0.31000000000000000       4.54463200000000003E-005   9.9989787087156898
  6.19999999999999996E-002  0.31400000000000000       3.91071399999999998E-005   10.149205498948239
  6.19999999999999996E-002  0.31800000000000000       3.29860200000000003E-005   10.319426722620666
  6.19999999999999996E-002  0.32200000000000001       2.60577600000000004E-005   10.555194945449296
  6.19999999999999996E-002  0.32600000000000001       2.08681799999999998E-005   10.777285047194406
  6.19999999999999996E-002  0.33000000000000002       1.64572400000000017E-005   11.014745055997439
  6.19999999999999996E-002  0.33400000000000002       1.28500799999999995E-005   11.262160520961491
  6.19999999999999996E-002  0.33800000000000002       1.07565400000000005E-005   11.439996616280858
  6.19999999999999996E-002  0.34200000000000003       9.05873999999999960E-006   11.611780520428594
  6.19999999999999996E-002  0.34599999999999997       7.38266000000000023E-006   11.816376550688144
  6.19999999999999996E-002  0.34999999999999998       5.66668000000000061E-006   12.080907149637760
  6.19999999999999996E-002  0.35399999999999998       5.14461999999999954E-006   12.177559049520580
  6.19999999999999996E-002  0.35799999999999998       3.70694000000000029E-006   12.505303819521487
  6.19999999999999996E-002  0.36199999999999999       3.26740000000000026E-006   12.631515996354002
  6.19999999999999996E-002  0.36599999999999999       3.02879999999999970E-006   12.707344056491353
  6.19999999999999996E-002  0.37000000000000000       2.34474000000000002E-006   12.963336036413457
  6.19999999999999996E-002  0.37400000000000000       2.61247999999999985E-006   12.855210596205040
  6.19999999999999996E-002  0.37800000000000000       2.43382000000000002E-006   12.926048518475373
  6.19999999999999996E-002  0.38200000000000001       1.56081999999999986E-006   13.370299233778040
  6.19999999999999996E-002  0.38600000000000001       8.81439999999999984E-007   13.941708903222004
  6.19999999999999996E-002  0.39000000000000001       5.69259999999999950E-007   14.378928565182772
  6.19999999999999996E-002  0.39400000000000002       5.59559999999999963E-007   14.396115076338182
  6.19999999999999996E-002  0.39800000000000002       3.28479999999999987E-007   14.928789883675789
  6.19999999999999996E-002  0.40200000000000002       4.21180000000000017E-007   14.680205541194779
  6.19999999999999996E-002  0.40600000000000003       4.24499999999999970E-007   14.672353831195009
  6.19999999999999996E-002  0.40999999999999998       2.64959999999999959E-007   15.143686965749517
  6.19999999999999996E-002  0.41399999999999998       8.98999999999999911E-008   16.224567895468837
  6.19999999999999996E-002  0.41799999999999998       5.15199999999999941E-008   16.781295755150314
  6.19999999999999996E-002  0.42199999999999999        0.0000000000000000                      +Infinity
  6.19999999999999996E-002  0.42599999999999999        0.0000000000000000                      +Infinity
  6.19999999999999996E-002  0.42999999999999999        0.0000000000000000                      +Infinity
  6.19999999999999996E-002  0.43400000000000000        0.0000000000000000                      +Infinity
  6.19999999999999996E-002  0.43800000000000000        0.0000000000000000                      +Infinity
  6.19999999999999996E-002  0.44200000000000000        0.0000000000000000                      +Infinity
  6.19999999999999996E-002  0.44600000000000001        0.0000000000000000                      +Infinity
  6.19999999999999996E-002  0.45000000000000001        0.0000000000000000                      +Infinity
  6.19999999999999996E-002  0.45400000000000001        0.0000000000000000                      +Infinity
  6.19999999999999996E-002  0.45800000000000002        0.0000000000000000                      +Infinity
  6.19999999999999996E-002  0.46200000000000002        0.0000000000000000                      +Infinity
  6.19999999999999996E-002  0.46600000000000003        0.0000000000000000                      +Infinity
  6.19999999999999996E-002  0.46999999999999997        0.0000000000000000                      +Infinity
  6.19999999999999996E-002  0.47399999999999998        0.0000000000000000                      +Infinity
  6.19999999999999996E-002  0.47799999999999998        0.0000000000000000                      +Infinity
  6.19999999999999996E-002  0.48199999999999998        0.0000000000000000                      +Infinity
  6.19999999999999996E-002  0.48599999999999999        0.0000000000000000                      +Infinity
  6.19999999999999996E-002  0.48999999999999999        0.0000000000000000                      +Infinity
  6.19999999999999996E-002  0.49399999999999999        0.0000000000000000                      +Infinity
  6.19999999999999996E-002  0.49800000000000000        0.0000000000000000                      +Infinity
  6.19999999999999996E-002  0.50200000000000000        0.0000000000000000                      +Infinity
  6.19999999999999996E-002  0.50600000000000001        0.0000000000000000                      +Infinity
  6.19999999999999996E-002  0.51000000000000001        0.0000000000000000                      +Infinity
  6.19999999999999996E-002  0.51400000000000001        0.0000000000000000                      +Infinity
  6.19999999999999996E-002  0.51800000000000002        0.0000000000000000                      +Infinity
  6.19999999999999996E-002  0.52200000000000002        0.0000000000000000                      +Infinity
  6.19999999999999996E-002  0.52600000000000002        0.0000000000000000                      +Infinity
  6.19999999999999996E-002  0.53000000000000003        0.0000000000000000                      +Infinity
  6.19999999999999996E-002  0.53400000000000003        0.0000000000000000                      +Infinity
  6.19999999999999996E-002  0.53800000000000003        0.0000000000000000                      +Infinity
  6.19999999999999996E-002  0.54200000000000004        0.0000000000000000                      +Infinity
  6.19999999999999996E-002  0.54600000000000004        0.0000000000000000                      +Infinity
  6.19999999999999996E-002  0.55000000000000004        0.0000000000000000                      +Infinity
  6.19999999999999996E-002  0.55400000000000005        0.0000000000000000                      +Infinity
  6.19999999999999996E-002  0.55800000000000005        0.0000000000000000                      +Infinity
  6.19999999999999996E-002  0.56200000000000006        0.0000000000000000                      +Infinity
  6.19999999999999996E-002  0.56599999999999995        0.0000000000000000                      +Infinity
  6.19999999999999996E-002  0.56999999999999995        0.0000000000000000                      +Infinity
  6.19999999999999996E-002  0.57399999999999995        0.0000000000000000                      +Infinity
  6.19999999999999996E-002  0.57799999999999996        0.0000000000000000                      +Infinity
  6.19999999999999996E-002  0.58199999999999996        0.0000000000000000                      +Infinity
  6.19999999999999996E-002  0.58599999999999997        0.0000000000000000                      +Infinity
  6.19999999999999996E-002  0.58999999999999997        0.0000000000000000                      +Infinity
  6.19999999999999996E-002  0.59399999999999997        0.0000000000000000                      +Infinity
  6.19999999999999996E-002  0.59799999999999998        0.0000000000000000                      +Infinity
  6.19999999999999996E-002  0.60199999999999998        0.0000000000000000                      +Infinity
  6.19999999999999996E-002  0.60599999999999998        0.0000000000000000                      +Infinity
  6.19999999999999996E-002  0.60999999999999999        0.0000000000000000                      +Infinity
  6.19999999999999996E-002  0.61399999999999999        0.0000000000000000                      +Infinity
  6.19999999999999996E-002  0.61799999999999999        0.0000000000000000                      +Infinity
  6.19999999999999996E-002  0.62200000000000000        0.0000000000000000                      +Infinity
  6.19999999999999996E-002  0.62600000000000000        0.0000000000000000                      +Infinity
  6.19999999999999996E-002  0.63000000000000000        0.0000000000000000                      +Infinity
  6.19999999999999996E-002  0.63400000000000001        0.0000000000000000                      +Infinity
  6.19999999999999996E-002  0.63800000000000001        0.0000000000000000                      +Infinity
  6.19999999999999996E-002  0.64200000000000002        0.0000000000000000                      +Infinity
  6.19999999999999996E-002  0.64600000000000002        0.0000000000000000                      +Infinity
  6.19999999999999996E-002  0.65000000000000002        0.0000000000000000                      +Infinity
  6.19999999999999996E-002  0.65400000000000003        0.0000000000000000                      +Infinity
  6.19999999999999996E-002  0.65800000000000003        0.0000000000000000                      +Infinity
  6.19999999999999996E-002  0.66200000000000003        0.0000000000000000                      +Infinity
  6.19999999999999996E-002  0.66600000000000004        0.0000000000000000                      +Infinity
  6.19999999999999996E-002  0.67000000000000004        0.0000000000000000                      +Infinity
  6.19999999999999996E-002  0.67400000000000004        0.0000000000000000                      +Infinity
  6.19999999999999996E-002  0.67800000000000005        0.0000000000000000                      +Infinity
  6.19999999999999996E-002  0.68200000000000005        0.0000000000000000                      +Infinity
  6.19999999999999996E-002  0.68600000000000005        0.0000000000000000                      +Infinity
  6.19999999999999996E-002  0.68999999999999995        0.0000000000000000                      +Infinity
  6.19999999999999996E-002  0.69399999999999995        0.0000000000000000                      +Infinity
  6.19999999999999996E-002  0.69799999999999995        0.0000000000000000                      +Infinity
  6.19999999999999996E-002  0.70199999999999996        0.0000000000000000                      +Infinity
  6.19999999999999996E-002  0.70599999999999996        0.0000000000000000                      +Infinity
  6.19999999999999996E-002  0.70999999999999996        0.0000000000000000                      +Infinity
  6.19999999999999996E-002  0.71399999999999997        0.0000000000000000                      +Infinity
  6.19999999999999996E-002  0.71799999999999997        0.0000000000000000                      +Infinity
  6.19999999999999996E-002  0.72199999999999998        0.0000000000000000                      +Infinity
  6.19999999999999996E-002  0.72599999999999998        0.0000000000000000                      +Infinity
  6.19999999999999996E-002  0.72999999999999998        0.0000000000000000                      +Infinity
  6.19999999999999996E-002  0.73399999999999999        0.0000000000000000                      +Infinity
  6.19999999999999996E-002  0.73799999999999999        0.0000000000000000                      +Infinity
  6.19999999999999996E-002  0.74199999999999999        0.0000000000000000                      +Infinity
  6.19999999999999996E-002  0.74600000000000000        0.0000000000000000                      +Infinity
  6.19999999999999996E-002  0.75000000000000000        0.0000000000000000                      +Infinity
  6.19999999999999996E-002  0.75400000000000000        0.0000000000000000                      +Infinity
  6.19999999999999996E-002  0.75800000000000001        0.0000000000000000                      +Infinity
  6.19999999999999996E-002  0.76200000000000001        0.0000000000000000                      +Infinity
  6.19999999999999996E-002  0.76600000000000001        0.0000000000000000                      +Infinity
  6.19999999999999996E-002  0.77000000000000002        0.0000000000000000                      +Infinity
  6.19999999999999996E-002  0.77400000000000002        0.0000000000000000                      +Infinity
  6.19999999999999996E-002  0.77800000000000002        0.0000000000000000                      +Infinity
  6.19999999999999996E-002  0.78200000000000003        0.0000000000000000                      +Infinity
  6.19999999999999996E-002  0.78600000000000003        0.0000000000000000                      +Infinity
  6.19999999999999996E-002  0.79000000000000004        0.0000000000000000                      +Infinity
  6.19999999999999996E-002  0.79400000000000004        0.0000000000000000                      +Infinity
  6.19999999999999996E-002  0.79800000000000004        0.0000000000000000                      +Infinity
  6.19999999999999996E-002  0.80200000000000005        0.0000000000000000                      +Infinity
  6.19999999999999996E-002  0.80600000000000005        0.0000000000000000                      +Infinity
  6.19999999999999996E-002  0.81000000000000005        0.0000000000000000                      +Infinity
  6.19999999999999996E-002  0.81399999999999995        0.0000000000000000                      +Infinity
  6.19999999999999996E-002  0.81799999999999995        0.0000000000000000                      +Infinity
  6.19999999999999996E-002  0.82199999999999995        0.0000000000000000                      +Infinity
  6.19999999999999996E-002  0.82599999999999996        0.0000000000000000                      +Infinity
  6.19999999999999996E-002  0.82999999999999996        0.0000000000000000                      +Infinity
  6.19999999999999996E-002  0.83399999999999996        0.0000000000000000                      +Infinity
  6.19999999999999996E-002  0.83799999999999997        0.0000000000000000                      +Infinity
  6.19999999999999996E-002  0.84199999999999997        0.0000000000000000                      +Infinity
  6.19999999999999996E-002  0.84599999999999997        0.0000000000000000                      +Infinity
  6.19999999999999996E-002  0.84999999999999998        0.0000000000000000                      +Infinity
  6.19999999999999996E-002  0.85399999999999998        0.0000000000000000                      +Infinity
  6.19999999999999996E-002  0.85799999999999998        0.0000000000000000                      +Infinity
  6.19999999999999996E-002  0.86199999999999999        0.0000000000000000                      +Infinity
  6.19999999999999996E-002  0.86599999999999999        0.0000000000000000                      +Infinity
  6.19999999999999996E-002  0.87000000000000000        0.0000000000000000                      +Infinity
  6.19999999999999996E-002  0.87400000000000000        0.0000000000000000                      +Infinity
  6.19999999999999996E-002  0.87800000000000000        0.0000000000000000                      +Infinity
  6.19999999999999996E-002  0.88200000000000001        0.0000000000000000                      +Infinity
  6.19999999999999996E-002  0.88600000000000001        0.0000000000000000                      +Infinity
  6.19999999999999996E-002  0.89000000000000001        0.0000000000000000                      +Infinity
  6.19999999999999996E-002  0.89400000000000002        0.0000000000000000                      +Infinity
  6.19999999999999996E-002  0.89800000000000002        0.0000000000000000                      +Infinity
  6.19999999999999996E-002  0.90200000000000002        0.0000000000000000                      +Infinity
  6.19999999999999996E-002  0.90600000000000003        0.0000000000000000                      +Infinity
  6.19999999999999996E-002  0.91000000000000003        0.0000000000000000                      +Infinity
  6.19999999999999996E-002  0.91400000000000003        0.0000000000000000                      +Infinity
  6.19999999999999996E-002  0.91800000000000004        0.0000000000000000                      +Infinity
  6.19999999999999996E-002  0.92200000000000004        0.0000000000000000                      +Infinity
  6.19999999999999996E-002  0.92600000000000005        0.0000000000000000                      +Infinity
  6.19999999999999996E-002  0.93000000000000005        0.0000000000000000                      +Infinity
  6.19999999999999996E-002  0.93400000000000005        0.0000000000000000                      +Infinity
  6.19999999999999996E-002  0.93799999999999994        0.0000000000000000                      +Infinity
  6.19999999999999996E-002  0.94199999999999995        0.0000000000000000                      +Infinity
  6.19999999999999996E-002  0.94599999999999995        0.0000000000000000                      +Infinity
  6.19999999999999996E-002  0.94999999999999996        0.0000000000000000                      +Infinity
  6.19999999999999996E-002  0.95399999999999996        0.0000000000000000                      +Infinity
  6.19999999999999996E-002  0.95799999999999996        0.0000000000000000                      +Infinity
  6.19999999999999996E-002  0.96199999999999997        0.0000000000000000                      +Infinity
  6.19999999999999996E-002  0.96599999999999997        0.0000000000000000                      +Infinity
  6.19999999999999996E-002  0.96999999999999997        0.0000000000000000                      +Infinity
  6.19999999999999996E-002  0.97399999999999998        0.0000000000000000                      +Infinity
  6.19999999999999996E-002  0.97799999999999998        0.0000000000000000                      +Infinity
  6.19999999999999996E-002  0.98199999999999998        0.0000000000000000                      +Infinity
  6.19999999999999996E-002  0.98599999999999999        0.0000000000000000                      +Infinity
  6.19999999999999996E-002  0.98999999999999999        0.0000000000000000                      +Infinity
  6.19999999999999996E-002  0.99399999999999999        0.0000000000000000                      +Infinity
  6.19999999999999996E-002  0.99800000000000000        0.0000000000000000                      +Infinity
