 -0.13000000000000000      -0.99800000000000000        0.0000000000000000                      +Infinity
 -0.13000000000000000      -0.99399999999999999        0.0000000000000000                      +Infinity
 -0.13000000000000000      -0.98999999999999999        0.0000000000000000                      +Infinity
 -0.13000000000000000      -0.98599999999999999        0.0000000000000000                      +Infinity
 -0.13000000000000000      -0.98199999999999998        0.0000000000000000                      +Infinity
 -0.13000000000000000      -0.97799999999999998        0.0000000000000000                      +Infinity
 -0.13000000000000000      -0.97399999999999998        0.0000000000000000                      +Infinity
 -0.13000000000000000      -0.96999999999999997        0.0000000000000000                      +Infinity
 -0.13000000000000000      -0.96599999999999997        0.0000000000000000                      +Infinity
 -0.13000000000000000      -0.96199999999999997        0.0000000000000000                      +Infinity
 -0.13000000000000000      -0.95799999999999996        0.0000000000000000                      +Infinity
 -0.13000000000000000      -0.95399999999999996        0.0000000000000000                      +Infinity
 -0.13000000000000000      -0.94999999999999996        0.0000000000000000                      +Infinity
 -0.13000000000000000      -0.94599999999999995        0.0000000000000000                      +Infinity
 -0.13000000000000000      -0.94199999999999995        0.0000000000000000                      +Infinity
 -0.13000000000000000      -0.93799999999999994        0.0000000000000000                      +Infinity
 -0.13000000000000000      -0.93400000000000005        0.0000000000000000                      +Infinity
 -0.13000000000000000      -0.93000000000000005        0.0000000000000000                      +Infinity
 -0.13000000000000000      -0.92600000000000005        0.0000000000000000                      +Infinity
 -0.13000000000000000      -0.92200000000000004        0.0000000000000000                      +Infinity
 -0.13000000000000000      -0.91800000000000004        0.0000000000000000                      +Infinity
 -0.13000000000000000      -0.91400000000000003        0.0000000000000000                      +Infinity
 -0.13000000000000000      -0.91000000000000003        0.0000000000000000                      +Infinity
 -0.13000000000000000      -0.90600000000000003        0.0000000000000000                      +Infinity
 -0.13000000000000000      -0.90200000000000002        0.0000000000000000                      +Infinity
 -0.13000000000000000      -0.89800000000000002        0.0000000000000000                      +Infinity
 -0.13000000000000000      -0.89400000000000002        0.0000000000000000                      +Infinity
 -0.13000000000000000      -0.89000000000000001        0.0000000000000000                      +Infinity
 -0.13000000000000000      -0.88600000000000001        0.0000000000000000                      +Infinity
 -0.13000000000000000      -0.88200000000000001        0.0000000000000000                      +Infinity
 -0.13000000000000000      -0.87800000000000000        0.0000000000000000                      +Infinity
 -0.13000000000000000      -0.87400000000000000        0.0000000000000000                      +Infinity
 -0.13000000000000000      -0.87000000000000000        0.0000000000000000                      +Infinity
 -0.13000000000000000      -0.86599999999999999        0.0000000000000000                      +Infinity
 -0.13000000000000000      -0.86199999999999999        0.0000000000000000                      +Infinity
 -0.13000000000000000      -0.85799999999999998        0.0000000000000000                      +Infinity
 -0.13000000000000000      -0.85399999999999998        0.0000000000000000                      +Infinity
 -0.13000000000000000      -0.84999999999999998        0.0000000000000000                      +Infinity
 -0.13000000000000000      -0.84599999999999997        0.0000000000000000                      +Infinity
 -0.13000000000000000      -0.84199999999999997        0.0000000000000000                      +Infinity
 -0.13000000000000000      -0.83799999999999997        0.0000000000000000                      +Infinity
 -0.13000000000000000      -0.83399999999999996        0.0000000000000000                      +Infinity
 -0.13000000000000000      -0.82999999999999996        0.0000000000000000                      +Infinity
 -0.13000000000000000      -0.82599999999999996        0.0000000000000000                      +Infinity
 -0.13000000000000000      -0.82199999999999995        0.0000000000000000                      +Infinity
 -0.13000000000000000      -0.81799999999999995        0.0000000000000000                      +Infinity
 -0.13000000000000000      -0.81399999999999995        0.0000000000000000                      +Infinity
 -0.13000000000000000      -0.81000000000000005        0.0000000000000000                      +Infinity
 -0.13000000000000000      -0.80600000000000005        0.0000000000000000                      +Infinity
 -0.13000000000000000      -0.80200000000000005        0.0000000000000000                      +Infinity
 -0.13000000000000000      -0.79800000000000004        0.0000000000000000                      +Infinity
 -0.13000000000000000      -0.79400000000000004        0.0000000000000000                      +Infinity
 -0.13000000000000000      -0.79000000000000004        0.0000000000000000                      +Infinity
 -0.13000000000000000      -0.78600000000000003        0.0000000000000000                      +Infinity
 -0.13000000000000000      -0.78200000000000003        0.0000000000000000                      +Infinity
 -0.13000000000000000      -0.77800000000000002        0.0000000000000000                      +Infinity
 -0.13000000000000000      -0.77400000000000002        0.0000000000000000                      +Infinity
 -0.13000000000000000      -0.77000000000000002        0.0000000000000000                      +Infinity
 -0.13000000000000000      -0.76600000000000001        0.0000000000000000                      +Infinity
 -0.13000000000000000      -0.76200000000000001        0.0000000000000000                      +Infinity
 -0.13000000000000000      -0.75800000000000001        0.0000000000000000                      +Infinity
 -0.13000000000000000      -0.75400000000000000        0.0000000000000000                      +Infinity
 -0.13000000000000000      -0.75000000000000000        0.0000000000000000                      +Infinity
 -0.13000000000000000      -0.74600000000000000        0.0000000000000000                      +Infinity
 -0.13000000000000000      -0.74199999999999999        0.0000000000000000                      +Infinity
 -0.13000000000000000      -0.73799999999999999        0.0000000000000000                      +Infinity
 -0.13000000000000000      -0.73399999999999999        0.0000000000000000                      +Infinity
 -0.13000000000000000      -0.72999999999999998        0.0000000000000000                      +Infinity
 -0.13000000000000000      -0.72599999999999998        0.0000000000000000                      +Infinity
 -0.13000000000000000      -0.72199999999999998        0.0000000000000000                      +Infinity
 -0.13000000000000000      -0.71799999999999997        0.0000000000000000                      +Infinity
 -0.13000000000000000      -0.71399999999999997        0.0000000000000000                      +Infinity
 -0.13000000000000000      -0.70999999999999996        0.0000000000000000                      +Infinity
 -0.13000000000000000      -0.70599999999999996        0.0000000000000000                      +Infinity
 -0.13000000000000000      -0.70199999999999996        0.0000000000000000                      +Infinity
 -0.13000000000000000      -0.69799999999999995        0.0000000000000000                      +Infinity
 -0.13000000000000000      -0.69399999999999995        0.0000000000000000                      +Infinity
 -0.13000000000000000      -0.68999999999999995        0.0000000000000000                      +Infinity
 -0.13000000000000000      -0.68600000000000005        0.0000000000000000                      +Infinity
 -0.13000000000000000      -0.68200000000000005        0.0000000000000000                      +Infinity
 -0.13000000000000000      -0.67800000000000005        0.0000000000000000                      +Infinity
 -0.13000000000000000      -0.67400000000000004        0.0000000000000000                      +Infinity
 -0.13000000000000000      -0.67000000000000004        0.0000000000000000                      +Infinity
 -0.13000000000000000      -0.66600000000000004        0.0000000000000000                      +Infinity
 -0.13000000000000000      -0.66200000000000003        0.0000000000000000                      +Infinity
 -0.13000000000000000      -0.65800000000000003        0.0000000000000000                      +Infinity
 -0.13000000000000000      -0.65400000000000003        0.0000000000000000                      +Infinity
 -0.13000000000000000      -0.65000000000000002        0.0000000000000000                      +Infinity
 -0.13000000000000000      -0.64600000000000002        0.0000000000000000                      +Infinity
 -0.13000000000000000      -0.64200000000000002        0.0000000000000000                      +Infinity
 -0.13000000000000000      -0.63800000000000001        0.0000000000000000                      +Infinity
 -0.13000000000000000      -0.63400000000000001        0.0000000000000000                      +Infinity
 -0.13000000000000000      -0.63000000000000000        0.0000000000000000                      +Infinity
 -0.13000000000000000      -0.62600000000000000        0.0000000000000000                      +Infinity
 -0.13000000000000000      -0.62200000000000000        0.0000000000000000                      +Infinity
 -0.13000000000000000      -0.61799999999999999        0.0000000000000000                      +Infinity
 -0.13000000000000000      -0.61399999999999999        0.0000000000000000                      +Infinity
 -0.13000000000000000      -0.60999999999999999        0.0000000000000000                      +Infinity
 -0.13000000000000000      -0.60599999999999998        0.0000000000000000                      +Infinity
 -0.13000000000000000      -0.60199999999999998        0.0000000000000000                      +Infinity
 -0.13000000000000000      -0.59799999999999998        0.0000000000000000                      +Infinity
 -0.13000000000000000      -0.59399999999999997        0.0000000000000000                      +Infinity
 -0.13000000000000000      -0.58999999999999997        0.0000000000000000                      +Infinity
 -0.13000000000000000      -0.58599999999999997        0.0000000000000000                      +Infinity
 -0.13000000000000000      -0.58199999999999996        0.0000000000000000                      +Infinity
 -0.13000000000000000      -0.57799999999999996        0.0000000000000000                      +Infinity
 -0.13000000000000000      -0.57399999999999995        0.0000000000000000                      +Infinity
 -0.13000000000000000      -0.56999999999999995        0.0000000000000000                      +Infinity
 -0.13000000000000000      -0.56599999999999995        0.0000000000000000                      +Infinity
 -0.13000000000000000      -0.56200000000000006        0.0000000000000000                      +Infinity
 -0.13000000000000000      -0.55800000000000005        0.0000000000000000                      +Infinity
 -0.13000000000000000      -0.55400000000000005        0.0000000000000000                      +Infinity
 -0.13000000000000000      -0.55000000000000004        0.0000000000000000                      +Infinity
 -0.13000000000000000      -0.54600000000000004        0.0000000000000000                      +Infinity
 -0.13000000000000000      -0.54200000000000004        0.0000000000000000                      +Infinity
 -0.13000000000000000      -0.53800000000000003        0.0000000000000000                      +Infinity
 -0.13000000000000000      -0.53400000000000003        0.0000000000000000                      +Infinity
 -0.13000000000000000      -0.53000000000000003        0.0000000000000000                      +Infinity
 -0.13000000000000000      -0.52600000000000002        0.0000000000000000                      +Infinity
 -0.13000000000000000      -0.52200000000000002        0.0000000000000000                      +Infinity
 -0.13000000000000000      -0.51800000000000002        0.0000000000000000                      +Infinity
 -0.13000000000000000      -0.51400000000000001        0.0000000000000000                      +Infinity
 -0.13000000000000000      -0.51000000000000001        0.0000000000000000                      +Infinity
 -0.13000000000000000      -0.50600000000000001        0.0000000000000000                      +Infinity
 -0.13000000000000000      -0.50200000000000000        0.0000000000000000                      +Infinity
 -0.13000000000000000      -0.49800000000000000        0.0000000000000000                      +Infinity
 -0.13000000000000000      -0.49399999999999999        0.0000000000000000                      +Infinity
 -0.13000000000000000      -0.48999999999999999        0.0000000000000000                      +Infinity
 -0.13000000000000000      -0.48599999999999999        0.0000000000000000                      +Infinity
 -0.13000000000000000      -0.48199999999999998        0.0000000000000000                      +Infinity
 -0.13000000000000000      -0.47799999999999998        0.0000000000000000                      +Infinity
 -0.13000000000000000      -0.47399999999999998        0.0000000000000000                      +Infinity
 -0.13000000000000000      -0.46999999999999997        0.0000000000000000                      +Infinity
 -0.13000000000000000      -0.46600000000000003        0.0000000000000000                      +Infinity
 -0.13000000000000000      -0.46200000000000002        0.0000000000000000                      +Infinity
 -0.13000000000000000      -0.45800000000000002        0.0000000000000000                      +Infinity
 -0.13000000000000000      -0.45400000000000001        0.0000000000000000                      +Infinity
 -0.13000000000000000      -0.45000000000000001        0.0000000000000000                      +Infinity
 -0.13000000000000000      -0.44600000000000001        0.0000000000000000                      +Infinity
 -0.13000000000000000      -0.44200000000000000        0.0000000000000000                      +Infinity
 -0.13000000000000000      -0.43800000000000000        0.0000000000000000                      +Infinity
 -0.13000000000000000      -0.43400000000000000        0.0000000000000000                      +Infinity
 -0.13000000000000000      -0.42999999999999999        0.0000000000000000                      +Infinity
 -0.13000000000000000      -0.42599999999999999        0.0000000000000000                      +Infinity
 -0.13000000000000000      -0.42199999999999999        0.0000000000000000                      +Infinity
 -0.13000000000000000      -0.41799999999999998        0.0000000000000000                      +Infinity
 -0.13000000000000000      -0.41399999999999998        0.0000000000000000                      +Infinity
 -0.13000000000000000      -0.40999999999999998        0.0000000000000000                      +Infinity
 -0.13000000000000000      -0.40600000000000003        0.0000000000000000                      +Infinity
 -0.13000000000000000      -0.40200000000000002        0.0000000000000000                      +Infinity
 -0.13000000000000000      -0.39800000000000002        0.0000000000000000                      +Infinity
 -0.13000000000000000      -0.39400000000000002        0.0000000000000000                      +Infinity
 -0.13000000000000000      -0.39000000000000001        0.0000000000000000                      +Infinity
 -0.13000000000000000      -0.38600000000000001        0.0000000000000000                      +Infinity
 -0.13000000000000000      -0.38200000000000001        0.0000000000000000                      +Infinity
 -0.13000000000000000      -0.37800000000000000        0.0000000000000000                      +Infinity
 -0.13000000000000000      -0.37400000000000000        0.0000000000000000                      +Infinity
 -0.13000000000000000      -0.37000000000000000        0.0000000000000000                      +Infinity
 -0.13000000000000000      -0.36599999999999999        0.0000000000000000                      +Infinity
 -0.13000000000000000      -0.36199999999999999        0.0000000000000000                      +Infinity
 -0.13000000000000000      -0.35799999999999998        0.0000000000000000                      +Infinity
 -0.13000000000000000      -0.35399999999999998        0.0000000000000000                      +Infinity
 -0.13000000000000000      -0.34999999999999998        0.0000000000000000                      +Infinity
 -0.13000000000000000      -0.34599999999999997        0.0000000000000000                      +Infinity
 -0.13000000000000000      -0.34200000000000003        0.0000000000000000                      +Infinity
 -0.13000000000000000      -0.33800000000000002        0.0000000000000000                      +Infinity
 -0.13000000000000000      -0.33400000000000002        0.0000000000000000                      +Infinity
 -0.13000000000000000      -0.33000000000000002        0.0000000000000000                      +Infinity
 -0.13000000000000000      -0.32600000000000001        0.0000000000000000                      +Infinity
 -0.13000000000000000      -0.32200000000000001        0.0000000000000000                      +Infinity
 -0.13000000000000000      -0.31800000000000000        0.0000000000000000                      +Infinity
 -0.13000000000000000      -0.31400000000000000        0.0000000000000000                      +Infinity
 -0.13000000000000000      -0.31000000000000000        0.0000000000000000                      +Infinity
 -0.13000000000000000      -0.30599999999999999        0.0000000000000000                      +Infinity
 -0.13000000000000000      -0.30199999999999999        0.0000000000000000                      +Infinity
 -0.13000000000000000      -0.29799999999999999        0.0000000000000000                      +Infinity
 -0.13000000000000000      -0.29399999999999998        0.0000000000000000                      +Infinity
 -0.13000000000000000      -0.28999999999999998        0.0000000000000000                      +Infinity
 -0.13000000000000000      -0.28599999999999998        0.0000000000000000                      +Infinity
 -0.13000000000000000      -0.28199999999999997        0.0000000000000000                      +Infinity
 -0.13000000000000000      -0.27800000000000002        0.0000000000000000                      +Infinity
 -0.13000000000000000      -0.27400000000000002        0.0000000000000000                      +Infinity
 -0.13000000000000000      -0.27000000000000002        0.0000000000000000                      +Infinity
 -0.13000000000000000      -0.26600000000000001        0.0000000000000000                      +Infinity
 -0.13000000000000000      -0.26200000000000001        0.0000000000000000                      +Infinity
 -0.13000000000000000      -0.25800000000000001        0.0000000000000000                      +Infinity
 -0.13000000000000000      -0.25400000000000000        0.0000000000000000                      +Infinity
 -0.13000000000000000      -0.25000000000000000        0.0000000000000000                      +Infinity
 -0.13000000000000000      -0.24600000000000000        0.0000000000000000                      +Infinity
 -0.13000000000000000      -0.24199999999999999        0.0000000000000000                      +Infinity
 -0.13000000000000000      -0.23799999999999999        0.0000000000000000                      +Infinity
 -0.13000000000000000      -0.23400000000000001        0.0000000000000000                      +Infinity
 -0.13000000000000000      -0.23000000000000001        0.0000000000000000                      +Infinity
 -0.13000000000000000      -0.22600000000000001        0.0000000000000000                      +Infinity
 -0.13000000000000000      -0.22200000000000000        0.0000000000000000                      +Infinity
 -0.13000000000000000      -0.21800000000000000        0.0000000000000000                      +Infinity
 -0.13000000000000000      -0.21400000000000000        0.0000000000000000                      +Infinity
 -0.13000000000000000      -0.20999999999999999        0.0000000000000000                      +Infinity
 -0.13000000000000000      -0.20599999999999999        0.0000000000000000                      +Infinity
 -0.13000000000000000      -0.20200000000000001        0.0000000000000000                      +Infinity
 -0.13000000000000000      -0.19800000000000001        0.0000000000000000                      +Infinity
 -0.13000000000000000      -0.19400000000000001        0.0000000000000000                      +Infinity
 -0.13000000000000000      -0.19000000000000000        0.0000000000000000                      +Infinity
 -0.13000000000000000      -0.18600000000000000        0.0000000000000000                      +Infinity
 -0.13000000000000000      -0.18200000000000000        0.0000000000000000                      +Infinity
 -0.13000000000000000      -0.17799999999999999        0.0000000000000000                      +Infinity
 -0.13000000000000000      -0.17399999999999999        0.0000000000000000                      +Infinity
 -0.13000000000000000      -0.17000000000000001        0.0000000000000000                      +Infinity
 -0.13000000000000000      -0.16600000000000001        0.0000000000000000                      +Infinity
 -0.13000000000000000      -0.16200000000000001        0.0000000000000000                      +Infinity
 -0.13000000000000000      -0.15800000000000000        0.0000000000000000                      +Infinity
 -0.13000000000000000      -0.15400000000000000        0.0000000000000000                      +Infinity
 -0.13000000000000000      -0.14999999999999999        0.0000000000000000                      +Infinity
 -0.13000000000000000      -0.14599999999999999        0.0000000000000000                      +Infinity
 -0.13000000000000000      -0.14199999999999999        0.0000000000000000                      +Infinity
 -0.13000000000000000      -0.13800000000000001        0.0000000000000000                      +Infinity
 -0.13000000000000000      -0.13400000000000001        0.0000000000000000                      +Infinity
 -0.13000000000000000      -0.13000000000000000        0.0000000000000000                      +Infinity
 -0.13000000000000000      -0.12600000000000000        0.0000000000000000                      +Infinity
 -0.13000000000000000      -0.12200000000000000        0.0000000000000000                      +Infinity
 -0.13000000000000000      -0.11799999999999999        0.0000000000000000                      +Infinity
 -0.13000000000000000      -0.11400000000000000        0.0000000000000000                      +Infinity
 -0.13000000000000000      -0.11000000000000000        0.0000000000000000                      +Infinity
 -0.13000000000000000      -0.10600000000000000        0.0000000000000000                      +Infinity
 -0.13000000000000000      -0.10199999999999999        0.0000000000000000                      +Infinity
 -0.13000000000000000      -9.80000000000000038E-002   0.0000000000000000                      +Infinity
 -0.13000000000000000      -9.40000000000000002E-002   0.0000000000000000                      +Infinity
 -0.13000000000000000      -8.99999999999999967E-002   0.0000000000000000                      +Infinity
 -0.13000000000000000      -8.59999999999999931E-002   0.0000000000000000                      +Infinity
 -0.13000000000000000      -8.20000000000000034E-002   0.0000000000000000                      +Infinity
 -0.13000000000000000      -7.79999999999999999E-002   0.0000000000000000                      +Infinity
 -0.13000000000000000      -7.39999999999999963E-002   0.0000000000000000                      +Infinity
 -0.13000000000000000      -7.00000000000000067E-002   0.0000000000000000                      +Infinity
 -0.13000000000000000      -6.60000000000000031E-002   0.0000000000000000                      +Infinity
 -0.13000000000000000      -6.19999999999999996E-002   0.0000000000000000                      +Infinity
 -0.13000000000000000      -5.80000000000000029E-002   0.0000000000000000                      +Infinity
 -0.13000000000000000      -5.39999999999999994E-002   0.0000000000000000                      +Infinity
 -0.13000000000000000      -5.00000000000000028E-002   0.0000000000000000                      +Infinity
 -0.13000000000000000      -4.59999999999999992E-002   0.0000000000000000                      +Infinity
 -0.13000000000000000      -4.20000000000000026E-002   0.0000000000000000                      +Infinity
 -0.13000000000000000      -3.79999999999999991E-002   0.0000000000000000                      +Infinity
 -0.13000000000000000      -3.40000000000000024E-002   0.0000000000000000                      +Infinity
 -0.13000000000000000      -2.99999999999999989E-002   0.0000000000000000                      +Infinity
 -0.13000000000000000      -2.59999999999999988E-002   0.0000000000000000                      +Infinity
 -0.13000000000000000      -2.19999999999999987E-002   0.0000000000000000                      +Infinity
 -0.13000000000000000      -1.79999999999999986E-002   0.0000000000000000                      +Infinity
 -0.13000000000000000      -1.40000000000000003E-002   0.0000000000000000                      +Infinity
 -0.13000000000000000      -1.00000000000000002E-002   0.0000000000000000                      +Infinity
 -0.13000000000000000      -6.00000000000000012E-003   0.0000000000000000                      +Infinity
 -0.13000000000000000      -2.00000000000000004E-003   0.0000000000000000                      +Infinity
 -0.13000000000000000       2.00000000000000004E-003   0.0000000000000000                      +Infinity
 -0.13000000000000000       6.00000000000000012E-003   0.0000000000000000                      +Infinity
 -0.13000000000000000       1.00000000000000002E-002   0.0000000000000000                      +Infinity
 -0.13000000000000000       1.40000000000000003E-002   0.0000000000000000                      +Infinity
 -0.13000000000000000       1.79999999999999986E-002   0.0000000000000000                      +Infinity
 -0.13000000000000000       2.19999999999999987E-002   0.0000000000000000                      +Infinity
 -0.13000000000000000       2.59999999999999988E-002   0.0000000000000000                      +Infinity
 -0.13000000000000000       2.99999999999999989E-002   0.0000000000000000                      +Infinity
 -0.13000000000000000       3.40000000000000024E-002   0.0000000000000000                      +Infinity
 -0.13000000000000000       3.79999999999999991E-002   0.0000000000000000                      +Infinity
 -0.13000000000000000       4.20000000000000026E-002   0.0000000000000000                      +Infinity
 -0.13000000000000000       4.59999999999999992E-002   0.0000000000000000                      +Infinity
 -0.13000000000000000       5.00000000000000028E-002   0.0000000000000000                      +Infinity
 -0.13000000000000000       5.39999999999999994E-002   0.0000000000000000                      +Infinity
 -0.13000000000000000       5.80000000000000029E-002   0.0000000000000000                      +Infinity
 -0.13000000000000000       6.19999999999999996E-002   0.0000000000000000                      +Infinity
 -0.13000000000000000       6.60000000000000031E-002   0.0000000000000000                      +Infinity
 -0.13000000000000000       7.00000000000000067E-002   0.0000000000000000                      +Infinity
 -0.13000000000000000       7.39999999999999963E-002   0.0000000000000000                      +Infinity
 -0.13000000000000000       7.79999999999999999E-002   0.0000000000000000                      +Infinity
 -0.13000000000000000       8.20000000000000034E-002   0.0000000000000000                      +Infinity
 -0.13000000000000000       8.59999999999999931E-002   0.0000000000000000                      +Infinity
 -0.13000000000000000       8.99999999999999967E-002   0.0000000000000000                      +Infinity
 -0.13000000000000000       9.40000000000000002E-002   0.0000000000000000                      +Infinity
 -0.13000000000000000       9.80000000000000038E-002   0.0000000000000000                      +Infinity
 -0.13000000000000000       0.10199999999999999        0.0000000000000000                      +Infinity
 -0.13000000000000000       0.10600000000000000        0.0000000000000000                      +Infinity
 -0.13000000000000000       0.11000000000000000        0.0000000000000000                      +Infinity
 -0.13000000000000000       0.11400000000000000        0.0000000000000000                      +Infinity
 -0.13000000000000000       0.11799999999999999        0.0000000000000000                      +Infinity
 -0.13000000000000000       0.12200000000000000        0.0000000000000000                      +Infinity
 -0.13000000000000000       0.12600000000000000        0.0000000000000000                      +Infinity
 -0.13000000000000000       0.13000000000000000        0.0000000000000000                      +Infinity
 -0.13000000000000000       0.13400000000000001        0.0000000000000000                      +Infinity
 -0.13000000000000000       0.13800000000000001        0.0000000000000000                      +Infinity
 -0.13000000000000000       0.14199999999999999        0.0000000000000000                      +Infinity
 -0.13000000000000000       0.14599999999999999        0.0000000000000000                      +Infinity
 -0.13000000000000000       0.14999999999999999        0.0000000000000000                      +Infinity
 -0.13000000000000000       0.15400000000000000        0.0000000000000000                      +Infinity
 -0.13000000000000000       0.15800000000000000        0.0000000000000000                      +Infinity
 -0.13000000000000000       0.16200000000000001        0.0000000000000000                      +Infinity
 -0.13000000000000000       0.16600000000000001        0.0000000000000000                      +Infinity
 -0.13000000000000000       0.17000000000000001        0.0000000000000000                      +Infinity
 -0.13000000000000000       0.17399999999999999        0.0000000000000000                      +Infinity
 -0.13000000000000000       0.17799999999999999        0.0000000000000000                      +Infinity
 -0.13000000000000000       0.18200000000000000        0.0000000000000000                      +Infinity
 -0.13000000000000000       0.18600000000000000        0.0000000000000000                      +Infinity
 -0.13000000000000000       0.19000000000000000        0.0000000000000000                      +Infinity
 -0.13000000000000000       0.19400000000000001        0.0000000000000000                      +Infinity
 -0.13000000000000000       0.19800000000000001        0.0000000000000000                      +Infinity
 -0.13000000000000000       0.20200000000000001        0.0000000000000000                      +Infinity
 -0.13000000000000000       0.20599999999999999        0.0000000000000000                      +Infinity
 -0.13000000000000000       0.20999999999999999        0.0000000000000000                      +Infinity
 -0.13000000000000000       0.21400000000000000        0.0000000000000000                      +Infinity
 -0.13000000000000000       0.21800000000000000        0.0000000000000000                      +Infinity
 -0.13000000000000000       0.22200000000000000        0.0000000000000000                      +Infinity
 -0.13000000000000000       0.22600000000000001        0.0000000000000000                      +Infinity
 -0.13000000000000000       0.23000000000000001        0.0000000000000000                      +Infinity
 -0.13000000000000000       0.23400000000000001        0.0000000000000000                      +Infinity
 -0.13000000000000000       0.23799999999999999        0.0000000000000000                      +Infinity
 -0.13000000000000000       0.24199999999999999        0.0000000000000000                      +Infinity
 -0.13000000000000000       0.24600000000000000        0.0000000000000000                      +Infinity
 -0.13000000000000000       0.25000000000000000        0.0000000000000000                      +Infinity
 -0.13000000000000000       0.25400000000000000        0.0000000000000000                      +Infinity
 -0.13000000000000000       0.25800000000000001        0.0000000000000000                      +Infinity
 -0.13000000000000000       0.26200000000000001        0.0000000000000000                      +Infinity
 -0.13000000000000000       0.26600000000000001        0.0000000000000000                      +Infinity
 -0.13000000000000000       0.27000000000000002        0.0000000000000000                      +Infinity
 -0.13000000000000000       0.27400000000000002        0.0000000000000000                      +Infinity
 -0.13000000000000000       0.27800000000000002        0.0000000000000000                      +Infinity
 -0.13000000000000000       0.28199999999999997        0.0000000000000000                      +Infinity
 -0.13000000000000000       0.28599999999999998        0.0000000000000000                      +Infinity
 -0.13000000000000000       0.28999999999999998        0.0000000000000000                      +Infinity
 -0.13000000000000000       0.29399999999999998        0.0000000000000000                      +Infinity
 -0.13000000000000000       0.29799999999999999        0.0000000000000000                      +Infinity
 -0.13000000000000000       0.30199999999999999        0.0000000000000000                      +Infinity
 -0.13000000000000000       0.30599999999999999        0.0000000000000000                      +Infinity
 -0.13000000000000000       0.31000000000000000        0.0000000000000000                      +Infinity
 -0.13000000000000000       0.31400000000000000        0.0000000000000000                      +Infinity
 -0.13000000000000000       0.31800000000000000        0.0000000000000000                      +Infinity
 -0.13000000000000000       0.32200000000000001        0.0000000000000000                      +Infinity
 -0.13000000000000000       0.32600000000000001        0.0000000000000000                      +Infinity
 -0.13000000000000000       0.33000000000000002        0.0000000000000000                      +Infinity
 -0.13000000000000000       0.33400000000000002        0.0000000000000000                      +Infinity
 -0.13000000000000000       0.33800000000000002        0.0000000000000000                      +Infinity
 -0.13000000000000000       0.34200000000000003        0.0000000000000000                      +Infinity
 -0.13000000000000000       0.34599999999999997        0.0000000000000000                      +Infinity
 -0.13000000000000000       0.34999999999999998        0.0000000000000000                      +Infinity
 -0.13000000000000000       0.35399999999999998        0.0000000000000000                      +Infinity
 -0.13000000000000000       0.35799999999999998        0.0000000000000000                      +Infinity
 -0.13000000000000000       0.36199999999999999        0.0000000000000000                      +Infinity
 -0.13000000000000000       0.36599999999999999        0.0000000000000000                      +Infinity
 -0.13000000000000000       0.37000000000000000        0.0000000000000000                      +Infinity
 -0.13000000000000000       0.37400000000000000        0.0000000000000000                      +Infinity
 -0.13000000000000000       0.37800000000000000        0.0000000000000000                      +Infinity
 -0.13000000000000000       0.38200000000000001        0.0000000000000000                      +Infinity
 -0.13000000000000000       0.38600000000000001        0.0000000000000000                      +Infinity
 -0.13000000000000000       0.39000000000000001        0.0000000000000000                      +Infinity
 -0.13000000000000000       0.39400000000000002        0.0000000000000000                      +Infinity
 -0.13000000000000000       0.39800000000000002        0.0000000000000000                      +Infinity
 -0.13000000000000000       0.40200000000000002        0.0000000000000000                      +Infinity
 -0.13000000000000000       0.40600000000000003        0.0000000000000000                      +Infinity
 -0.13000000000000000       0.40999999999999998        0.0000000000000000                      +Infinity
 -0.13000000000000000       0.41399999999999998        0.0000000000000000                      +Infinity
 -0.13000000000000000       0.41799999999999998        0.0000000000000000                      +Infinity
 -0.13000000000000000       0.42199999999999999        0.0000000000000000                      +Infinity
 -0.13000000000000000       0.42599999999999999        0.0000000000000000                      +Infinity
 -0.13000000000000000       0.42999999999999999        0.0000000000000000                      +Infinity
 -0.13000000000000000       0.43400000000000000        0.0000000000000000                      +Infinity
 -0.13000000000000000       0.43800000000000000        0.0000000000000000                      +Infinity
 -0.13000000000000000       0.44200000000000000        0.0000000000000000                      +Infinity
 -0.13000000000000000       0.44600000000000001        0.0000000000000000                      +Infinity
 -0.13000000000000000       0.45000000000000001        0.0000000000000000                      +Infinity
 -0.13000000000000000       0.45400000000000001        0.0000000000000000                      +Infinity
 -0.13000000000000000       0.45800000000000002        0.0000000000000000                      +Infinity
 -0.13000000000000000       0.46200000000000002        0.0000000000000000                      +Infinity
 -0.13000000000000000       0.46600000000000003        0.0000000000000000                      +Infinity
 -0.13000000000000000       0.46999999999999997        0.0000000000000000                      +Infinity
 -0.13000000000000000       0.47399999999999998        0.0000000000000000                      +Infinity
 -0.13000000000000000       0.47799999999999998        0.0000000000000000                      +Infinity
 -0.13000000000000000       0.48199999999999998        0.0000000000000000                      +Infinity
 -0.13000000000000000       0.48599999999999999        0.0000000000000000                      +Infinity
 -0.13000000000000000       0.48999999999999999        0.0000000000000000                      +Infinity
 -0.13000000000000000       0.49399999999999999        0.0000000000000000                      +Infinity
 -0.13000000000000000       0.49800000000000000        0.0000000000000000                      +Infinity
 -0.13000000000000000       0.50200000000000000        0.0000000000000000                      +Infinity
 -0.13000000000000000       0.50600000000000001        0.0000000000000000                      +Infinity
 -0.13000000000000000       0.51000000000000001        0.0000000000000000                      +Infinity
 -0.13000000000000000       0.51400000000000001        0.0000000000000000                      +Infinity
 -0.13000000000000000       0.51800000000000002        0.0000000000000000                      +Infinity
 -0.13000000000000000       0.52200000000000002        0.0000000000000000                      +Infinity
 -0.13000000000000000       0.52600000000000002        0.0000000000000000                      +Infinity
 -0.13000000000000000       0.53000000000000003        0.0000000000000000                      +Infinity
 -0.13000000000000000       0.53400000000000003        0.0000000000000000                      +Infinity
 -0.13000000000000000       0.53800000000000003        0.0000000000000000                      +Infinity
 -0.13000000000000000       0.54200000000000004        0.0000000000000000                      +Infinity
 -0.13000000000000000       0.54600000000000004        0.0000000000000000                      +Infinity
 -0.13000000000000000       0.55000000000000004        0.0000000000000000                      +Infinity
 -0.13000000000000000       0.55400000000000005        0.0000000000000000                      +Infinity
 -0.13000000000000000       0.55800000000000005        0.0000000000000000                      +Infinity
 -0.13000000000000000       0.56200000000000006        0.0000000000000000                      +Infinity
 -0.13000000000000000       0.56599999999999995        0.0000000000000000                      +Infinity
 -0.13000000000000000       0.56999999999999995        0.0000000000000000                      +Infinity
 -0.13000000000000000       0.57399999999999995        0.0000000000000000                      +Infinity
 -0.13000000000000000       0.57799999999999996        0.0000000000000000                      +Infinity
 -0.13000000000000000       0.58199999999999996        0.0000000000000000                      +Infinity
 -0.13000000000000000       0.58599999999999997        0.0000000000000000                      +Infinity
 -0.13000000000000000       0.58999999999999997        0.0000000000000000                      +Infinity
 -0.13000000000000000       0.59399999999999997        0.0000000000000000                      +Infinity
 -0.13000000000000000       0.59799999999999998        0.0000000000000000                      +Infinity
 -0.13000000000000000       0.60199999999999998        0.0000000000000000                      +Infinity
 -0.13000000000000000       0.60599999999999998        0.0000000000000000                      +Infinity
 -0.13000000000000000       0.60999999999999999        0.0000000000000000                      +Infinity
 -0.13000000000000000       0.61399999999999999        0.0000000000000000                      +Infinity
 -0.13000000000000000       0.61799999999999999        0.0000000000000000                      +Infinity
 -0.13000000000000000       0.62200000000000000        0.0000000000000000                      +Infinity
 -0.13000000000000000       0.62600000000000000        0.0000000000000000                      +Infinity
 -0.13000000000000000       0.63000000000000000        0.0000000000000000                      +Infinity
 -0.13000000000000000       0.63400000000000001        0.0000000000000000                      +Infinity
 -0.13000000000000000       0.63800000000000001        0.0000000000000000                      +Infinity
 -0.13000000000000000       0.64200000000000002        0.0000000000000000                      +Infinity
 -0.13000000000000000       0.64600000000000002        0.0000000000000000                      +Infinity
 -0.13000000000000000       0.65000000000000002        0.0000000000000000                      +Infinity
 -0.13000000000000000       0.65400000000000003        0.0000000000000000                      +Infinity
 -0.13000000000000000       0.65800000000000003        0.0000000000000000                      +Infinity
 -0.13000000000000000       0.66200000000000003        0.0000000000000000                      +Infinity
 -0.13000000000000000       0.66600000000000004        0.0000000000000000                      +Infinity
 -0.13000000000000000       0.67000000000000004        0.0000000000000000                      +Infinity
 -0.13000000000000000       0.67400000000000004        0.0000000000000000                      +Infinity
 -0.13000000000000000       0.67800000000000005        0.0000000000000000                      +Infinity
 -0.13000000000000000       0.68200000000000005        0.0000000000000000                      +Infinity
 -0.13000000000000000       0.68600000000000005        0.0000000000000000                      +Infinity
 -0.13000000000000000       0.68999999999999995        0.0000000000000000                      +Infinity
 -0.13000000000000000       0.69399999999999995        0.0000000000000000                      +Infinity
 -0.13000000000000000       0.69799999999999995        0.0000000000000000                      +Infinity
 -0.13000000000000000       0.70199999999999996        0.0000000000000000                      +Infinity
 -0.13000000000000000       0.70599999999999996        0.0000000000000000                      +Infinity
 -0.13000000000000000       0.70999999999999996        0.0000000000000000                      +Infinity
 -0.13000000000000000       0.71399999999999997        0.0000000000000000                      +Infinity
 -0.13000000000000000       0.71799999999999997        0.0000000000000000                      +Infinity
 -0.13000000000000000       0.72199999999999998        0.0000000000000000                      +Infinity
 -0.13000000000000000       0.72599999999999998        0.0000000000000000                      +Infinity
 -0.13000000000000000       0.72999999999999998        0.0000000000000000                      +Infinity
 -0.13000000000000000       0.73399999999999999        0.0000000000000000                      +Infinity
 -0.13000000000000000       0.73799999999999999        0.0000000000000000                      +Infinity
 -0.13000000000000000       0.74199999999999999        0.0000000000000000                      +Infinity
 -0.13000000000000000       0.74600000000000000        0.0000000000000000                      +Infinity
 -0.13000000000000000       0.75000000000000000        0.0000000000000000                      +Infinity
 -0.13000000000000000       0.75400000000000000        0.0000000000000000                      +Infinity
 -0.13000000000000000       0.75800000000000001        0.0000000000000000                      +Infinity
 -0.13000000000000000       0.76200000000000001        0.0000000000000000                      +Infinity
 -0.13000000000000000       0.76600000000000001        0.0000000000000000                      +Infinity
 -0.13000000000000000       0.77000000000000002        0.0000000000000000                      +Infinity
 -0.13000000000000000       0.77400000000000002        0.0000000000000000                      +Infinity
 -0.13000000000000000       0.77800000000000002        0.0000000000000000                      +Infinity
 -0.13000000000000000       0.78200000000000003        0.0000000000000000                      +Infinity
 -0.13000000000000000       0.78600000000000003        0.0000000000000000                      +Infinity
 -0.13000000000000000       0.79000000000000004        0.0000000000000000                      +Infinity
 -0.13000000000000000       0.79400000000000004        0.0000000000000000                      +Infinity
 -0.13000000000000000       0.79800000000000004        0.0000000000000000                      +Infinity
 -0.13000000000000000       0.80200000000000005        0.0000000000000000                      +Infinity
 -0.13000000000000000       0.80600000000000005        0.0000000000000000                      +Infinity
 -0.13000000000000000       0.81000000000000005        0.0000000000000000                      +Infinity
 -0.13000000000000000       0.81399999999999995        0.0000000000000000                      +Infinity
 -0.13000000000000000       0.81799999999999995        0.0000000000000000                      +Infinity
 -0.13000000000000000       0.82199999999999995        0.0000000000000000                      +Infinity
 -0.13000000000000000       0.82599999999999996        0.0000000000000000                      +Infinity
 -0.13000000000000000       0.82999999999999996        0.0000000000000000                      +Infinity
 -0.13000000000000000       0.83399999999999996        0.0000000000000000                      +Infinity
 -0.13000000000000000       0.83799999999999997        0.0000000000000000                      +Infinity
 -0.13000000000000000       0.84199999999999997        0.0000000000000000                      +Infinity
 -0.13000000000000000       0.84599999999999997        0.0000000000000000                      +Infinity
 -0.13000000000000000       0.84999999999999998        0.0000000000000000                      +Infinity
 -0.13000000000000000       0.85399999999999998        0.0000000000000000                      +Infinity
 -0.13000000000000000       0.85799999999999998        0.0000000000000000                      +Infinity
 -0.13000000000000000       0.86199999999999999        0.0000000000000000                      +Infinity
 -0.13000000000000000       0.86599999999999999        0.0000000000000000                      +Infinity
 -0.13000000000000000       0.87000000000000000       1.66840000000000004E-007   15.606230567617667
 -0.13000000000000000       0.87400000000000000       4.33504999999999990E-007   14.651362506766956
 -0.13000000000000000       0.87800000000000000       3.70136500000000035E-006   12.506808887429029
 -0.13000000000000000       0.88200000000000001       3.36483599999999985E-005   10.299546240059737
 -0.13000000000000000       0.88600000000000001       3.24167370000000028E-004   8.0342506014763266
 -0.13000000000000000       0.89000000000000001       2.81212316000000037E-003   5.8738155079842880
 -0.13000000000000000       0.89400000000000002       1.86801155900000009E-002   3.9802956582990867
 -0.13000000000000000       0.89800000000000002       8.33731216450000062E-002   2.4844293039956331
 -0.13000000000000000       0.90200000000000002       0.22459482653999999        1.4934572710481591
 -0.13000000000000000       0.90600000000000003       0.33258398636500003        1.1008628602104271
 -0.13000000000000000       0.91000000000000003       0.24516983157500000        1.4058041184806569
 -0.13000000000000000       0.91400000000000003       8.12007833149999969E-002   2.5108303851245810
 -0.13000000000000000       0.91800000000000004       1.07216315549999996E-002   4.5354919376255385
 -0.13000000000000000       0.92200000000000004       4.94901084999999942E-004   7.6111526436467436
 -0.13000000000000000       0.92600000000000005       6.55889999999999915E-006   11.934687651995459
 -0.13000000000000000       0.93000000000000005       2.82999999999999995E-009   19.682989125291265
 -0.13000000000000000       0.93400000000000005        0.0000000000000000                      +Infinity
 -0.13000000000000000       0.93799999999999994        0.0000000000000000                      +Infinity
 -0.13000000000000000       0.94199999999999995        0.0000000000000000                      +Infinity
 -0.13000000000000000       0.94599999999999995        0.0000000000000000                      +Infinity
 -0.13000000000000000       0.94999999999999996        0.0000000000000000                      +Infinity
 -0.13000000000000000       0.95399999999999996        0.0000000000000000                      +Infinity
 -0.13000000000000000       0.95799999999999996        0.0000000000000000                      +Infinity
 -0.13000000000000000       0.96199999999999997        0.0000000000000000                      +Infinity
 -0.13000000000000000       0.96599999999999997        0.0000000000000000                      +Infinity
 -0.13000000000000000       0.96999999999999997        0.0000000000000000                      +Infinity
 -0.13000000000000000       0.97399999999999998        0.0000000000000000                      +Infinity
 -0.13000000000000000       0.97799999999999998        0.0000000000000000                      +Infinity
 -0.13000000000000000       0.98199999999999998        0.0000000000000000                      +Infinity
 -0.13000000000000000       0.98599999999999999        0.0000000000000000                      +Infinity
 -0.13000000000000000       0.98999999999999999        0.0000000000000000                      +Infinity
 -0.13000000000000000       0.99399999999999999        0.0000000000000000                      +Infinity
 -0.13000000000000000       0.99800000000000000        0.0000000000000000                      +Infinity
