  1.60000000000000003E-002 -0.99800000000000000        0.0000000000000000                      +Infinity
  1.60000000000000003E-002 -0.99399999999999999        0.0000000000000000                      +Infinity
  1.60000000000000003E-002 -0.98999999999999999        0.0000000000000000                      +Infinity
  1.60000000000000003E-002 -0.98599999999999999        0.0000000000000000                      +Infinity
  1.60000000000000003E-002 -0.98199999999999998        0.0000000000000000                      +Infinity
  1.60000000000000003E-002 -0.97799999999999998        0.0000000000000000                      +Infinity
  1.60000000000000003E-002 -0.97399999999999998        0.0000000000000000                      +Infinity
  1.60000000000000003E-002 -0.96999999999999997        0.0000000000000000                      +Infinity
  1.60000000000000003E-002 -0.96599999999999997        0.0000000000000000                      +Infinity
  1.60000000000000003E-002 -0.96199999999999997        0.0000000000000000                      +Infinity
  1.60000000000000003E-002 -0.95799999999999996        0.0000000000000000                      +Infinity
  1.60000000000000003E-002 -0.95399999999999996        0.0000000000000000                      +Infinity
  1.60000000000000003E-002 -0.94999999999999996        0.0000000000000000                      +Infinity
  1.60000000000000003E-002 -0.94599999999999995        0.0000000000000000                      +Infinity
  1.60000000000000003E-002 -0.94199999999999995        0.0000000000000000                      +Infinity
  1.60000000000000003E-002 -0.93799999999999994        0.0000000000000000                      +Infinity
  1.60000000000000003E-002 -0.93400000000000005        0.0000000000000000                      +Infinity
  1.60000000000000003E-002 -0.93000000000000005        0.0000000000000000                      +Infinity
  1.60000000000000003E-002 -0.92600000000000005        0.0000000000000000                      +Infinity
  1.60000000000000003E-002 -0.92200000000000004        0.0000000000000000                      +Infinity
  1.60000000000000003E-002 -0.91800000000000004        0.0000000000000000                      +Infinity
  1.60000000000000003E-002 -0.91400000000000003        0.0000000000000000                      +Infinity
  1.60000000000000003E-002 -0.91000000000000003        0.0000000000000000                      +Infinity
  1.60000000000000003E-002 -0.90600000000000003        0.0000000000000000                      +Infinity
  1.60000000000000003E-002 -0.90200000000000002        0.0000000000000000                      +Infinity
  1.60000000000000003E-002 -0.89800000000000002        0.0000000000000000                      +Infinity
  1.60000000000000003E-002 -0.89400000000000002        0.0000000000000000                      +Infinity
  1.60000000000000003E-002 -0.89000000000000001        0.0000000000000000                      +Infinity
  1.60000000000000003E-002 -0.88600000000000001        0.0000000000000000                      +Infinity
  1.60000000000000003E-002 -0.88200000000000001        0.0000000000000000                      +Infinity
  1.60000000000000003E-002 -0.87800000000000000        0.0000000000000000                      +Infinity
  1.60000000000000003E-002 -0.87400000000000000        0.0000000000000000                      +Infinity
  1.60000000000000003E-002 -0.87000000000000000        0.0000000000000000                      +Infinity
  1.60000000000000003E-002 -0.86599999999999999        0.0000000000000000                      +Infinity
  1.60000000000000003E-002 -0.86199999999999999        0.0000000000000000                      +Infinity
  1.60000000000000003E-002 -0.85799999999999998        0.0000000000000000                      +Infinity
  1.60000000000000003E-002 -0.85399999999999998        0.0000000000000000                      +Infinity
  1.60000000000000003E-002 -0.84999999999999998        0.0000000000000000                      +Infinity
  1.60000000000000003E-002 -0.84599999999999997        0.0000000000000000                      +Infinity
  1.60000000000000003E-002 -0.84199999999999997        0.0000000000000000                      +Infinity
  1.60000000000000003E-002 -0.83799999999999997        0.0000000000000000                      +Infinity
  1.60000000000000003E-002 -0.83399999999999996        0.0000000000000000                      +Infinity
  1.60000000000000003E-002 -0.82999999999999996        0.0000000000000000                      +Infinity
  1.60000000000000003E-002 -0.82599999999999996        0.0000000000000000                      +Infinity
  1.60000000000000003E-002 -0.82199999999999995        0.0000000000000000                      +Infinity
  1.60000000000000003E-002 -0.81799999999999995        0.0000000000000000                      +Infinity
  1.60000000000000003E-002 -0.81399999999999995        0.0000000000000000                      +Infinity
  1.60000000000000003E-002 -0.81000000000000005        0.0000000000000000                      +Infinity
  1.60000000000000003E-002 -0.80600000000000005        0.0000000000000000                      +Infinity
  1.60000000000000003E-002 -0.80200000000000005        0.0000000000000000                      +Infinity
  1.60000000000000003E-002 -0.79800000000000004        0.0000000000000000                      +Infinity
  1.60000000000000003E-002 -0.79400000000000004       4.99999999999999977E-008   16.811242831518264
  1.60000000000000003E-002 -0.79000000000000004       9.99999999999999955E-008   16.118095650958320
  1.60000000000000003E-002 -0.78600000000000003       1.49999999999999993E-007   15.712630542850155
  1.60000000000000003E-002 -0.78200000000000003       2.49999999999999989E-007   15.201804919084164
  1.60000000000000003E-002 -0.77800000000000002       1.99999999999999991E-007   15.424948470398375
  1.60000000000000003E-002 -0.77400000000000002       3.49999999999999984E-007   14.865332682462952
  1.60000000000000003E-002 -0.77000000000000002       4.99999999999999977E-007   14.508657738524219
  1.60000000000000003E-002 -0.76600000000000001       1.15000000000000000E-006   13.675748615589116
  1.60000000000000003E-002 -0.76200000000000001       1.25000000000000010E-006   13.592367006650065
  1.60000000000000003E-002 -0.75800000000000001       2.09999999999999980E-006   13.073573213234896
  1.60000000000000003E-002 -0.75400000000000000       2.60000000000000009E-006   12.859999112936837
  1.60000000000000003E-002 -0.75000000000000000       3.09999999999999997E-006   12.684108446473173
  1.60000000000000003E-002 -0.74600000000000000       3.80000000000000004E-006   12.480509491231935
  1.60000000000000003E-002 -0.74199999999999999       4.34999999999999986E-006   12.345334712863682
  1.60000000000000003E-002 -0.73799999999999999       5.55000000000000023E-006   12.101712630205931
  1.60000000000000003E-002 -0.73399999999999999       5.75000000000000000E-006   12.066310703155015
  1.60000000000000003E-002 -0.72999999999999998       7.95000000000000012E-006   11.742338629298034
  1.60000000000000003E-002 -0.72599999999999998       1.02999999999999996E-005   11.483366662728685
  1.60000000000000003E-002 -0.72199999999999998       1.15499999999999995E-005   11.368825120996471
  1.60000000000000003E-002 -0.71799999999999997       1.45499999999999996E-005   11.137919564346772
  1.60000000000000003E-002 -0.71399999999999997       1.52499999999999997E-005   11.090931054910854
  1.60000000000000003E-002 -0.70999999999999996       1.88999999999999986E-005   10.876348635898678
  1.60000000000000003E-002 -0.70599999999999996       2.27500000000000007E-005   10.690945412567315
  1.60000000000000003E-002 -0.70199999999999996       2.70500000000000002E-005   10.517823552671784
  1.60000000000000003E-002 -0.69799999999999995       3.08499999999999977E-005   10.386373807612877
  1.60000000000000003E-002 -0.69399999999999995       3.53499999999999987E-005   10.250212165621692
  1.60000000000000003E-002 -0.68999999999999995       3.89499999999999981E-005   10.153231785647517
  1.60000000000000003E-002 -0.68600000000000005       4.56999999999999995E-005   9.9934122600641153
  1.60000000000000003E-002 -0.68200000000000005       5.26499999999999990E-005   9.8518443193842895
  1.60000000000000003E-002 -0.67800000000000005       5.84000000000000033E-005   9.7481946681300933
  1.60000000000000003E-002 -0.67400000000000004       6.54000000000000040E-005   9.6349882995011207
  1.60000000000000003E-002 -0.67000000000000004       7.66500000000000064E-005   9.4762609526464505
  1.60000000000000003E-002 -0.66600000000000004       8.89000000000000060E-005   9.3279984154444158
  1.60000000000000003E-002 -0.66200000000000003       9.64499999999999998E-005   9.2464858186125358
  1.60000000000000003E-002 -0.65800000000000003       1.06999999999999999E-004   9.1426817235023687
  1.60000000000000003E-002 -0.65400000000000003       1.23399999999999991E-004   9.0000794464929861
  1.60000000000000003E-002 -0.65000000000000002       1.32349999999999992E-004   8.9300606292911642
  1.60000000000000003E-002 -0.64600000000000002       1.43399999999999989E-004   8.8498726297987549
  1.60000000000000003E-002 -0.64200000000000002       1.55849999999999994E-004   8.7666165517509285
  1.60000000000000003E-002 -0.63800000000000001       1.72449999999999990E-004   8.6654032185814245
  1.60000000000000003E-002 -0.63400000000000001       1.86550000000000008E-004   8.5868112582971072
  1.60000000000000003E-002 -0.63000000000000000       2.04849999999999992E-004   8.4932325539713940
  1.60000000000000003E-002 -0.62600000000000000       2.18750000000000005E-004   8.4275810327265503
  1.60000000000000003E-002 -0.62200000000000000       2.37299999999999995E-004   8.3461853945225570
  1.60000000000000003E-002 -0.61799999999999999       2.53550000000000010E-004   8.2799495157232457
  1.60000000000000003E-002 -0.61399999999999999       2.76800000000000006E-004   8.1922153342207604
  1.60000000000000003E-002 -0.60999999999999999       3.03649999999999981E-004   8.0996348356206891
  1.60000000000000003E-002 -0.60599999999999998       3.16399999999999993E-004   8.0585033220707754
  1.60000000000000003E-002 -0.60199999999999998       3.43450000000000027E-004   7.9764690173043835
  1.60000000000000003E-002 -0.59799999999999998       3.58750000000000019E-004   7.9328847908904434
  1.60000000000000003E-002 -0.59399999999999997       3.91200000000000022E-004   7.8462916198036119
  1.60000000000000003E-002 -0.58999999999999997       4.14350000000000016E-004   7.7887995306692224
  1.60000000000000003E-002 -0.58599999999999997       4.35900000000000024E-004   7.7380976987199270
  1.60000000000000003E-002 -0.58199999999999996       4.66800000000000017E-004   7.6696096575518728
  1.60000000000000003E-002 -0.57799999999999996       5.04850000000000047E-004   7.5912492025139438
  1.60000000000000003E-002 -0.57399999999999995       5.27400000000000026E-004   7.5475512840450873
  1.60000000000000003E-002 -0.56999999999999995       5.50699999999999996E-004   7.5043203616958385
  1.60000000000000003E-002 -0.56599999999999995       5.91150000000000030E-004   7.4334407656551518
  1.60000000000000003E-002 -0.56200000000000006       6.18599999999999966E-004   7.3880516977133048
  1.60000000000000003E-002 -0.55800000000000005       6.52200000000000024E-004   7.3351592946090554
  1.60000000000000003E-002 -0.55400000000000005       6.76550000000000046E-004   7.2985042032546206
  1.60000000000000003E-002 -0.55000000000000004       7.11550000000000030E-004   7.2480648688346054
  1.60000000000000003E-002 -0.54600000000000004       7.48300000000000029E-004   7.1977065908779609
  1.60000000000000003E-002 -0.54200000000000004       7.97500000000000032E-004   7.1340287233052742
  1.60000000000000003E-002 -0.53800000000000003       8.20399999999999992E-004   7.1057185317660485
  1.60000000000000003E-002 -0.53400000000000003       8.50399999999999962E-004   7.0698037309365356
  1.60000000000000003E-002 -0.53000000000000003       9.00900000000000051E-004   7.0121162943068800
  1.60000000000000003E-002 -0.52600000000000002       9.33499999999999976E-004   6.9765695949824966
  1.60000000000000003E-002 -0.52200000000000002       9.71450000000000004E-004   6.9367207572751521
  1.60000000000000003E-002 -0.51800000000000002       1.00055000000000001E-003   6.9072054301767016
  1.60000000000000003E-002 -0.51400000000000001       1.04030000000000008E-003   6.8682461458874249
  1.60000000000000003E-002 -0.51000000000000001       1.08375000000000008E-003   6.8273280298695225
  1.60000000000000003E-002 -0.50600000000000001       1.11520000000000000E-003   6.7987215179580147
  1.60000000000000003E-002 -0.50200000000000000       1.16630000000000011E-003   6.7539189342672694
  1.60000000000000003E-002 -0.49800000000000000       1.22415000000000002E-003   6.7055085533809127
  1.60000000000000003E-002 -0.49399999999999999       1.25909999999999998E-003   6.6773580989566197
  1.60000000000000003E-002 -0.48999999999999999       1.29030000000000008E-003   6.6528805295064739
  1.60000000000000003E-002 -0.48599999999999999       1.35350000000000010E-003   6.6050614489099182
  1.60000000000000003E-002 -0.48199999999999998       1.39075000000000006E-003   6.5779121090088717
  1.60000000000000003E-002 -0.47799999999999998       1.44279999999999994E-003   6.5411696089348901
  1.60000000000000003E-002 -0.47399999999999998       1.47934999999999994E-003   6.5161524768671217
  1.60000000000000003E-002 -0.46999999999999997       1.51589999999999993E-003   6.4917459569983018
  1.60000000000000003E-002 -0.46600000000000003       1.56305000000000007E-003   6.4611162382911829
  1.60000000000000003E-002 -0.46200000000000002       1.62805000000000003E-003   6.4203722993426959
  1.60000000000000003E-002 -0.45800000000000002       1.66040000000000003E-003   6.4006967417853904
  1.60000000000000003E-002 -0.45400000000000001       1.70089999999999998E-003   6.3765977562442284
  1.60000000000000003E-002 -0.45000000000000001       1.74930000000000007E-003   6.3485395710680539
  1.60000000000000003E-002 -0.44600000000000001       1.80795000000000001E-003   6.3155616722618122
  1.60000000000000003E-002 -0.44200000000000000       1.84055000000000004E-003   6.2976908389833675
  1.60000000000000003E-002 -0.43800000000000000       1.89014999999999995E-003   6.2710990879804624
  1.60000000000000003E-002 -0.43400000000000000       1.94015000000000008E-003   6.2449899893082765
  1.60000000000000003E-002 -0.42999999999999999       1.99784999999999980E-003   6.2156836766491246
  1.60000000000000003E-002 -0.42599999999999999       2.04425000000000006E-003   6.1927243049221872
  1.60000000000000003E-002 -0.42199999999999999       2.09489999999999980E-003   6.1682494594441746
  1.60000000000000003E-002 -0.41799999999999998       2.14355000000000014E-003   6.1452919458628639
  1.60000000000000003E-002 -0.41399999999999998       2.18115000000000019E-003   6.1279030183366698
  1.60000000000000003E-002 -0.40999999999999998       2.25269999999999984E-003   6.0956257821903259
  1.60000000000000003E-002 -0.40600000000000003       2.29379999999999992E-003   6.0775454480338524
  1.60000000000000003E-002 -0.40200000000000002       2.35149999999999986E-003   6.0527018565791719
  1.60000000000000003E-002 -0.39800000000000002       2.39885000000000011E-003   6.0327658231319363
  1.60000000000000003E-002 -0.39400000000000002       2.44234999999999982E-003   6.0147945884203660
  1.60000000000000003E-002 -0.39000000000000001       2.50264999999999993E-003   5.9904051085112924
  1.60000000000000003E-002 -0.38600000000000001       2.55594999999999998E-003   5.9693313044735197
  1.60000000000000003E-002 -0.38200000000000001       2.59999999999999988E-003   5.9522438339547010
  1.60000000000000003E-002 -0.37800000000000000       2.65160000000000005E-003   5.9325920475970380
  1.60000000000000003E-002 -0.37400000000000000       2.69955000000000021E-003   5.9146701865289524
  1.60000000000000003E-002 -0.37000000000000000       2.74019999999999993E-003   5.8997243685452663
  1.60000000000000003E-002 -0.36599999999999999       2.76139999999999979E-003   5.8920174814822222
  1.60000000000000003E-002 -0.36199999999999999       2.85240000000000016E-003   5.8595945338101254
  1.60000000000000003E-002 -0.35799999999999998       2.90245000000000000E-003   5.8422000710694606
  1.60000000000000003E-002 -0.35399999999999998       2.94619999999999995E-003   5.8272390745834359
  1.60000000000000003E-002 -0.34999999999999998       2.97739999999999984E-003   5.8167048425213173
  1.60000000000000003E-002 -0.34599999999999997       3.03555000000000014E-003   5.7973626517784957
  1.60000000000000003E-002 -0.34200000000000003       3.07209999999999992E-003   5.7853939121431859
  1.60000000000000003E-002 -0.33800000000000002       3.12744999999999993E-003   5.7675373029612365
  1.60000000000000003E-002 -0.33400000000000002       3.20339999999999991E-003   5.7435425332300785
  1.60000000000000003E-002 -0.33000000000000002       3.21959999999999998E-003   5.7384981507446957
  1.60000000000000003E-002 -0.32600000000000001       3.27960000000000014E-003   5.7200338152422514
  1.60000000000000003E-002 -0.32200000000000001       3.31180000000000016E-003   5.7102634307558899
  1.60000000000000003E-002 -0.31800000000000000       3.36449999999999987E-003   5.6944759153359010
  1.60000000000000003E-002 -0.31400000000000000       3.39354999999999995E-003   5.6858787078786159
  1.60000000000000003E-002 -0.31000000000000000       3.44340000000000011E-003   5.6712959236219023
  1.60000000000000003E-002 -0.30599999999999999       3.50270000000000008E-003   5.6542211793134234
  1.60000000000000003E-002 -0.30199999999999999       3.56170000000000011E-003   5.6375173200085644
  1.60000000000000003E-002 -0.29799999999999999       3.57354999999999999E-003   5.6341957795174196
  1.60000000000000003E-002 -0.29399999999999998       3.62780000000000004E-003   5.6191288750404054
  1.60000000000000003E-002 -0.28999999999999998       3.68855000000000008E-003   5.6025218520858679
  1.60000000000000003E-002 -0.28599999999999998       3.71140000000000012E-003   5.5963461150540352
  1.60000000000000003E-002 -0.28199999999999997       3.75569999999999984E-003   5.5844805930305474
  1.60000000000000003E-002 -0.27800000000000002       3.82395000000000001E-003   5.5664713591922723
  1.60000000000000003E-002 -0.27400000000000002       3.87339999999999993E-003   5.5536226046706423
  1.60000000000000003E-002 -0.27000000000000002       3.90079999999999984E-003   5.5465736186773213
  1.60000000000000003E-002 -0.26600000000000001       3.93239999999999996E-003   5.5385053524715051
  1.60000000000000003E-002 -0.26200000000000001       3.96320000000000006E-003   5.5307034992291788
  1.60000000000000003E-002 -0.25800000000000001       3.99054999999999983E-003   5.5238262129685314
  1.60000000000000003E-002 -0.25400000000000000       4.05185000000000007E-003   5.5085817120370812
  1.60000000000000003E-002 -0.25000000000000000       4.08835000000000014E-003   5.4996138133072554
  1.60000000000000003E-002 -0.24600000000000000       4.15245000000000024E-003   5.4840567574885100
  1.60000000000000003E-002 -0.24199999999999999       4.17239999999999972E-003   5.4792638691624580
  1.60000000000000003E-002 -0.23799999999999999       4.22674999999999960E-003   5.4663219027471985
  1.60000000000000003E-002 -0.23400000000000001       4.26035000000000042E-003   5.4584039624513618
  1.60000000000000003E-002 -0.23000000000000001       4.31534999999999992E-003   5.4455768453375688
  1.60000000000000003E-002 -0.22600000000000001       4.33159999999999969E-003   5.4418182902100503
  1.60000000000000003E-002 -0.22200000000000000       4.36329999999999964E-003   5.4345266271770232
  1.60000000000000003E-002 -0.21800000000000000       4.39755000000000007E-003   5.4267077113205540
  1.60000000000000003E-002 -0.21400000000000000       4.44944999999999976E-003   5.4149747859481598
  1.60000000000000003E-002 -0.20999999999999999       4.51395000000000008E-003   5.4005826772985603
  1.60000000000000003E-002 -0.20599999999999999       4.52110000000000012E-003   5.3989999519140692
  1.60000000000000003E-002 -0.20200000000000001       4.53800000000000037E-003   5.3952688926244869
  1.60000000000000003E-002 -0.19800000000000001       4.59205000000000030E-003   5.3834287315224092
  1.60000000000000003E-002 -0.19400000000000001       4.60275000000000007E-003   5.3811013280269577
  1.60000000000000003E-002 -0.19000000000000000       4.63799999999999976E-003   5.3734720401487968
  1.60000000000000003E-002 -0.18600000000000000       4.67289999999999980E-003   5.3659754150220316
  1.60000000000000003E-002 -0.18200000000000000       4.73140000000000019E-003   5.3535341371859673
  1.60000000000000003E-002 -0.17799999999999999       4.70809999999999979E-003   5.3584708493678805
  1.60000000000000003E-002 -0.17399999999999999       4.76540000000000036E-003   5.3463737999637253
  1.60000000000000003E-002 -0.17000000000000001       4.80620000000000006E-003   5.3378485278853693
  1.60000000000000003E-002 -0.16600000000000001       4.83585000000000004E-003   5.3316983640803661
  1.60000000000000003E-002 -0.16200000000000001       4.88635000000000024E-003   5.3213096754743034
  1.60000000000000003E-002 -0.15800000000000000       4.89709999999999972E-003   5.3191120858047425
  1.60000000000000003E-002 -0.15400000000000000       4.90520000000000019E-003   5.3174594120764027
  1.60000000000000003E-002 -0.14999999999999999       4.91274999999999958E-003   5.3159214124963974
  1.60000000000000003E-002 -0.14599999999999999       4.97590000000000011E-003   5.3031490202102178
  1.60000000000000003E-002 -0.14199999999999999       4.98164999999999979E-003   5.3019941175204774
  1.60000000000000003E-002 -0.13800000000000001       5.00074999999999999E-003   5.2981673777969114
  1.60000000000000003E-002 -0.13400000000000001       5.03259999999999992E-003   5.2918185298082072
  1.60000000000000003E-002 -0.13000000000000000       5.05439999999999969E-003   5.2874961279164534
  1.60000000000000003E-002 -0.12600000000000000       5.05654999999999993E-003   5.2870708464083052
  1.60000000000000003E-002 -0.12200000000000000       5.07324999999999963E-003   5.2837736411071958
  1.60000000000000003E-002 -0.11799999999999999       5.10905000000000040E-003   5.2767418020303571
  1.60000000000000003E-002 -0.11400000000000000       5.14759999999999957E-003   5.2692246923447641
  1.60000000000000003E-002 -0.11000000000000000       5.15710000000000040E-003   5.2673808729824527
  1.60000000000000003E-002 -0.10600000000000000       5.16774999999999960E-003   5.2653178882849287
  1.60000000000000003E-002 -0.10199999999999999       5.18159999999999975E-003   5.2626413900955669
  1.60000000000000003E-002 -9.80000000000000038E-002  5.21835000000000007E-003   5.2555740190092042
  1.60000000000000003E-002 -9.40000000000000002E-002  5.22610000000000002E-003   5.2540899769730283
  1.60000000000000003E-002 -8.99999999999999967E-002  5.22639999999999997E-003   5.2540325744377334
  1.60000000000000003E-002 -8.59999999999999931E-002  5.24260000000000004E-003   5.2509377205012617
  1.60000000000000003E-002 -8.20000000000000034E-002  5.26785000000000014E-003   5.2461329693105894
  1.60000000000000003E-002 -7.79999999999999999E-002  5.29440000000000032E-003   5.2411056207969260
  1.60000000000000003E-002 -7.39999999999999963E-002  5.30420000000000023E-003   5.2392563194188329
  1.60000000000000003E-002 -7.00000000000000067E-002  5.33334999999999972E-003   5.2337757204153483
  1.60000000000000003E-002 -6.60000000000000031E-002  5.32640000000000023E-003   5.2350796911435138
  1.60000000000000003E-002 -6.19999999999999996E-002  5.33285000000000009E-003   5.2338694745171592
  1.60000000000000003E-002 -5.80000000000000029E-002  5.36525000000000023E-003   5.2278123056626828
  1.60000000000000003E-002 -5.39999999999999994E-002  5.34875000000000021E-003   5.2308923902332474
  1.60000000000000003E-002 -5.00000000000000028E-002  5.35400000000000025E-003   5.2299113338839760
  1.60000000000000003E-002 -4.59999999999999992E-002  5.36764999999999985E-003   5.2273650826306968
  1.60000000000000003E-002 -4.20000000000000026E-002  5.37740000000000006E-003   5.2255502929971565
  1.60000000000000003E-002 -3.79999999999999991E-002  5.39894999999999958E-003   5.2215507887631247
  1.60000000000000003E-002 -3.40000000000000024E-002  5.37334999999999983E-003   5.2263037288396026
  1.60000000000000003E-002 -2.99999999999999989E-002  5.37409999999999971E-003   5.2261641608488292
  1.60000000000000003E-002 -2.59999999999999988E-002  5.43170000000000024E-003   5.2155031185277574
  1.60000000000000003E-002 -2.19999999999999987E-002  5.41315000000000025E-003   5.2189241004852880
  1.60000000000000003E-002 -1.79999999999999986E-002  5.39349999999999986E-003   5.2225607541487902
  1.60000000000000003E-002 -1.40000000000000003E-002  5.41055000000000008E-003   5.2194045277051870
  1.60000000000000003E-002 -1.00000000000000002E-002  5.41535000000000020E-003   5.2185177653455606
  1.60000000000000003E-002 -6.00000000000000012E-003  5.40370000000000000E-003   5.2206713748589202
  1.60000000000000003E-002 -2.00000000000000004E-003  5.39930000000000011E-003   5.2214859634441844
  1.60000000000000003E-002  2.00000000000000004E-003  5.40090000000000015E-003   5.2211896726325877
  1.60000000000000003E-002  6.00000000000000012E-003  5.43840000000000035E-003   5.2142703790224223
  1.60000000000000003E-002  1.00000000000000002E-002  5.40124999999999980E-003   5.2211248707181310
  1.60000000000000003E-002  1.40000000000000003E-002  5.40229999999999964E-003   5.2209304901666815
  1.60000000000000003E-002  1.79999999999999986E-002  5.40519999999999976E-003   5.2203938258003433
  1.60000000000000003E-002  2.19999999999999987E-002  5.40465000000000043E-003   5.2204955848442660
  1.60000000000000003E-002  2.59999999999999988E-002  5.39134999999999961E-003   5.2229594616001656
  1.60000000000000003E-002  2.99999999999999989E-002  5.39829999999999997E-003   5.2216711897913095
  1.60000000000000003E-002  3.40000000000000024E-002  5.41800000000000007E-003   5.2180285353192337
  1.60000000000000003E-002  3.79999999999999991E-002  5.39539999999999985E-003   5.2222085402957301
  1.60000000000000003E-002  4.20000000000000026E-002  5.35069999999999990E-003   5.2305278855116795
  1.60000000000000003E-002  4.59999999999999992E-002  5.36145000000000024E-003   5.2285208180959497
  1.60000000000000003E-002  5.00000000000000028E-002  5.36845000000000031E-003   5.2272160527219809
  1.60000000000000003E-002  5.39999999999999994E-002  5.35360000000000003E-003   5.2299860471717690
  1.60000000000000003E-002  5.80000000000000029E-002  5.36359999999999962E-003   5.2281198875587869
  1.60000000000000003E-002  6.19999999999999996E-002  5.35020000000000027E-003   5.2306213355953854
  1.60000000000000003E-002  6.60000000000000031E-002  5.31509999999999969E-003   5.2372034526897728
  1.60000000000000003E-002  7.00000000000000067E-002  5.30420000000000023E-003   5.2392563194188329
  1.60000000000000003E-002  7.39999999999999963E-002  5.26665000000000032E-003   5.2463607921792947
  1.60000000000000003E-002  7.79999999999999999E-002  5.28945000000000023E-003   5.2420410082714115
  1.60000000000000003E-002  8.20000000000000034E-002  5.27564999999999978E-003   5.2446533844624907
  1.60000000000000003E-002  8.59999999999999931E-002  5.27054999999999971E-003   5.2456205575480679
  1.60000000000000003E-002  8.99999999999999967E-002  5.26119999999999973E-003   5.2473961413696504
  1.60000000000000003E-002  9.40000000000000002E-002  5.25325000000000011E-003   5.2489083462904942
  1.60000000000000003E-002  9.80000000000000038E-002  5.23814999999999958E-003   5.2517868964223373
  1.60000000000000003E-002  0.10199999999999999       5.19030000000000012E-003   5.2609637800066880
  1.60000000000000003E-002  0.10600000000000000       5.15134999999999985E-003   5.2684964627357802
  1.60000000000000003E-002  0.11000000000000000       5.15194999999999976E-003   5.2683799951961223
  1.60000000000000003E-002  0.11400000000000000       5.15719999999999981E-003   5.2673614824275914
  1.60000000000000003E-002  0.11799999999999999       5.13505000000000038E-003   5.2716656985506756
  1.60000000000000003E-002  0.12200000000000000       5.07945000000000011E-003   5.2825522909696545
  1.60000000000000003E-002  0.12600000000000000       5.09319999999999998E-003   5.2798489622649933
  1.60000000000000003E-002  0.13000000000000000       5.06480000000000038E-003   5.2854406287343574
  1.60000000000000003E-002  0.13400000000000001       5.06049999999999989E-003   5.2862899863353183
  1.60000000000000003E-002  0.13800000000000001       5.04295000000000004E-003   5.2897640506699934
  1.60000000000000003E-002  0.14199999999999999       5.00510000000000017E-003   5.2972978863945714
  1.60000000000000003E-002  0.14599999999999999       4.98625000000000023E-003   5.3010711547446574
  1.60000000000000003E-002  0.14999999999999999       4.95150000000000017E-003   5.3080647180029166
  1.60000000000000003E-002  0.15400000000000000       4.90704999999999961E-003   5.3170823324011156
  1.60000000000000003E-002  0.15800000000000000       4.86449999999999990E-003   5.3257913435487918
  1.60000000000000003E-002  0.16200000000000001       4.87579999999999958E-003   5.3234710854315770
  1.60000000000000003E-002  0.16600000000000001       4.84150000000000032E-003   5.3305306889126882
  1.60000000000000003E-002  0.17000000000000001       4.80865000000000025E-003   5.3373388995390032
  1.60000000000000003E-002  0.17399999999999999       4.76829999999999962E-003   5.3457654317353480
  1.60000000000000003E-002  0.17799999999999999       4.73505000000000020E-003   5.3527629927377571
  1.60000000000000003E-002  0.18200000000000000       4.71550000000000007E-003   5.3569003239803346
  1.60000000000000003E-002  0.18600000000000000       4.67099999999999980E-003   5.3663820974621661
  1.60000000000000003E-002  0.19000000000000000       4.64375000000000031E-003   5.3722330494982051
  1.60000000000000003E-002  0.19400000000000001       4.62160000000000001E-003   5.3770143134972184
  1.60000000000000003E-002  0.19800000000000001       4.60484999999999974E-003   5.3806451830952904
  1.60000000000000003E-002  0.20200000000000001       4.55145000000000029E-003   5.3923094154687021
  1.60000000000000003E-002  0.20599999999999999       4.52379999999999970E-003   5.3984029303703931
  1.60000000000000003E-002  0.20999999999999999       4.47580000000000026E-003   5.4090701722832195
  1.60000000000000003E-002  0.21400000000000000       4.44504999999999987E-003   5.4159641614856087
  1.60000000000000003E-002  0.21800000000000000       4.40015000000000024E-003   5.4261166477299128
  1.60000000000000003E-002  0.22200000000000000       4.37945000000000001E-003   5.4308321332547083
  1.60000000000000003E-002  0.22600000000000001       4.32775000000000000E-003   5.4427075025074352
  1.60000000000000003E-002  0.23000000000000001       4.28230000000000017E-003   5.4532650305494936
  1.60000000000000003E-002  0.23400000000000001       4.25384999999999999E-003   5.4599308237566611
  1.60000000000000003E-002  0.23799999999999999       4.20304999999999984E-003   5.4719448267653448
  1.60000000000000003E-002  0.24199999999999999       4.20859999999999984E-003   5.4706252281597507
  1.60000000000000003E-002  0.24600000000000000       4.13744999999999998E-003   5.4876756229441197
  1.60000000000000003E-002  0.25000000000000000       4.12385000000000009E-003   5.4909680859428454
  1.60000000000000003E-002  0.25400000000000000       4.07789999999999975E-003   5.5021731289549622
  1.60000000000000003E-002  0.25800000000000001       4.00600000000000001E-003   5.5199620417385109
  1.60000000000000003E-002  0.26200000000000001       4.00269999999999966E-003   5.5207861455722824
  1.60000000000000003E-002  0.26600000000000001       3.93914999999999977E-003   5.5367903149872708
  1.60000000000000003E-002  0.27000000000000002       3.88764999999999987E-003   5.5499504170121714
  1.60000000000000003E-002  0.27400000000000002       3.87784999999999996E-003   5.5524744026415780
  1.60000000000000003E-002  0.27800000000000002       3.81305000000000012E-003   5.5693258851583289
  1.60000000000000003E-002  0.28199999999999997       3.78875000000000002E-003   5.5757191295922608
  1.60000000000000003E-002  0.28599999999999998       3.72865000000000002E-003   5.5917090411338961
  1.60000000000000003E-002  0.28999999999999998       3.68894999999999987E-003   5.6024134142680726
  1.60000000000000003E-002  0.29399999999999998       3.64720000000000018E-003   5.6137955290650421
  1.60000000000000003E-002  0.29799999999999999       3.60200000000000017E-003   5.6262660322283731
  1.60000000000000003E-002  0.30199999999999999       3.53719999999999989E-003   5.6444198252626938
  1.60000000000000003E-002  0.30599999999999999       3.51134999999999989E-003   5.6517547000652844
  1.60000000000000003E-002  0.31000000000000000       3.46100000000000010E-003   5.6661977143289297
  1.60000000000000003E-002  0.31400000000000000       3.43560000000000003E-003   5.6735636960722040
  1.60000000000000003E-002  0.31800000000000000       3.39030000000000017E-003   5.6868368659300597
  1.60000000000000003E-002  0.32200000000000001       3.33279999999999991E-003   5.7039424874575664
  1.60000000000000003E-002  0.32600000000000001       3.26390000000000013E-003   5.7248324796045083
  1.60000000000000003E-002  0.33000000000000002       3.21725000000000006E-003   5.7392283215904998
  1.60000000000000003E-002  0.33400000000000002       3.18045000000000003E-003   5.7507325827676050
  1.60000000000000003E-002  0.33800000000000002       3.13659999999999980E-003   5.7646158682639497
  1.60000000000000003E-002  0.34200000000000003       3.08194999999999997E-003   5.7821927654474790
  1.60000000000000003E-002  0.34599999999999997       3.02125000000000006E-003   5.8020846259465815
  1.60000000000000003E-002  0.34999999999999998       3.00635000000000008E-003   5.8070285606301741
  1.60000000000000003E-002  0.35399999999999998       2.93679999999999983E-003   5.8304347257816493
  1.60000000000000003E-002  0.35799999999999998       2.90159999999999984E-003   5.8424929699955817
  1.60000000000000003E-002  0.36199999999999999       2.85819999999999998E-003   5.8575632229165802
  1.60000000000000003E-002  0.36599999999999999       2.80314999999999991E-003   5.8770114941392695
  1.60000000000000003E-002  0.37000000000000000       2.74839999999999980E-003   5.8967363548073530
  1.60000000000000003E-002  0.37400000000000000       2.68709999999999999E-003   5.9192927338150145
  1.60000000000000003E-002  0.37800000000000000       2.64175000000000000E-003   5.9363137026431341
  1.60000000000000003E-002  0.38200000000000001       2.59964999999999979E-003   5.9523784584007799
  1.60000000000000003E-002  0.38600000000000001       2.55619999999999979E-003   5.9692334982666599
  1.60000000000000003E-002  0.39000000000000001       2.50495000000000015E-003   5.9894865047243542
  1.60000000000000003E-002  0.39400000000000002       2.44025000000000014E-003   6.0156547859091996
  1.60000000000000003E-002  0.39800000000000002       2.38654999999999987E-003   6.0379064705540539
  1.60000000000000003E-002  0.40200000000000002       2.34579999999999988E-003   6.0551287838768690
  1.60000000000000003E-002  0.40600000000000003       2.32305000000000011E-003   6.0648743015339805
  1.60000000000000003E-002  0.40999999999999998       2.24099999999999994E-003   6.1008330841633471
  1.60000000000000003E-002  0.41399999999999998       2.20484999999999995E-003   6.1170957996081681
  1.60000000000000003E-002  0.41799999999999998       2.16124999999999998E-003   6.1370685209667739
  1.60000000000000003E-002  0.42199999999999999       2.10865000000000011E-003   6.1617073466867387
  1.60000000000000003E-002  0.42599999999999999       2.06304999999999987E-003   6.1835698086380075
  1.60000000000000003E-002  0.42999999999999999       1.99650000000000001E-003   6.2163596314609979
  1.60000000000000003E-002  0.43400000000000000       1.95655000000000004E-003   6.2365725608008429
  1.60000000000000003E-002  0.43800000000000000       1.89945000000000001E-003   6.2661909083995466
  1.60000000000000003E-002  0.44200000000000000       1.86279999999999996E-003   6.2856745468560522
  1.60000000000000003E-002  0.44600000000000001       1.82909999999999995E-003   6.3039312363823941
  1.60000000000000003E-002  0.45000000000000001       1.76190000000000005E-003   6.3413625067676902
  1.60000000000000003E-002  0.45400000000000001       1.70475000000000010E-003   6.3743368065635115
  1.60000000000000003E-002  0.45800000000000002       1.66854999999999998E-003   6.3958002931855882
  1.60000000000000003E-002  0.46200000000000002       1.61659999999999994E-003   6.4274301006645302
  1.60000000000000003E-002  0.46600000000000003       1.56875000000000005E-003   6.4574761550841799
  1.60000000000000003E-002  0.46999999999999997       1.52844999999999999E-003   6.4835011289773909
  1.60000000000000003E-002  0.47399999999999998       1.48284999999999997E-003   6.5137893672669938
  1.60000000000000003E-002  0.47799999999999998       1.42920000000000005E-003   6.5506404318150198
  1.60000000000000003E-002  0.48199999999999998       1.37784999999999991E-003   6.5872309657263726
  1.60000000000000003E-002  0.48599999999999999       1.33924999999999995E-003   6.6156455232032041
  1.60000000000000003E-002  0.48999999999999999       1.29560000000000005E-003   6.6487813706671002
  1.60000000000000003E-002  0.49399999999999999       1.26019999999999995E-003   6.6764848404563191
  1.60000000000000003E-002  0.49800000000000000       1.22835000000000001E-003   6.7020834735799673
  1.60000000000000003E-002  0.50200000000000000       1.17190000000000003E-003   6.7491289156997176
  1.60000000000000003E-002  0.50600000000000001       1.13600000000000007E-003   6.7802419586831775
  1.60000000000000003E-002  0.51000000000000001       1.08770000000000004E-003   6.8236899038644694
  1.60000000000000003E-002  0.51400000000000001       1.05054999999999992E-003   6.8584414424292159
  1.60000000000000003E-002  0.51800000000000002       9.95049999999999928E-004   6.9127175708119522
  1.60000000000000003E-002  0.52200000000000002       9.85299999999999935E-004   6.9225643946358453
  1.60000000000000003E-002  0.52600000000000002       9.28800000000000025E-004   6.9816171275805923
  1.60000000000000003E-002  0.53000000000000003       8.93249999999999947E-004   7.0206440610607546
  1.60000000000000003E-002  0.53400000000000003       8.66200000000000021E-004   7.0513947291837482
  1.60000000000000003E-002  0.53800000000000003       8.17050000000000046E-004   7.1098102654664812
  1.60000000000000003E-002  0.54200000000000004       7.81849999999999950E-004   7.1538476516747549
  1.60000000000000003E-002  0.54600000000000004       7.42900000000000006E-004   7.2049491118065134
  1.60000000000000003E-002  0.55000000000000004       7.05149999999999983E-004   7.2571000118260249
  1.60000000000000003E-002  0.55400000000000005       6.77199999999999981E-004   7.2975439077052942
  1.60000000000000003E-002  0.55800000000000005       6.47299999999999959E-004   7.3427006924128095
  1.60000000000000003E-002  0.56200000000000006       6.18750000000000051E-004   7.3878092440813736
  1.60000000000000003E-002  0.56599999999999995       5.89699999999999968E-004   7.4358966249578158
  1.60000000000000003E-002  0.56999999999999995       5.59299999999999988E-004   7.4888245561367315
  1.60000000000000003E-002  0.57399999999999995       5.15700000000000013E-004   7.5699853569073605
  1.60000000000000003E-002  0.57799999999999996       5.04499999999999957E-004   7.5919427181706105
  1.60000000000000003E-002  0.58199999999999996       4.65899999999999995E-004   7.6715395391415226
  1.60000000000000003E-002  0.58599999999999997       4.35700000000000020E-004   7.7385566248408777
  1.60000000000000003E-002  0.58999999999999997       4.17600000000000013E-004   7.7809865213958451
  1.60000000000000003E-002  0.59399999999999997       3.89699999999999986E-004   7.8501333456196107
  1.60000000000000003E-002  0.59799999999999998       3.70300000000000002E-004   7.9011970700447067
  1.60000000000000003E-002  0.60199999999999998       3.42300000000000026E-004   7.9798230124281346
  1.60000000000000003E-002  0.60599999999999998       3.15200000000000018E-004   8.0623031999805495
  1.60000000000000003E-002  0.60999999999999999       3.07450000000000019E-004   8.0871980855647951
  1.60000000000000003E-002  0.61399999999999999       2.78050000000000009E-004   8.1877096043307009
  1.60000000000000003E-002  0.61799999999999999       2.55550000000000005E-004   8.2720924727499856
  1.60000000000000003E-002  0.62200000000000000       2.35199999999999998E-004   8.3550743419398028
  1.60000000000000003E-002  0.62600000000000000       2.24300000000000004E-004   8.4025261164381106
  1.60000000000000003E-002  0.63000000000000000       2.08349999999999996E-004   8.4762912000958117
  1.60000000000000003E-002  0.63400000000000001       1.94100000000000002E-004   8.5471370677893095
  1.60000000000000003E-002  0.63800000000000001       1.72599999999999994E-004   8.6645337793149473
  1.60000000000000003E-002  0.64200000000000002       1.55649999999999989E-004   8.7679006610766574
  1.60000000000000003E-002  0.64600000000000002       1.41600000000000000E-004   8.8625043767046545
  1.60000000000000003E-002  0.65000000000000002       1.31650000000000002E-004   8.9353636720219551
  1.60000000000000003E-002  0.65400000000000003       1.21000000000000000E-004   9.0197200123675323
  1.60000000000000003E-002  0.65800000000000003       1.07150000000000002E-004   9.1412808360446878
  1.60000000000000003E-002  0.66200000000000003       9.73499999999999946E-005   9.2371978261460654
  1.60000000000000003E-002  0.66600000000000004       8.48500000000000025E-005   9.3746255662840383
  1.60000000000000003E-002  0.67000000000000004       7.81500000000000022E-005   9.4568805010967889
  1.60000000000000003E-002  0.67400000000000004       6.89499999999999955E-005   9.5821289537249630
  1.60000000000000003E-002  0.67800000000000005       6.08000000000000006E-005   9.7079207689921532
  1.60000000000000003E-002  0.68200000000000005       5.61500000000000028E-005   9.7874838767798220
  1.60000000000000003E-002  0.68600000000000005       4.94500000000000026E-005   9.9145484998955524
  1.60000000000000003E-002  0.68999999999999995       4.33999999999999978E-005   10.045051116857914
  1.60000000000000003E-002  0.69399999999999995       3.76500000000000004E-005   10.187177603718371
  1.60000000000000003E-002  0.69799999999999995       3.04000000000000003E-005   10.401067949552099
  1.60000000000000003E-002  0.70199999999999996       2.76500000000000012E-005   10.495884829995930
  1.60000000000000003E-002  0.70599999999999996       2.47000000000000007E-005   10.608707314330342
  1.60000000000000003E-002  0.70999999999999996       2.11499999999999991E-005   10.763870652471986
  1.60000000000000003E-002  0.71399999999999997       1.63500000000000010E-005   11.021282660621011
  1.60000000000000003E-002  0.71799999999999997       1.39999999999999998E-005   11.176453228349015
  1.60000000000000003E-002  0.72199999999999998       1.07999999999999999E-005   11.435964423834101
  1.60000000000000003E-002  0.72599999999999998       1.06000000000000002E-005   11.454656556846253
  1.60000000000000003E-002  0.72999999999999998       8.89999999999999949E-006   11.629459281226181
  1.60000000000000003E-002  0.73399999999999999       7.34999999999999993E-006   11.820810244739528
  1.60000000000000003E-002  0.73799999999999999       5.20000000000000019E-006   12.166851932376892
  1.60000000000000003E-002  0.74199999999999999       4.44999999999999975E-006   12.322606461786126
  1.60000000000000003E-002  0.74600000000000000       3.30000000000000017E-006   12.621588089491839
  1.60000000000000003E-002  0.75000000000000000       2.95000000000000013E-006   12.733705387612545
  1.60000000000000003E-002  0.75400000000000000       1.99999999999999991E-006   13.122363377404328
  1.60000000000000003E-002  0.75800000000000001       1.50000000000000004E-006   13.410045449856110
  1.60000000000000003E-002  0.76200000000000001       1.15000000000000000E-006   13.675748615589116
  1.60000000000000003E-002  0.76600000000000001       1.04999999999999990E-006   13.766720393794841
  1.60000000000000003E-002  0.77000000000000002       6.50000000000000024E-007   14.246293474056728
  1.60000000000000003E-002  0.77400000000000002       4.99999999999999977E-007   14.508657738524219
  1.60000000000000003E-002  0.77800000000000002       3.99999999999999982E-007   14.731801289838430
  1.60000000000000003E-002  0.78200000000000003       6.50000000000000024E-007   14.246293474056728
  1.60000000000000003E-002  0.78600000000000003       1.49999999999999993E-007   15.712630542850155
  1.60000000000000003E-002  0.79000000000000004       1.49999999999999993E-007   15.712630542850155
  1.60000000000000003E-002  0.79400000000000004       9.99999999999999955E-008   16.118095650958320
  1.60000000000000003E-002  0.79800000000000004       4.99999999999999977E-008   16.811242831518264
  1.60000000000000003E-002  0.80200000000000005       1.99999999999999991E-007   15.424948470398375
  1.60000000000000003E-002  0.80600000000000005       4.99999999999999977E-008   16.811242831518264
  1.60000000000000003E-002  0.81000000000000005       9.99999999999999955E-008   16.118095650958320
  1.60000000000000003E-002  0.81399999999999995       4.99999999999999977E-008   16.811242831518264
  1.60000000000000003E-002  0.81799999999999995        0.0000000000000000                      +Infinity
  1.60000000000000003E-002  0.82199999999999995        0.0000000000000000                      +Infinity
  1.60000000000000003E-002  0.82599999999999996        0.0000000000000000                      +Infinity
  1.60000000000000003E-002  0.82999999999999996        0.0000000000000000                      +Infinity
  1.60000000000000003E-002  0.83399999999999996        0.0000000000000000                      +Infinity
  1.60000000000000003E-002  0.83799999999999997        0.0000000000000000                      +Infinity
  1.60000000000000003E-002  0.84199999999999997        0.0000000000000000                      +Infinity
  1.60000000000000003E-002  0.84599999999999997        0.0000000000000000                      +Infinity
  1.60000000000000003E-002  0.84999999999999998        0.0000000000000000                      +Infinity
  1.60000000000000003E-002  0.85399999999999998        0.0000000000000000                      +Infinity
  1.60000000000000003E-002  0.85799999999999998        0.0000000000000000                      +Infinity
  1.60000000000000003E-002  0.86199999999999999        0.0000000000000000                      +Infinity
  1.60000000000000003E-002  0.86599999999999999        0.0000000000000000                      +Infinity
  1.60000000000000003E-002  0.87000000000000000        0.0000000000000000                      +Infinity
  1.60000000000000003E-002  0.87400000000000000        0.0000000000000000                      +Infinity
  1.60000000000000003E-002  0.87800000000000000        0.0000000000000000                      +Infinity
  1.60000000000000003E-002  0.88200000000000001        0.0000000000000000                      +Infinity
  1.60000000000000003E-002  0.88600000000000001        0.0000000000000000                      +Infinity
  1.60000000000000003E-002  0.89000000000000001        0.0000000000000000                      +Infinity
  1.60000000000000003E-002  0.89400000000000002        0.0000000000000000                      +Infinity
  1.60000000000000003E-002  0.89800000000000002        0.0000000000000000                      +Infinity
  1.60000000000000003E-002  0.90200000000000002        0.0000000000000000                      +Infinity
  1.60000000000000003E-002  0.90600000000000003        0.0000000000000000                      +Infinity
  1.60000000000000003E-002  0.91000000000000003        0.0000000000000000                      +Infinity
  1.60000000000000003E-002  0.91400000000000003        0.0000000000000000                      +Infinity
  1.60000000000000003E-002  0.91800000000000004        0.0000000000000000                      +Infinity
  1.60000000000000003E-002  0.92200000000000004        0.0000000000000000                      +Infinity
  1.60000000000000003E-002  0.92600000000000005        0.0000000000000000                      +Infinity
  1.60000000000000003E-002  0.93000000000000005        0.0000000000000000                      +Infinity
  1.60000000000000003E-002  0.93400000000000005        0.0000000000000000                      +Infinity
  1.60000000000000003E-002  0.93799999999999994        0.0000000000000000                      +Infinity
  1.60000000000000003E-002  0.94199999999999995        0.0000000000000000                      +Infinity
  1.60000000000000003E-002  0.94599999999999995        0.0000000000000000                      +Infinity
  1.60000000000000003E-002  0.94999999999999996        0.0000000000000000                      +Infinity
  1.60000000000000003E-002  0.95399999999999996        0.0000000000000000                      +Infinity
  1.60000000000000003E-002  0.95799999999999996        0.0000000000000000                      +Infinity
  1.60000000000000003E-002  0.96199999999999997        0.0000000000000000                      +Infinity
  1.60000000000000003E-002  0.96599999999999997        0.0000000000000000                      +Infinity
  1.60000000000000003E-002  0.96999999999999997        0.0000000000000000                      +Infinity
  1.60000000000000003E-002  0.97399999999999998        0.0000000000000000                      +Infinity
  1.60000000000000003E-002  0.97799999999999998        0.0000000000000000                      +Infinity
  1.60000000000000003E-002  0.98199999999999998        0.0000000000000000                      +Infinity
  1.60000000000000003E-002  0.98599999999999999        0.0000000000000000                      +Infinity
  1.60000000000000003E-002  0.98999999999999999        0.0000000000000000                      +Infinity
  1.60000000000000003E-002  0.99399999999999999        0.0000000000000000                      +Infinity
  1.60000000000000003E-002  0.99800000000000000        0.0000000000000000                      +Infinity
