  8.91250938133745889E-003 -0.99800000000000000        0.0000000000000000                      +Infinity
  8.91250938133745889E-003 -0.99399999999999999        0.0000000000000000                      +Infinity
  8.91250938133745889E-003 -0.98999999999999999        0.0000000000000000                      +Infinity
  8.91250938133745889E-003 -0.98599999999999999        0.0000000000000000                      +Infinity
  8.91250938133745889E-003 -0.98199999999999998        0.0000000000000000                      +Infinity
  8.91250938133745889E-003 -0.97799999999999998        0.0000000000000000                      +Infinity
  8.91250938133745889E-003 -0.97399999999999998        0.0000000000000000                      +Infinity
  8.91250938133745889E-003 -0.96999999999999997        0.0000000000000000                      +Infinity
  8.91250938133745889E-003 -0.96599999999999997        0.0000000000000000                      +Infinity
  8.91250938133745889E-003 -0.96199999999999997        0.0000000000000000                      +Infinity
  8.91250938133745889E-003 -0.95799999999999996        0.0000000000000000                      +Infinity
  8.91250938133745889E-003 -0.95399999999999996        0.0000000000000000                      +Infinity
  8.91250938133745889E-003 -0.94999999999999996        0.0000000000000000                      +Infinity
  8.91250938133745889E-003 -0.94599999999999995        0.0000000000000000                      +Infinity
  8.91250938133745889E-003 -0.94199999999999995        0.0000000000000000                      +Infinity
  8.91250938133745889E-003 -0.93799999999999994        0.0000000000000000                      +Infinity
  8.91250938133745889E-003 -0.93400000000000005        0.0000000000000000                      +Infinity
  8.91250938133745889E-003 -0.93000000000000005        0.0000000000000000                      +Infinity
  8.91250938133745889E-003 -0.92600000000000005        0.0000000000000000                      +Infinity
  8.91250938133745889E-003 -0.92200000000000004        0.0000000000000000                      +Infinity
  8.91250938133745889E-003 -0.91800000000000004        0.0000000000000000                      +Infinity
  8.91250938133745889E-003 -0.91400000000000003        0.0000000000000000                      +Infinity
  8.91250938133745889E-003 -0.91000000000000003        0.0000000000000000                      +Infinity
  8.91250938133745889E-003 -0.90600000000000003        0.0000000000000000                      +Infinity
  8.91250938133745889E-003 -0.90200000000000002        0.0000000000000000                      +Infinity
  8.91250938133745889E-003 -0.89800000000000002        0.0000000000000000                      +Infinity
  8.91250938133745889E-003 -0.89400000000000002        0.0000000000000000                      +Infinity
  8.91250938133745889E-003 -0.89000000000000001        0.0000000000000000                      +Infinity
  8.91250938133745889E-003 -0.88600000000000001        0.0000000000000000                      +Infinity
  8.91250938133745889E-003 -0.88200000000000001        0.0000000000000000                      +Infinity
  8.91250938133745889E-003 -0.87800000000000000        0.0000000000000000                      +Infinity
  8.91250938133745889E-003 -0.87400000000000000        0.0000000000000000                      +Infinity
  8.91250938133745889E-003 -0.87000000000000000        0.0000000000000000                      +Infinity
  8.91250938133745889E-003 -0.86599999999999999        0.0000000000000000                      +Infinity
  8.91250938133745889E-003 -0.86199999999999999        0.0000000000000000                      +Infinity
  8.91250938133745889E-003 -0.85799999999999998        0.0000000000000000                      +Infinity
  8.91250938133745889E-003 -0.85399999999999998        0.0000000000000000                      +Infinity
  8.91250938133745889E-003 -0.84999999999999998        0.0000000000000000                      +Infinity
  8.91250938133745889E-003 -0.84599999999999997        0.0000000000000000                      +Infinity
  8.91250938133745889E-003 -0.84199999999999997        0.0000000000000000                      +Infinity
  8.91250938133745889E-003 -0.83799999999999997        0.0000000000000000                      +Infinity
  8.91250938133745889E-003 -0.83399999999999996        0.0000000000000000                      +Infinity
  8.91250938133745889E-003 -0.82999999999999996        0.0000000000000000                      +Infinity
  8.91250938133745889E-003 -0.82599999999999996        0.0000000000000000                      +Infinity
  8.91250938133745889E-003 -0.82199999999999995        0.0000000000000000                      +Infinity
  8.91250938133745889E-003 -0.81799999999999995        0.0000000000000000                      +Infinity
  8.91250938133745889E-003 -0.81399999999999995        0.0000000000000000                      +Infinity
  8.91250938133745889E-003 -0.81000000000000005        0.0000000000000000                      +Infinity
  8.91250938133745889E-003 -0.80600000000000005        0.0000000000000000                      +Infinity
  8.91250938133745889E-003 -0.80200000000000005        0.0000000000000000                      +Infinity
  8.91250938133745889E-003 -0.79800000000000004        0.0000000000000000                      +Infinity
  8.91250938133745889E-003 -0.79400000000000004        0.0000000000000000                      +Infinity
  8.91250938133745889E-003 -0.79000000000000004        0.0000000000000000                      +Infinity
  8.91250938133745889E-003 -0.78600000000000003        0.0000000000000000                      +Infinity
  8.91250938133745889E-003 -0.78200000000000003        0.0000000000000000                      +Infinity
  8.91250938133745889E-003 -0.77800000000000002        0.0000000000000000                      +Infinity
  8.91250938133745889E-003 -0.77400000000000002        0.0000000000000000                      +Infinity
  8.91250938133745889E-003 -0.77000000000000002        0.0000000000000000                      +Infinity
  8.91250938133745889E-003 -0.76600000000000001        0.0000000000000000                      +Infinity
  8.91250938133745889E-003 -0.76200000000000001       9.61999999999999945E-009   18.459421572268795
  8.91250938133745889E-003 -0.75800000000000001       9.03599999999999965E-008   16.219464145346610
  8.91250938133745889E-003 -0.75400000000000000       2.15759999999999994E-007   15.349099158114937
  8.91250938133745889E-003 -0.75000000000000000       5.25839999999999949E-007   14.458268852991090
  8.91250938133745889E-003 -0.74600000000000000       1.54953999999999999E-006   13.377552445272842
  8.91250938133745889E-003 -0.74199999999999999       2.75906000000000014E-006   12.800620515955801
  8.91250938133745889E-003 -0.73799999999999999       4.03519999999999992E-006   12.420454691175811
  8.91250938133745889E-003 -0.73399999999999999       5.11620000000000025E-006   12.183098581970352
  8.91250938133745889E-003 -0.72999999999999998       7.99071999999999928E-006   11.737229689605190
  8.91250938133745889E-003 -0.72599999999999998       1.05672600000000002E-005   11.457750015906022
  8.91250938133745889E-003 -0.72199999999999998       1.44829199999999996E-005   11.142540533878272
  8.91250938133745889E-003 -0.71799999999999997       1.93073199999999986E-005   10.855026259348470
  8.91250938133745889E-003 -0.71399999999999997       2.33135199999999977E-005   10.666477108166184
  8.91250938133745889E-003 -0.70999999999999996       3.05020599999999978E-005   10.397716335648092
  8.91250938133745889E-003 -0.70599999999999996       3.98716400000000024E-005   10.129845263732502
  8.91250938133745889E-003 -0.70199999999999996       5.02296999999999978E-005   9.8989040727465358
  8.91250938133745889E-003 -0.69799999999999995       5.97003399999999977E-005   9.7261728424395564
  8.91250938133745889E-003 -0.69399999999999995       7.04821999999999941E-005   9.5601503622945696
  8.91250938133745889E-003 -0.68999999999999995       8.70034399999999972E-005   9.3495628998614997
  8.91250938133745889E-003 -0.68600000000000005       1.04081979999999996E-004   9.1703317001131506
  8.91250938133745889E-003 -0.68200000000000005       1.25263739999999994E-004   8.9850891234171684
  8.91250938133745889E-003 -0.67800000000000005       1.52919780000000004E-004   8.7855970877978340
  8.91250938133745889E-003 -0.67400000000000004       1.75622680000000000E-004   8.6471727279279289
  8.91250938133745889E-003 -0.67000000000000004       1.97948079999999988E-004   8.5275057838782189
  8.91250938133745889E-003 -0.66600000000000004       2.28603480000000000E-004   8.3835215836223203
  8.91250938133745889E-003 -0.66200000000000003       2.65409959999999992E-004   8.2342349085111035
  8.91250938133745889E-003 -0.65800000000000003       3.01537259999999988E-004   8.1066169673431183
  8.91250938133745889E-003 -0.65400000000000003       3.42195800000000001E-004   7.9801274701057565
  8.91250938133745889E-003 -0.65000000000000002       3.84626279999999965E-004   7.8632383964108037
  8.91250938133745889E-003 -0.64600000000000002       4.28475279999999958E-004   7.7552775112054855
  8.91250938133745889E-003 -0.64200000000000002       4.83713119999999990E-004   7.6340185542526235
  8.91250938133745889E-003 -0.63800000000000001       5.37515880000000081E-004   7.5285522542128307
  8.91250938133745889E-003 -0.63400000000000001       5.82143099999999952E-004   7.4487942641667972
  8.91250938133745889E-003 -0.63000000000000000       6.31024059999999972E-004   7.3681665661975329
  8.91250938133745889E-003 -0.62600000000000000       6.88823560000000014E-004   7.2805254010222376
  8.91250938133745889E-003 -0.62200000000000000       7.50225360000000060E-004   7.1951369165689920
  8.91250938133745889E-003 -0.61799999999999999       8.07124459999999998E-004   7.1220326760592174
  8.91250938133745889E-003 -0.61399999999999999       8.63574159999999885E-004   7.0544307810311144
  8.91250938133745889E-003 -0.60999999999999999       9.24705780000000086E-004   6.9860349467243212
  8.91250938133745889E-003 -0.60599999999999998       9.82802399999999987E-004   6.9251024753177894
  8.91250938133745889E-003 -0.60199999999999998       1.03955452000000013E-003   6.8689630037491218
  8.91250938133745889E-003 -0.59799999999999998       1.11180326000000001E-003   6.8017720232671568
  8.91250938133745889E-003 -0.59399999999999997       1.18232630000000014E-003   6.7402713405654886
  8.91250938133745889E-003 -0.58999999999999997       1.26090268000000004E-003   6.6759274018214150
  8.91250938133745889E-003 -0.58599999999999997       1.32262768000000015E-003   6.6281348544684917
  8.91250938133745889E-003 -0.58199999999999996       1.39240684000000001E-003   6.5767214896575563
  8.91250938133745889E-003 -0.57799999999999996       1.46947697999999993E-003   6.5228487374202446
  8.91250938133745889E-003 -0.57399999999999995       1.53803094000000006E-003   6.4772522910659189
  8.91250938133745889E-003 -0.56999999999999995       1.59241729999999994E-003   6.4425021027926297
  8.91250938133745889E-003 -0.56599999999999995       1.64747802000000010E-003   6.4085096331030131
  8.91250938133745889E-003 -0.56200000000000006       1.72527778000000002E-003   6.3623672095789985
  8.91250938133745889E-003 -0.55800000000000005       1.78631850000000023E-003   6.3275984809600301
  8.91250938133745889E-003 -0.55400000000000005       1.85183694000000008E-003   6.2915771919907408
  8.91250938133745889E-003 -0.55000000000000004       1.89653916000000005E-003   6.2677245484853561
  8.91250938133745889E-003 -0.54600000000000004       1.94798089999999985E-003   6.2409618787379939
  8.91250938133745889E-003 -0.54200000000000004       1.99986933999999998E-003   6.2146734305562887
  8.91250938133745889E-003 -0.53800000000000003       2.04900695999999998E-003   6.1904000129522272
  8.91250938133745889E-003 -0.53400000000000003       2.11032532000000016E-003   6.1609131632839045
  8.91250938133745889E-003 -0.53000000000000003       2.16169979999999984E-003   6.1368604223200478
  8.91250938133745889E-003 -0.52600000000000002       2.21081111999999998E-003   6.1143958081643692
  8.91250938133745889E-003 -0.52200000000000002       2.27433505999999992E-003   6.0860675506204140
  8.91250938133745889E-003 -0.51800000000000002       2.33024060000000012E-003   6.0617837549330860
  8.91250938133745889E-003 -0.51400000000000001       2.38743850000000014E-003   6.0375342451034655
  8.91250938133745889E-003 -0.51000000000000001       2.44068732000000000E-003   6.0154755908192001
  8.91250938133745889E-003 -0.50600000000000001       2.47433926000000014E-003   6.0017818842597235
  8.91250938133745889E-003 -0.50200000000000000       2.52375332000000013E-003   5.9820080728353684
  8.91250938133745889E-003 -0.49800000000000000       2.57117083999999991E-003   5.9633939040534250
  8.91250938133745889E-003 -0.49399999999999999       2.61746639999999985E-003   5.9455484519781905
  8.91250938133745889E-003 -0.48999999999999999       2.65332188000000010E-003   5.9319428843861859
  8.91250938133745889E-003 -0.48599999999999999       2.71232870000000020E-003   5.9099477141834678
  8.91250938133745889E-003 -0.48199999999999998       2.74551469999999992E-003   5.8977867170436911
  8.91250938133745889E-003 -0.47799999999999998       2.78980298000000007E-003   5.8817843021297795
  8.91250938133745889E-003 -0.47399999999999998       2.83643118000000008E-003   5.8652086437870681
  8.91250938133745889E-003 -0.46999999999999997       2.87407165999999971E-003   5.8520255577460993
  8.91250938133745889E-003 -0.46600000000000003       2.91188883999999974E-003   5.8389533224532313
  8.91250938133745889E-003 -0.46200000000000002       2.94391675999999998E-003   5.8280143529717590
  8.91250938133745889E-003 -0.45800000000000002       2.99155801999999998E-003   5.8119609503699019
  8.91250938133745889E-003 -0.45400000000000001       3.02030223999999979E-003   5.8023983731327764
  8.91250938133745889E-003 -0.45000000000000001       3.03874338000000022E-003   5.7963112108636690
  8.91250938133745889E-003 -0.44600000000000001       3.07125103999999994E-003   5.7856702955046035
  8.91250938133745889E-003 -0.44200000000000000       3.10882113999999977E-003   5.7735116793127519
  8.91250938133745889E-003 -0.43800000000000000       3.14917246000000033E-003   5.7606155717703151
  8.91250938133745889E-003 -0.43400000000000000       3.19854959999999995E-003   5.7450578219252861
  8.91250938133745889E-003 -0.42999999999999999       3.25049702000000012E-003   5.7289473651022043
  8.91250938133745889E-003 -0.42599999999999999       3.27651615999999994E-003   5.7209745674047134
  8.91250938133745889E-003 -0.42199999999999999       3.29267407999999989E-003   5.7160552540664398
  8.91250938133745889E-003 -0.41799999999999998       3.30032756000000040E-003   5.7137335548296502
  8.91250938133745889E-003 -0.41399999999999998       3.32109414000000044E-003   5.7074609901058242
  8.91250938133745889E-003 -0.40999999999999998       3.33863867999999956E-003   5.7021921359154977
  8.91250938133745889E-003 -0.40600000000000003       3.35622481999999986E-003   5.6969385021560992
  8.91250938133745889E-003 -0.40200000000000002       3.35704774000000023E-003   5.6966933400546749
  8.91250938133745889E-003 -0.39800000000000002       3.38089104000000029E-003   5.6896159829274238
  8.91250938133745889E-003 -0.39400000000000002       3.40265836000000011E-003   5.6831982822733629
  8.91250938133745889E-003 -0.39000000000000001       3.40576372000000018E-003   5.6822860708449729
  8.91250938133745889E-003 -0.38600000000000001       3.43868602000000018E-003   5.6726658514965402
  8.91250938133745889E-003 -0.38200000000000001       3.45713452000000025E-003   5.6673152064479657
  8.91250938133745889E-003 -0.37800000000000000       3.48500415999999967E-003   5.6592860410831314
  8.91250938133745889E-003 -0.37400000000000000       3.53066973999999981E-003   5.6462676979876951
  8.91250938133745889E-003 -0.37000000000000000       3.54795534000000015E-003   5.6413838019871934
  8.91250938133745889E-003 -0.36599999999999999       3.55711203999999970E-003   5.6388062880581318
  8.91250938133745889E-003 -0.36199999999999999       3.56950718000000012E-003   5.6353277375375797
  8.91250938133745889E-003 -0.35799999999999998       3.58878988000000017E-003   5.6299402140863899
  8.91250938133745889E-003 -0.35399999999999998       3.60860589999999985E-003   5.6244337585083164
  8.91250938133745889E-003 -0.34999999999999998       3.61446847999999984E-003   5.6228104659935401
  8.91250938133745889E-003 -0.34599999999999997       3.62893982000000006E-003   5.6188147339694430
  8.91250938133745889E-003 -0.34200000000000003       3.64940617999999972E-003   5.6131908150342165
  8.91250938133745889E-003 -0.33800000000000002       3.66825929999999977E-003   5.6080380346110505
  8.91250938133745889E-003 -0.33400000000000002       3.67404166000000025E-003   5.6064629531135886
  8.91250938133745889E-003 -0.33000000000000002       3.68849578000000032E-003   5.6025365517370878
  8.91250938133745889E-003 -0.32600000000000001       3.69193154000000030E-003   5.6016055053086840
  8.91250938133745889E-003 -0.32200000000000001       3.71182889999999979E-003   5.5962305588705323
  8.91250938133745889E-003 -0.31800000000000000       3.71590283999999977E-003   5.5951336047663398
  8.91250938133745889E-003 -0.31400000000000000       3.72434396000000025E-003   5.5928645607820373
  8.91250938133745889E-003 -0.31000000000000000       3.73522930000000017E-003   5.5899460700461736
  8.91250938133745889E-003 -0.30599999999999999       3.76687506000000045E-003   5.5815095177986427
  8.91250938133745889E-003 -0.30199999999999999       3.79786190000000034E-003   5.5733170284958886
  8.91250938133745889E-003 -0.29799999999999999       3.81835176000000021E-003   5.5679364259161881
  8.91250938133745889E-003 -0.29399999999999998       3.82991037999999995E-003   5.5649138755411611
  8.91250938133745889E-003 -0.28999999999999998       3.84823116000000036E-003   5.5601416752179000
  8.91250938133745889E-003 -0.28599999999999998       3.83944925999999982E-003   5.5624263445434021
  8.91250938133745889E-003 -0.28199999999999997       3.83830250000000020E-003   5.5627250674102973
  8.91250938133745889E-003 -0.27800000000000002       3.84308899999999962E-003   5.5614788086772231
  8.91250938133745889E-003 -0.27400000000000002       3.86226995999999984E-003   5.5565001958134319
  8.91250938133745889E-003 -0.27000000000000002       3.87746301999999975E-003   5.5525742000319145
  8.91250938133745889E-003 -0.26600000000000001       3.87592744000000034E-003   5.5529703054590822
  8.91250938133745889E-003 -0.26200000000000001       3.89494526000000018E-003   5.5480756536734583
  8.91250938133745889E-003 -0.25800000000000001       3.88451117999999993E-003   5.5507581254726501
  8.91250938133745889E-003 -0.25400000000000000       3.88546576000000027E-003   5.5505124156044809
  8.91250938133745889E-003 -0.25000000000000000       3.88267146000000020E-003   5.5512318416499751
  8.91250938133745889E-003 -0.24600000000000000       3.88379466000000027E-003   5.5509425981277669
  8.91250938133745889E-003 -0.24199999999999999       3.87577473999999988E-003   5.5530097032575201
  8.91250938133745889E-003 -0.23799999999999999       3.88917455999999995E-003   5.5495583392411563
  8.91250938133745889E-003 -0.23400000000000001       3.89180447999999983E-003   5.5488823523025905
  8.91250938133745889E-003 -0.23000000000000001       3.88090425999999995E-003   5.5516870957994184
  8.91250938133745889E-003 -0.22600000000000001       3.88261699999999967E-003   5.5512458681733383
  8.91250938133745889E-003 -0.22200000000000000       3.88001130000000015E-003   5.5519172129800616
  8.91250938133745889E-003 -0.21800000000000000       3.89443088000000033E-003   5.5482077258680738
  8.91250938133745889E-003 -0.21400000000000000       3.89214454000000017E-003   5.5487949776295693
  8.91250938133745889E-003 -0.20999999999999999       3.88718677999999986E-003   5.5500695757839003
  8.91250938133745889E-003 -0.20599999999999999       3.89130165999999975E-003   5.5490115603569725
  8.91250938133745889E-003 -0.20200000000000001       3.85910834000000036E-003   5.5573191221900071
  8.91250938133745889E-003 -0.19800000000000001       3.83634184000000017E-003   5.5632360122712692
  8.91250938133745889E-003 -0.19400000000000001       3.81887770000000027E-003   5.5677986953416161
  8.91250938133745889E-003 -0.19000000000000000       3.81475000000000000E-003   5.5688801471924290
  8.91250938133745889E-003 -0.18600000000000000       3.84711351999999975E-003   5.5604321469392683
  8.91250938133745889E-003 -0.18200000000000000       3.84248655999999949E-003   5.5616355802804769
  8.91250938133745889E-003 -0.17799999999999999       3.85630766000000019E-003   5.5580451180722807
  8.91250938133745889E-003 -0.17399999999999999       3.85117789999999977E-003   5.5593762294230578
  8.91250938133745889E-003 -0.17000000000000001       3.86615114000000027E-003   5.5554958042886797
  8.91250938133745889E-003 -0.16600000000000001       3.87045412000000012E-003   5.5543834351554260
  8.91250938133745889E-003 -0.16200000000000001       3.89477503999999947E-003   5.5481193574249339
  8.91250938133745889E-003 -0.15800000000000000       3.88786202000000010E-003   5.5498958816968100
  8.91250938133745889E-003 -0.15400000000000000       3.89327413999999983E-003   5.5485047941328673
  8.91250938133745889E-003 -0.14999999999999999       3.88742719999999979E-003   5.5500077283402343
  8.91250938133745889E-003 -0.14599999999999999       3.88398091999999978E-003   5.5508946410265052
  8.91250938133745889E-003 -0.14199999999999999       3.86773880000000018E-003   5.5550852321097066
  8.91250938133745889E-003 -0.13800000000000001       3.84340203999999994E-003   5.5613973566860500
  8.91250938133745889E-003 -0.13400000000000001       3.84941904000000003E-003   5.5598330407700978
  8.91250938133745889E-003 -0.13000000000000000       3.85169526000000029E-003   5.5592419003253220
  8.91250938133745889E-003 -0.12600000000000000       3.85495320000000001E-003   5.5583964121183564
  8.91250938133745889E-003 -0.12200000000000000       3.86769279999999967E-003   5.5550971254344432
  8.91250938133745889E-003 -0.11799999999999999       3.86772053999999985E-003   5.5550899532255951
  8.91250938133745889E-003 -0.11400000000000000       3.85369821999999957E-003   5.5587220151175609
  8.91250938133745889E-003 -0.11000000000000000       3.83944639999999997E-003   5.5624270894421812
  8.91250938133745889E-003 -0.10600000000000000       3.81776351999999972E-003   5.5680904937843625
  8.91250938133745889E-003 -0.10199999999999999       3.79619380000000050E-003   5.5737563457968733
  8.91250938133745889E-003 -9.80000000000000038E-002  3.77705034000000005E-003   5.5788119073025095
  8.91250938133745889E-003 -9.40000000000000002E-002  3.78197407999999969E-003   5.5775091622860149
  8.91250938133745889E-003 -8.99999999999999967E-002  3.77471665999999997E-003   5.5794299560517056
  8.91250938133745889E-003 -8.59999999999999931E-002  3.77863443999999988E-003   5.5783925938797463
  8.91250938133745889E-003 -8.20000000000000034E-002  3.75260133999999945E-003   5.5853059888253096
  8.91250938133745889E-003 -7.79999999999999999E-002  3.74693568000000017E-003   5.5868169250505053
  8.91250938133745889E-003 -7.39999999999999963E-002  3.75797389999999983E-003   5.5838753231985896
  8.91250938133745889E-003 -7.00000000000000067E-002  3.76495892000000033E-003   5.5820183288123824
  8.91250938133745889E-003 -6.60000000000000031E-002  3.76517240000000036E-003   5.5819616286059750
  8.91250938133745889E-003 -6.19999999999999996E-002  3.77093435999999952E-003   5.5804324673808807
  8.91250938133745889E-003 -5.80000000000000029E-002  3.76482361999999973E-003   5.5820542661052048
  8.91250938133745889E-003 -5.39999999999999994E-002  3.75468026000000009E-003   5.5847521478575910
  8.91250938133745889E-003 -5.00000000000000028E-002  3.74435501999999991E-003   5.5875059011443273
  8.91250938133745889E-003 -4.59999999999999992E-002  3.74275567999999984E-003   5.5879331260347849
  8.91250938133745889E-003 -4.20000000000000026E-002  3.74233922000000033E-003   5.5880444031811658
  8.91250938133745889E-003 -3.79999999999999991E-002  3.73657899999999986E-003   5.5895847920367574
  8.91250938133745889E-003 -3.40000000000000024E-002  3.72750160000000002E-003   5.5920170820833537
  8.91250938133745889E-003 -2.99999999999999989E-002  3.72751710000000010E-003   5.5920129238107528
  8.91250938133745889E-003 -2.59999999999999988E-002  3.73624429999999978E-003   5.5896743699611342
  8.91250938133745889E-003 -2.19999999999999987E-002  3.72987504000000039E-003   5.5913805472280780
  8.91250938133745889E-003 -1.79999999999999986E-002  3.71020656000000011E-003   5.5966677273628092
  8.91250938133745889E-003 -1.40000000000000003E-002  3.70078875999999956E-003   5.5992093036728621
  8.91250938133745889E-003 -1.00000000000000002E-002  3.70609488000000001E-003   5.5977765497197582
  8.91250938133745889E-003 -6.00000000000000012E-003  3.69957500000000009E-003   5.5995373307942966
  8.91250938133745889E-003 -2.00000000000000004E-003  3.68686340000000000E-003   5.6029792095078665
  8.91250938133745889E-003  2.00000000000000004E-003  3.67626980000000008E-003   5.6058566821874178
  8.91250938133745889E-003  6.00000000000000012E-003  3.67744506000000030E-003   5.6055370450972175
  8.91250938133745889E-003  1.00000000000000002E-002  3.68536422000000042E-003   5.6033859196904432
  8.91250938133745889E-003  1.40000000000000003E-002  3.69858010000000039E-003   5.5998062897421832
  8.91250938133745889E-003  1.79999999999999986E-002  3.68895320000000009E-003   5.6024125468129400
  8.91250938133745889E-003  2.19999999999999987E-002  3.66816310000000036E-003   5.6080642599276311
  8.91250938133745889E-003  2.59999999999999988E-002  3.65570532000000000E-003   5.6114662303892766
  8.91250938133745889E-003  2.99999999999999989E-002  3.66647305999999971E-003   5.6085250980641232
  8.91250938133745889E-003  3.40000000000000024E-002  3.66506201999999967E-003   5.6089100215493213
  8.91250938133745889E-003  3.79999999999999991E-002  3.65036843999999973E-003   5.6129271740163311
  8.91250938133745889E-003  4.20000000000000026E-002  3.63410829999999971E-003   5.6173915075810079
  8.91250938133745889E-003  4.59999999999999992E-002  3.64626623999999991E-003   5.6140515829012774
  8.91250938133745889E-003  5.00000000000000028E-002  3.65094842000000027E-003   5.6127683040446970
  8.91250938133745889E-003  5.39999999999999994E-002  3.64641117999999972E-003   5.6140118334398190
  8.91250938133745889E-003  5.80000000000000029E-002  3.64623018000000002E-003   5.6140614725187481
  8.91250938133745889E-003  6.19999999999999996E-002  3.65449517999999994E-003   5.6117973129665746
  8.91250938133745889E-003  6.60000000000000031E-002  3.66084039999999998E-003   5.6100625404405839
  8.91250938133745889E-003  7.00000000000000067E-002  3.65461192000000011E-003   5.6117653692562381
  8.91250938133745889E-003  7.39999999999999963E-002  3.63704558000000006E-003   5.6165835807489675
  8.91250938133745889E-003  7.79999999999999999E-002  3.63170792000000030E-003   5.6180522399790336
  8.91250938133745889E-003  8.20000000000000034E-002  3.63605329999999987E-003   5.6168564438084498
  8.91250938133745889E-003  8.59999999999999931E-002  3.61921419999999957E-003   5.6214983485311603
  8.91250938133745889E-003  8.99999999999999967E-002  3.63703920000000040E-003   5.6165853349215382
  8.91250938133745889E-003  9.40000000000000002E-002  3.62955231999999989E-003   5.6186459661345705
  8.91250938133745889E-003  9.80000000000000038E-002  3.63198953999999997E-003   5.6179746982031844
  8.91250938133745889E-003  0.10199999999999999       3.63112571999999996E-003   5.6182125630788340
  8.91250938133745889E-003  0.10600000000000000       3.64100553999999969E-003   5.6154953882299870
  8.91250938133745889E-003  0.11000000000000000       3.64664756000000019E-003   5.6139470101582551
  8.91250938133745889E-003  0.11400000000000000       3.65727309999999955E-003   5.6110374639048217
  8.91250938133745889E-003  0.11799999999999999       3.65592913999999991E-003   5.6114050074161383
  8.91250938133745889E-003  0.12200000000000000       3.65817135999999985E-003   5.6107918848400287
  8.91250938133745889E-003  0.12600000000000000       3.68289362000000014E-003   5.6040565259982671
  8.91250938133745889E-003  0.13000000000000000       3.67236284000000031E-003   5.6069199984693743
  8.91250938133745889E-003  0.13400000000000001       3.68747121999999988E-003   5.6028143620924187
  8.91250938133745889E-003  0.13800000000000001       3.68013249999999976E-003   5.6048065220146954
  8.91250938133745889E-003  0.14199999999999999       3.66162810000000014E-003   5.6098473944135199
  8.91250938133745889E-003  0.14599999999999999       3.64233619999999956E-003   5.6151299900206739
  8.91250938133745889E-003  0.14999999999999999       3.62027190000000030E-003   5.6212061454678715
  8.91250938133745889E-003  0.15400000000000000       3.61203300000000017E-003   5.6234845072565083
  8.91250938133745889E-003  0.15800000000000000       3.60936880000000022E-003   5.6242223695704086
  8.91250938133745889E-003  0.16200000000000001       3.63193509999999980E-003   5.6179896873454727
  8.91250938133745889E-003  0.16600000000000001       3.63069780000000028E-003   5.6183304177745077
  8.91250938133745889E-003  0.17000000000000001       3.62249556000000025E-003   5.6205921094430655
  8.91250938133745889E-003  0.17399999999999999       3.61942244000000015E-003   5.6214408128347539
  8.91250938133745889E-003  0.17799999999999999       3.60865608000000013E-003   5.6244198529579457
  8.91250938133745889E-003  0.18200000000000000       3.59776951999999988E-003   5.6274412033154793
  8.91250938133745889E-003  0.18600000000000000       3.59234984000000000E-003   5.6289487390753381
  8.91250938133745889E-003  0.19000000000000000       3.58617357999999964E-003   5.6306695000627007
  8.91250938133745889E-003  0.19400000000000001       3.59101942000000004E-003   5.6293191557884592
  8.91250938133745889E-003  0.19800000000000001       3.58833875999999994E-003   5.6300659245266571
  8.91250938133745889E-003  0.20200000000000001       3.59706600000000033E-003   5.6276367658131310
  8.91250938133745889E-003  0.20599999999999999       3.59921602000000005E-003   5.6270392294581084
  8.91250938133745889E-003  0.20999999999999999       3.58951801999999980E-003   5.6297373417625387
  8.91250938133745889E-003  0.21400000000000000       3.57535590000000042E-003   5.6336905553436294
  8.91250938133745889E-003  0.21800000000000000       3.55792574000000049E-003   5.6385775612322995
  8.91250938133745889E-003  0.22200000000000000       3.53651880000000049E-003   5.6446124255119736
  8.91250938133745889E-003  0.22600000000000001       3.54212118000000022E-003   5.6430295278972933
  8.91250938133745889E-003  0.23000000000000001       3.53535850000000033E-003   5.6449405703485391
  8.91250938133745889E-003  0.23400000000000001       3.54529315999999994E-003   5.6421344256612400
  8.91250938133745889E-003  0.23799999999999999       3.54721523999999974E-003   5.6415924227650427
  8.91250938133745889E-003  0.24199999999999999       3.55352254000000038E-003   5.6398159026753696
  8.91250938133745889E-003  0.24600000000000000       3.54391170000000052E-003   5.6425241618995816
  8.91250938133745889E-003  0.25000000000000000       3.54861799999999991E-003   5.6411970470647326
  8.91250938133745889E-003  0.25400000000000000       3.54715151999999978E-003   5.6416103863133493
  8.91250938133745889E-003  0.25800000000000001       3.57057768000000044E-003   5.6350278811551942
  8.91250938133745889E-003  0.26200000000000001       3.56170740000000003E-003   5.6375152423511778
  8.91250938133745889E-003  0.26600000000000001       3.57468981999999958E-003   5.6338768702367119
  8.91250938133745889E-003  0.27000000000000002       3.59354757999999974E-003   5.6286153805701753
  8.91250938133745889E-003  0.27400000000000002       3.60489195999999989E-003   5.6254634781811426
  8.91250938133745889E-003  0.27800000000000002       3.58713320000000023E-003   5.6304019470261002
  8.91250938133745889E-003  0.28199999999999997       3.59117990000000021E-003   5.6292744675271402
  8.91250938133745889E-003  0.28599999999999998       3.60061684000000017E-003   5.6266501037534109
  8.91250938133745889E-003  0.28999999999999998       3.58954298000000024E-003   5.6297303882069132
  8.91250938133745889E-003  0.29399999999999998       3.57235585999999975E-003   5.6345299960700892
  8.91250938133745889E-003  0.29799999999999999       3.55624874000000021E-003   5.6390490143954954
  8.91250938133745889E-003  0.30199999999999999       3.55968432000000005E-003   5.6380834122072869
  8.91250938133745889E-003  0.30599999999999999       3.54513270000000012E-003   5.6421796866944121
  8.91250938133745889E-003  0.31000000000000000       3.54366916000000039E-003   5.6425926027413542
  8.91250938133745889E-003  0.31400000000000000       3.54794190000000008E-003   5.6413875900916564
  8.91250938133745889E-003  0.31800000000000000       3.55133285999999996E-003   5.6404322924387218
  8.91250938133745889E-003  0.32200000000000001       3.54295357999999958E-003   5.6427945550756853
  8.91250938133745889E-003  0.32600000000000001       3.53027636000000002E-003   5.6463791221495105
  8.91250938133745889E-003  0.33000000000000002       3.50726590000000017E-003   5.6529184909092773
  8.91250938133745889E-003  0.33400000000000002       3.48283977999999965E-003   5.6599072892305493
  8.91250938133745889E-003  0.33800000000000002       3.47453965999999998E-003   5.6622932806830102
  8.91250938133745889E-003  0.34200000000000003       3.45808760000000052E-003   5.6670395594797274
  8.91250938133745889E-003  0.34599999999999997       3.45851881999999959E-003   5.6669148682729791
  8.91250938133745889E-003  0.34999999999999998       3.45575753999999985E-003   5.6677135867513924
  8.91250938133745889E-003  0.35399999999999998       3.45284502000000031E-003   5.6685567442922267
  8.91250938133745889E-003  0.35799999999999998       3.44752719999999978E-003   5.6700980585527416
  8.91250938133745889E-003  0.36199999999999999       3.43683008000000021E-003   5.6732057208003379
  8.91250938133745889E-003  0.36599999999999999       3.41060058000000003E-003   5.6808668800274207
  8.91250938133745889E-003  0.37000000000000000       3.39536426000000037E-003   5.6853442306489121
  8.91250938133745889E-003  0.37400000000000000       3.38846843999999993E-003   5.6873772472871691
  8.91250938133745889E-003  0.37800000000000000       3.38172956000000035E-003   5.6893679962211179
  8.91250938133745889E-003  0.38200000000000001       3.36815435999999980E-003   5.6933903522983620
  8.91250938133745889E-003  0.38600000000000001       3.35256049999999983E-003   5.6980308967371185
  8.91250938133745889E-003  0.39000000000000001       3.34918299999999993E-003   5.6990388434858854
  8.91250938133745889E-003  0.39400000000000002       3.33371861999999996E-003   5.7036668953357479
  8.91250938133745889E-003  0.39800000000000002       3.31231592000000036E-003   5.7101076605346943
  8.91250938133745889E-003  0.40200000000000002       3.31041927999999996E-003   5.7106804269203568
  8.91250938133745889E-003  0.40600000000000003       3.31424739999999990E-003   5.7095247097768347
  8.91250938133745889E-003  0.40999999999999998       3.30245993999999992E-003   5.7130876518457558
  8.91250938133745889E-003  0.41399999999999998       3.29416122000000030E-003   5.7156037048906860
  8.91250938133745889E-003  0.41799999999999998       3.25890592000000010E-003   5.7263637472942381
  8.91250938133745889E-003  0.42199999999999999       3.23683898000000012E-003   5.7331580488650271
  8.91250938133745889E-003  0.42599999999999999       3.20847356000000025E-003   5.7419599814185354
  8.91250938133745889E-003  0.42999999999999999       3.17245391999999979E-003   5.7532498833039130
  8.91250938133745889E-003  0.43400000000000000       3.14275784000000004E-003   5.7626545715419466
  8.91250938133745889E-003  0.43800000000000000       3.11292751999999980E-003   5.7721916708004652
  8.91250938133745889E-003  0.44200000000000000       3.08653699999999987E-003   5.7807055285138551
  8.91250938133745889E-003  0.44600000000000001       3.06823067999999980E-003   5.7866542092554427
  8.91250938133745889E-003  0.45000000000000001       3.04551820000000016E-003   5.7940842116753828
  8.91250938133745889E-003  0.45400000000000001       3.00205214000000015E-003   5.8084591775006436
  8.91250938133745889E-003  0.45800000000000002       2.97479199999999997E-003   5.8175811583951660
  8.91250938133745889E-003  0.46200000000000002       2.93252686000000000E-003   5.8318908180583007
  8.91250938133745889E-003  0.46600000000000003       2.89823815999999982E-003   5.8436522576459495
  8.91250938133745889E-003  0.46999999999999997       2.86646290000000005E-003   5.8546764483125360
  8.91250938133745889E-003  0.47399999999999998       2.82610701999999993E-003   5.8688551256562347
  8.91250938133745889E-003  0.47799999999999998       2.79922472000000006E-003   5.8784127858551916
  8.91250938133745889E-003  0.48199999999999998       2.75023301999999985E-003   5.8960696363479714
  8.91250938133745889E-003  0.48599999999999999       2.70880131999999985E-003   5.9112490592848719
  8.91250938133745889E-003  0.48999999999999999       2.65224769999999974E-003   5.9323478098135061
  8.91250938133745889E-003  0.49399999999999999       2.60437891999999987E-003   5.9505610506291013
  8.91250938133745889E-003  0.49800000000000000       2.55537092000000018E-003   5.9695578916949215
  8.91250938133745889E-003  0.50200000000000000       2.50860054000000016E-003   5.9880302351142154
  8.91250938133745889E-003  0.50600000000000001       2.45905389999999998E-003   6.0079785965088464
  8.91250938133745889E-003  0.51000000000000001       2.41395171999999984E-003   6.0264901565068003
  8.91250938133745889E-003  0.51400000000000001       2.34276155999999999E-003   6.0564248916005168
  8.91250938133745889E-003  0.51800000000000002       2.28679453999999999E-003   6.0806042061931906
  8.91250938133745889E-003  0.52200000000000002       2.22233590000000007E-003   6.1091964290727381
  8.91250938133745889E-003  0.52600000000000002       2.16554555999999999E-003   6.1350829585098987
  8.91250938133745889E-003  0.53000000000000003       2.11465905999999983E-003   6.1588616804237910
  8.91250938133745889E-003  0.53400000000000003       2.05502578000000017E-003   6.1874668861004620
  8.91250938133745889E-003  0.53800000000000003       1.99516060000000037E-003   6.2170307306272292
  8.91250938133745889E-003  0.54200000000000004       1.93534235999999991E-003   6.2474710379181415
  8.91250938133745889E-003  0.54600000000000004       1.86568046000000010E-003   6.2841294345219723
  8.91250938133745889E-003  0.55000000000000004       1.79750137999999996E-003   6.3213577006364048
  8.91250938133745889E-003  0.55400000000000005       1.73467501999999990E-003   6.3569351914850643
  8.91250938133745889E-003  0.55800000000000005       1.68224244000000000E-003   6.3876275898872201
  8.91250938133745889E-003  0.56200000000000006       1.61777079999999998E-003   6.4267061267459313
  8.91250938133745889E-003  0.56599999999999995       1.56029032000000001E-003   6.4628833724715227
  8.91250938133745889E-003  0.56999999999999995       1.49660694000000008E-003   6.5045547731511650
  8.91250938133745889E-003  0.57399999999999995       1.43365636000000003E-003   6.5475272029002962
  8.91250938133745889E-003  0.57799999999999996       1.38116059999999997E-003   6.5848311187747992
  8.91250938133745889E-003  0.58199999999999996       1.31931748000000001E-003   6.6306407367118503
  8.91250938133745889E-003  0.58599999999999997       1.26483872000000006E-003   6.6728106590018594
  8.91250938133745889E-003  0.58999999999999997       1.20569673999999989E-003   6.7206976716681694
  8.91250938133745889E-003  0.59399999999999997       1.16213315999999988E-003   6.7574980315930260
  8.91250938133745889E-003  0.59799999999999998       1.12012754000000007E-003   6.7943127251583997
  8.91250938133745889E-003  0.60199999999999998       1.06338302000000013E-003   6.8462999246724507
  8.91250938133745889E-003  0.60599999999999998       9.91719259999999892E-004   6.9160704947648579
  8.91250938133745889E-003  0.60999999999999999       9.19694619999999888E-004   6.9914688778063407
  8.91250938133745889E-003  0.61399999999999999       8.64890199999999955E-004   7.0529079955056888
  8.91250938133745889E-003  0.61799999999999999       7.98315699999999984E-004   7.1330064247139768
  8.91250938133745889E-003  0.62200000000000000       7.41642600000000027E-004   7.2066431019967396
  8.91250938133745889E-003  0.62600000000000000       6.84727219999999980E-004   7.2864900179903840
  8.91250938133745889E-003  0.63000000000000000       6.29919660000000017E-004   7.3699182705200714
  8.91250938133745889E-003  0.63400000000000001       5.74647459999999967E-004   7.4617538182410641
  8.91250938133745889E-003  0.63800000000000001       5.19712840000000086E-004   7.5622341296936018
  8.91250938133745889E-003  0.64200000000000002       4.70950920000000046E-004   7.6607566731991081
  8.91250938133745889E-003  0.64600000000000002       4.19983019999999995E-004   7.7752962760755455
  8.91250938133745889E-003  0.65000000000000002       3.83470479999999992E-004   7.8662479153478699
  8.91250938133745889E-003  0.65400000000000003       3.42299439999999987E-004   7.9798246484212925
  8.91250938133745889E-003  0.65800000000000003       3.08058740000000022E-004   8.0852200788886428
  8.91250938133745889E-003  0.66200000000000003       2.68692260000000000E-004   8.2219438481168474
  8.91250938133745889E-003  0.66600000000000004       2.33946559999999998E-004   8.3604178447567339
  8.91250938133745889E-003  0.67000000000000004       2.04860220000000002E-004   8.4931826650523323
  8.91250938133745889E-003  0.67400000000000004       1.76638139999999995E-004   8.6414073248222874
  8.91250938133745889E-003  0.67800000000000005       1.51139859999999983E-004   8.7973049246656316
  8.91250938133745889E-003  0.68200000000000005       1.28689579999999987E-004   8.9581074101208760
  8.91250938133745889E-003  0.68600000000000005       1.12673799999999999E-004   9.0910136395441192
  8.91250938133745889E-003  0.68999999999999995       9.41066199999999992E-005   9.2710821631566791
  8.91250938133745889E-003  0.69399999999999995       7.74253599999999962E-005   9.4661961824548548
  8.91250938133745889E-003  0.69799999999999995       6.03540999999999987E-005   9.7152816756943814
  8.91250938133745889E-003  0.70199999999999996       4.88854999999999981E-005   9.9260297289726207
  8.91250938133745889E-003  0.70599999999999996       3.90390000000000035E-005   10.150949411501545
  8.91250938133745889E-003  0.70999999999999996       3.01725399999999989E-005   10.408578318744739
  8.91250938133745889E-003  0.71399999999999997       2.35611199999999985E-005   10.655912662110453
  8.91250938133745889E-003  0.71799999999999997       1.93535199999999983E-005   10.852636242887788
  8.91250938133745889E-003  0.72199999999999998       1.50538399999999992E-005   11.103877449812826
  8.91250938133745889E-003  0.72599999999999998       1.22775999999999991E-005   11.307734094085527
  8.91250938133745889E-003  0.72999999999999998       8.84222000000000121E-006   11.635972581621170
  8.91250938133745889E-003  0.73399999999999999       6.35372000000000038E-006   11.966470089817536
  8.91250938133745889E-003  0.73799999999999999       4.53626000000000068E-006   12.303407673957521
  8.91250938133745889E-003  0.74199999999999999       3.46898000000000003E-006   12.571649955343526
  8.91250938133745889E-003  0.74600000000000000       2.02296000000000011E-006   13.110948772589074
  8.91250938133745889E-003  0.75000000000000000       8.95139999999999954E-007   13.926285706323599
  8.91250938133745889E-003  0.75400000000000000       6.27240000000000050E-007   14.281936594433580
  8.91250938133745889E-003  0.75800000000000001       5.15440000000000015E-007   14.478244932116024
  8.91250938133745889E-003  0.76200000000000001       1.75899999999999980E-007   15.553350185202898
  8.91250938133745889E-003  0.76600000000000001       2.75999999999999990E-008   17.405450064223306
  8.91250938133745889E-003  0.77000000000000002        0.0000000000000000                      +Infinity
  8.91250938133745889E-003  0.77400000000000002        0.0000000000000000                      +Infinity
  8.91250938133745889E-003  0.77800000000000002        0.0000000000000000                      +Infinity
  8.91250938133745889E-003  0.78200000000000003        0.0000000000000000                      +Infinity
  8.91250938133745889E-003  0.78600000000000003        0.0000000000000000                      +Infinity
  8.91250938133745889E-003  0.79000000000000004        0.0000000000000000                      +Infinity
  8.91250938133745889E-003  0.79400000000000004        0.0000000000000000                      +Infinity
  8.91250938133745889E-003  0.79800000000000004        0.0000000000000000                      +Infinity
  8.91250938133745889E-003  0.80200000000000005        0.0000000000000000                      +Infinity
  8.91250938133745889E-003  0.80600000000000005        0.0000000000000000                      +Infinity
  8.91250938133745889E-003  0.81000000000000005        0.0000000000000000                      +Infinity
  8.91250938133745889E-003  0.81399999999999995        0.0000000000000000                      +Infinity
  8.91250938133745889E-003  0.81799999999999995        0.0000000000000000                      +Infinity
  8.91250938133745889E-003  0.82199999999999995        0.0000000000000000                      +Infinity
  8.91250938133745889E-003  0.82599999999999996        0.0000000000000000                      +Infinity
  8.91250938133745889E-003  0.82999999999999996        0.0000000000000000                      +Infinity
  8.91250938133745889E-003  0.83399999999999996        0.0000000000000000                      +Infinity
  8.91250938133745889E-003  0.83799999999999997        0.0000000000000000                      +Infinity
  8.91250938133745889E-003  0.84199999999999997        0.0000000000000000                      +Infinity
  8.91250938133745889E-003  0.84599999999999997        0.0000000000000000                      +Infinity
  8.91250938133745889E-003  0.84999999999999998        0.0000000000000000                      +Infinity
  8.91250938133745889E-003  0.85399999999999998        0.0000000000000000                      +Infinity
  8.91250938133745889E-003  0.85799999999999998        0.0000000000000000                      +Infinity
  8.91250938133745889E-003  0.86199999999999999        0.0000000000000000                      +Infinity
  8.91250938133745889E-003  0.86599999999999999        0.0000000000000000                      +Infinity
  8.91250938133745889E-003  0.87000000000000000        0.0000000000000000                      +Infinity
  8.91250938133745889E-003  0.87400000000000000        0.0000000000000000                      +Infinity
  8.91250938133745889E-003  0.87800000000000000        0.0000000000000000                      +Infinity
  8.91250938133745889E-003  0.88200000000000001        0.0000000000000000                      +Infinity
  8.91250938133745889E-003  0.88600000000000001        0.0000000000000000                      +Infinity
  8.91250938133745889E-003  0.89000000000000001        0.0000000000000000                      +Infinity
  8.91250938133745889E-003  0.89400000000000002        0.0000000000000000                      +Infinity
  8.91250938133745889E-003  0.89800000000000002        0.0000000000000000                      +Infinity
  8.91250938133745889E-003  0.90200000000000002        0.0000000000000000                      +Infinity
  8.91250938133745889E-003  0.90600000000000003        0.0000000000000000                      +Infinity
  8.91250938133745889E-003  0.91000000000000003        0.0000000000000000                      +Infinity
  8.91250938133745889E-003  0.91400000000000003        0.0000000000000000                      +Infinity
  8.91250938133745889E-003  0.91800000000000004        0.0000000000000000                      +Infinity
  8.91250938133745889E-003  0.92200000000000004        0.0000000000000000                      +Infinity
  8.91250938133745889E-003  0.92600000000000005        0.0000000000000000                      +Infinity
  8.91250938133745889E-003  0.93000000000000005        0.0000000000000000                      +Infinity
  8.91250938133745889E-003  0.93400000000000005        0.0000000000000000                      +Infinity
  8.91250938133745889E-003  0.93799999999999994        0.0000000000000000                      +Infinity
  8.91250938133745889E-003  0.94199999999999995        0.0000000000000000                      +Infinity
  8.91250938133745889E-003  0.94599999999999995        0.0000000000000000                      +Infinity
  8.91250938133745889E-003  0.94999999999999996        0.0000000000000000                      +Infinity
  8.91250938133745889E-003  0.95399999999999996        0.0000000000000000                      +Infinity
  8.91250938133745889E-003  0.95799999999999996        0.0000000000000000                      +Infinity
  8.91250938133745889E-003  0.96199999999999997        0.0000000000000000                      +Infinity
  8.91250938133745889E-003  0.96599999999999997        0.0000000000000000                      +Infinity
  8.91250938133745889E-003  0.96999999999999997        0.0000000000000000                      +Infinity
  8.91250938133745889E-003  0.97399999999999998        0.0000000000000000                      +Infinity
  8.91250938133745889E-003  0.97799999999999998        0.0000000000000000                      +Infinity
  8.91250938133745889E-003  0.98199999999999998        0.0000000000000000                      +Infinity
  8.91250938133745889E-003  0.98599999999999999        0.0000000000000000                      +Infinity
  8.91250938133745889E-003  0.98999999999999999        0.0000000000000000                      +Infinity
  8.91250938133745889E-003  0.99399999999999999        0.0000000000000000                      +Infinity
  8.91250938133745889E-003  0.99800000000000000        0.0000000000000000                      +Infinity
