  5.01187233627272462E-003 -0.99800000000000000        0.0000000000000000                      +Infinity
  5.01187233627272462E-003 -0.99399999999999999        0.0000000000000000                      +Infinity
  5.01187233627272462E-003 -0.98999999999999999        0.0000000000000000                      +Infinity
  5.01187233627272462E-003 -0.98599999999999999        0.0000000000000000                      +Infinity
  5.01187233627272462E-003 -0.98199999999999998        0.0000000000000000                      +Infinity
  5.01187233627272462E-003 -0.97799999999999998        0.0000000000000000                      +Infinity
  5.01187233627272462E-003 -0.97399999999999998        0.0000000000000000                      +Infinity
  5.01187233627272462E-003 -0.96999999999999997        0.0000000000000000                      +Infinity
  5.01187233627272462E-003 -0.96599999999999997        0.0000000000000000                      +Infinity
  5.01187233627272462E-003 -0.96199999999999997        0.0000000000000000                      +Infinity
  5.01187233627272462E-003 -0.95799999999999996        0.0000000000000000                      +Infinity
  5.01187233627272462E-003 -0.95399999999999996        0.0000000000000000                      +Infinity
  5.01187233627272462E-003 -0.94999999999999996        0.0000000000000000                      +Infinity
  5.01187233627272462E-003 -0.94599999999999995        0.0000000000000000                      +Infinity
  5.01187233627272462E-003 -0.94199999999999995        0.0000000000000000                      +Infinity
  5.01187233627272462E-003 -0.93799999999999994        0.0000000000000000                      +Infinity
  5.01187233627272462E-003 -0.93400000000000005        0.0000000000000000                      +Infinity
  5.01187233627272462E-003 -0.93000000000000005        0.0000000000000000                      +Infinity
  5.01187233627272462E-003 -0.92600000000000005        0.0000000000000000                      +Infinity
  5.01187233627272462E-003 -0.92200000000000004        0.0000000000000000                      +Infinity
  5.01187233627272462E-003 -0.91800000000000004        0.0000000000000000                      +Infinity
  5.01187233627272462E-003 -0.91400000000000003        0.0000000000000000                      +Infinity
  5.01187233627272462E-003 -0.91000000000000003        0.0000000000000000                      +Infinity
  5.01187233627272462E-003 -0.90600000000000003        0.0000000000000000                      +Infinity
  5.01187233627272462E-003 -0.90200000000000002        0.0000000000000000                      +Infinity
  5.01187233627272462E-003 -0.89800000000000002        0.0000000000000000                      +Infinity
  5.01187233627272462E-003 -0.89400000000000002        0.0000000000000000                      +Infinity
  5.01187233627272462E-003 -0.89000000000000001        0.0000000000000000                      +Infinity
  5.01187233627272462E-003 -0.88600000000000001        0.0000000000000000                      +Infinity
  5.01187233627272462E-003 -0.88200000000000001        0.0000000000000000                      +Infinity
  5.01187233627272462E-003 -0.87800000000000000        0.0000000000000000                      +Infinity
  5.01187233627272462E-003 -0.87400000000000000        0.0000000000000000                      +Infinity
  5.01187233627272462E-003 -0.87000000000000000        0.0000000000000000                      +Infinity
  5.01187233627272462E-003 -0.86599999999999999        0.0000000000000000                      +Infinity
  5.01187233627272462E-003 -0.86199999999999999        0.0000000000000000                      +Infinity
  5.01187233627272462E-003 -0.85799999999999998        0.0000000000000000                      +Infinity
  5.01187233627272462E-003 -0.85399999999999998        0.0000000000000000                      +Infinity
  5.01187233627272462E-003 -0.84999999999999998        0.0000000000000000                      +Infinity
  5.01187233627272462E-003 -0.84599999999999997        0.0000000000000000                      +Infinity
  5.01187233627272462E-003 -0.84199999999999997        0.0000000000000000                      +Infinity
  5.01187233627272462E-003 -0.83799999999999997        0.0000000000000000                      +Infinity
  5.01187233627272462E-003 -0.83399999999999996        0.0000000000000000                      +Infinity
  5.01187233627272462E-003 -0.82999999999999996        0.0000000000000000                      +Infinity
  5.01187233627272462E-003 -0.82599999999999996        0.0000000000000000                      +Infinity
  5.01187233627272462E-003 -0.82199999999999995        0.0000000000000000                      +Infinity
  5.01187233627272462E-003 -0.81799999999999995        0.0000000000000000                      +Infinity
  5.01187233627272462E-003 -0.81399999999999995        0.0000000000000000                      +Infinity
  5.01187233627272462E-003 -0.81000000000000005        0.0000000000000000                      +Infinity
  5.01187233627272462E-003 -0.80600000000000005        0.0000000000000000                      +Infinity
  5.01187233627272462E-003 -0.80200000000000005        0.0000000000000000                      +Infinity
  5.01187233627272462E-003 -0.79800000000000004        0.0000000000000000                      +Infinity
  5.01187233627272462E-003 -0.79400000000000004        0.0000000000000000                      +Infinity
  5.01187233627272462E-003 -0.79000000000000004        0.0000000000000000                      +Infinity
  5.01187233627272462E-003 -0.78600000000000003        0.0000000000000000                      +Infinity
  5.01187233627272462E-003 -0.78200000000000003        0.0000000000000000                      +Infinity
  5.01187233627272462E-003 -0.77800000000000002       2.05400000000000006E-008   17.700891632445998
  5.01187233627272462E-003 -0.77400000000000002       1.23799999999999984E-007   15.904598476695915
  5.01187233627272462E-003 -0.77000000000000002       2.22699999999999976E-007   15.317440262683089
  5.01187233627272462E-003 -0.76600000000000001       3.41820000000000026E-007   14.888981554226051
  5.01187233627272462E-003 -0.76200000000000001       1.02588000000000008E-006   13.789959777120268
  5.01187233627272462E-003 -0.75800000000000001       2.40786000000000002E-006   12.936772171742751
  5.01187233627272462E-003 -0.75400000000000000       3.67576000000000019E-006   12.513750643959121
  5.01187233627272462E-003 -0.75000000000000000       5.56349999999999933E-006   12.099283151348656
  5.01187233627272462E-003 -0.74600000000000000       9.20918000000000015E-006   11.595309745319856
  5.01187233627272462E-003 -0.74199999999999999       1.34433400000000016E-005   11.217026741838477
  5.01187233627272462E-003 -0.73799999999999999       1.91735400000000014E-005   10.861979354418157
  5.01187233627272462E-003 -0.73399999999999999       2.65835399999999999E-005   10.535218330702978
  5.01187233627272462E-003 -0.72999999999999998       3.71671799999999974E-005   10.200084444168398
  5.01187233627272462E-003 -0.72599999999999998       5.13891400000000018E-005   9.8760836918734665
  5.01187233627272462E-003 -0.72199999999999998       6.82410600000000036E-005   9.5924641214900035
  5.01187233627272462E-003 -0.71799999999999997       9.27807799999999896E-005   9.2852710516917512
  5.01187233627272462E-003 -0.71399999999999997       1.18513960000000008E-004   9.0404797984204865
  5.01187233627272462E-003 -0.70999999999999996       1.48597739999999984E-004   8.8142676344099957
  5.01187233627272462E-003 -0.70599999999999996       1.87441060000000001E-004   8.5820461086377442
  5.01187233627272462E-003 -0.70199999999999996       2.26276840000000004E-004   8.3937513525859462
  5.01187233627272462E-003 -0.69799999999999995       2.70259640000000006E-004   8.2161274314058392
  5.01187233627272462E-003 -0.69399999999999995       3.22267240000000013E-004   8.0401294187396815
  5.01187233627272462E-003 -0.68999999999999995       3.78263060000000025E-004   7.8799206784629172
  5.01187233627272462E-003 -0.68600000000000005       4.44397600000000009E-004   7.7187909007534365
  5.01187233627272462E-003 -0.68200000000000005       5.06255060000000028E-004   7.5884699445317469
  5.01187233627272462E-003 -0.67800000000000005       5.77957099999999962E-004   7.4560109134997319
  5.01187233627272462E-003 -0.67400000000000004       6.40377739999999996E-004   7.3534523369711371
  5.01187233627272462E-003 -0.67000000000000004       7.18949800000000033E-004   7.2377190218740246
  5.01187233627272462E-003 -0.66600000000000004       7.97086760000000017E-004   7.1345470268803659
  5.01187233627272462E-003 -0.66200000000000003       8.77630959999999970E-004   7.0382843715945151
  5.01187233627272462E-003 -0.65800000000000003       9.61808579999999936E-004   6.9466951083869519
  5.01187233627272462E-003 -0.65400000000000003       1.04958646000000004E-003   6.8593590400100961
  5.01187233627272462E-003 -0.65000000000000002       1.13750026000000010E-003   6.7789221785677665
  5.01187233627272462E-003 -0.64600000000000002       1.22291995999999990E-003   6.7065138700442715
  5.01187233627272462E-003 -0.64200000000000002       1.31669509999999992E-003   6.6326303940336748
  5.01187233627272462E-003 -0.63800000000000001       1.40120543999999996E-003   6.5704223842619527
  5.01187233627272462E-003 -0.63400000000000001       1.49120077999999995E-003   6.5081735909644145
  5.01187233627272462E-003 -0.63000000000000000       1.58710812000000001E-003   6.4458417112140856
  5.01187233627272462E-003 -0.62600000000000000       1.67801064000000001E-003   6.3901463300752237
  5.01187233627272462E-003 -0.62200000000000000       1.76712143999999995E-003   6.3384033613507977
  5.01187233627272462E-003 -0.61799999999999999       1.84066946000000019E-003   6.2976259365773366
  5.01187233627272462E-003 -0.61399999999999999       1.90400713999999997E-003   6.2637945926199947
  5.01187233627272462E-003 -0.60999999999999999       1.99497889999999999E-003   6.2171218051373440
  5.01187233627272462E-003 -0.60599999999999998       2.08028622000000019E-003   6.1752497889664850
  5.01187233627272462E-003 -0.60199999999999998       2.15662844000000025E-003   6.1392091841786058
  5.01187233627272462E-003 -0.59799999999999998       2.24761488000000016E-003   6.0978856783530579
  5.01187233627272462E-003 -0.59399999999999997       2.32034189999999994E-003   6.0660407334722564
  5.01187233627272462E-003 -0.58999999999999997       2.39262051999999991E-003   6.0353660618202118
  5.01187233627272462E-003 -0.58599999999999997       2.46274243999999995E-003   6.0064797369723104
  5.01187233627272462E-003 -0.58199999999999996       2.54928039999999983E-003   5.9719441557150397
  5.01187233627272462E-003 -0.57799999999999996       2.63700605999999966E-003   5.9381110735476437
  5.01187233627272462E-003 -0.57399999999999995       2.71737202000000037E-003   5.9080900348341121
  5.01187233627272462E-003 -0.56999999999999995       2.79099682000000021E-003   5.8813564638051687
  5.01187233627272462E-003 -0.56599999999999995       2.85694517999999977E-003   5.8580023438769899
  5.01187233627272462E-003 -0.56200000000000006       2.92969996000000009E-003   5.8328552639270539
  5.01187233627272462E-003 -0.55800000000000005       2.98762127999999995E-003   5.8132777667325959
  5.01187233627272462E-003 -0.55400000000000005       3.04025968000000034E-003   5.7958123461595452
  5.01187233627272462E-003 -0.55000000000000004       3.08614117999999986E-003   5.7808337775457987
  5.01187233627272462E-003 -0.54600000000000004       3.13645174000000025E-003   5.7646631371232457
  5.01187233627272462E-003 -0.54200000000000004       3.16251843999999999E-003   5.7563865941154582
  5.01187233627272462E-003 -0.53800000000000003       3.21190884000000041E-003   5.7408898643713560
  5.01187233627272462E-003 -0.53400000000000003       3.25601308000000042E-003   5.7272518136508950
  5.01187233627272462E-003 -0.53000000000000003       3.29721937999999989E-003   5.7146757778280506
  5.01187233627272462E-003 -0.52600000000000002       3.33974464000000000E-003   5.7018609300061875
  5.01187233627272462E-003 -0.52200000000000002       3.38810700000000001E-003   5.6874839206367227
  5.01187233627272462E-003 -0.51800000000000002       3.42534327999999971E-003   5.6765535845531865
  5.01187233627272462E-003 -0.51400000000000001       3.46128169999999988E-003   5.6661163249800524
  5.01187233627272462E-003 -0.51000000000000001       3.49453394000000033E-003   5.6565552626890474
  5.01187233627272462E-003 -0.50600000000000001       3.51333879999999980E-003   5.6511884685610116
  5.01187233627272462E-003 -0.50200000000000000       3.52428796000000015E-003   5.6480768602852001
  5.01187233627272462E-003 -0.49800000000000000       3.53279033999999957E-003   5.6456672557002907
  5.01187233627272462E-003 -0.49399999999999999       3.56830027999999969E-003   5.6356659086127356
  5.01187233627272462E-003 -0.48999999999999999       3.58969093999999969E-003   5.6296891693243225
  5.01187233627272462E-003 -0.48599999999999999       3.59312419999999969E-003   5.6287332042341607
  5.01187233627272462E-003 -0.48199999999999998       3.61536245999999990E-003   5.6225631628374986
  5.01187233627272462E-003 -0.47799999999999998       3.65082543999999988E-003   5.6128019890101237
  5.01187233627272462E-003 -0.47399999999999998       3.65851475999999986E-003   5.6106980172079837
  5.01187233627272462E-003 -0.46999999999999997       3.66617778000000042E-003   5.6086056364687469
  5.01187233627272462E-003 -0.46600000000000003       3.69671970000000003E-003   5.6003094201329873
  5.01187233627272462E-003 -0.46200000000000002       3.72223157999999974E-003   5.5934319034606448
  5.01187233627272462E-003 -0.45800000000000002       3.73440039999999984E-003   5.5901680087597896
  5.01187233627272462E-003 -0.45400000000000001       3.72320163999999981E-003   5.5931713249350379
  5.01187233627272462E-003 -0.45000000000000001       3.72355775999999973E-003   5.5930756806470612
  5.01187233627272462E-003 -0.44600000000000001       3.72722393999999971E-003   5.5920915744301576
  5.01187233627272462E-003 -0.44200000000000000       3.73477981999999990E-003   5.5900664126035444
  5.01187233627272462E-003 -0.43800000000000000       3.73256178000000048E-003   5.5906604767790018
  5.01187233627272462E-003 -0.43400000000000000       3.72453656000000001E-003   5.5928128483134252
  5.01187233627272462E-003 -0.42999999999999999       3.72388144000000004E-003   5.5929887568088095
  5.01187233627272462E-003 -0.42599999999999999       3.72860069999999969E-003   5.5917222631649057
  5.01187233627272462E-003 -0.42199999999999999       3.73232455999999990E-003   5.5907240330045829
  5.01187233627272462E-003 -0.41799999999999998       3.73244135999999983E-003   5.5906927393240409
  5.01187233627272462E-003 -0.41399999999999998       3.74090338000000050E-003   5.5884281512685572
  5.01187233627272462E-003 -0.40999999999999998       3.74457828000000032E-003   5.5874462771655518
  5.01187233627272462E-003 -0.40600000000000003       3.74936634000000045E-003   5.5861684292778699
  5.01187233627272462E-003 -0.40200000000000002       3.76249011999999980E-003   5.5826742748242122
  5.01187233627272462E-003 -0.39800000000000002       3.77234735999999998E-003   5.5800578293734526
  5.01187233627272462E-003 -0.39400000000000002       3.77507165999999960E-003   5.5793359136798628
  5.01187233627272462E-003 -0.39000000000000001       3.76041561999999972E-003   5.5832257904550815
  5.01187233627272462E-003 -0.38600000000000001       3.75043634000000016E-003   5.5858830884354740
  5.01187233627272462E-003 -0.38200000000000001       3.74006857999999989E-003   5.5886513308254200
  5.01187233627272462E-003 -0.37800000000000000       3.75128696000000001E-003   5.5856563085424735
  5.01187233627272462E-003 -0.37400000000000000       3.73903161999999999E-003   5.5889286262162861
  5.01187233627272462E-003 -0.37000000000000000       3.72945741999999988E-003   5.5914925197142695
  5.01187233627272462E-003 -0.36599999999999999       3.71958825999999963E-003   5.5941422996185732
  5.01187233627272462E-003 -0.36199999999999999       3.70781188000000005E-003   5.5973133661146015
  5.01187233627272462E-003 -0.35799999999999998       3.68872819999999969E-003   5.6024735415856526
  5.01187233627272462E-003 -0.35399999999999998       3.68084774000000019E-003   5.6046121892006049
  5.01187233627272462E-003 -0.34999999999999998       3.66023234000000018E-003   5.6102286527093703
  5.01187233627272462E-003 -0.34599999999999997       3.64671034000000000E-003   5.6139297944941227
  5.01187233627272462E-003 -0.34200000000000003       3.63235857999999944E-003   5.6178730951428077
  5.01187233627272462E-003 -0.33800000000000002       3.63596971999999991E-003   5.6168794305343646
  5.01187233627272462E-003 -0.33400000000000002       3.62905310000000017E-003   5.6187835187281889
  5.01187233627272462E-003 -0.33000000000000002       3.63497479999999986E-003   5.6171531006204098
  5.01187233627272462E-003 -0.32600000000000001       3.61382895999999999E-003   5.6229874149934886
  5.01187233627272462E-003 -0.32200000000000001       3.58743565999999989E-003   5.6303176325519964
  5.01187233627272462E-003 -0.31800000000000000       3.57493866000000013E-003   5.6338072610253249
  5.01187233627272462E-003 -0.31400000000000000       3.55089684000000011E-003   5.6405550764147314
  5.01187233627272462E-003 -0.31000000000000000       3.52933256000000041E-003   5.6466465024013965
  5.01187233627272462E-003 -0.30599999999999999       3.51315305999999996E-003   5.6512413370489405
  5.01187233627272462E-003 -0.30199999999999999       3.49590425999999959E-003   5.6561632071473644
  5.01187233627272462E-003 -0.29799999999999999       3.47659879999999985E-003   5.6617008194417098
  5.01187233627272462E-003 -0.29399999999999998       3.44463254000000000E-003   5.6709380449370972
  5.01187233627272462E-003 -0.28999999999999998       3.42441039999999983E-003   5.6768259680721709
  5.01187233627272462E-003 -0.28599999999999998       3.41953800000000018E-003   5.6782498247520889
  5.01187233627272462E-003 -0.28199999999999997       3.41386996000000043E-003   5.6799087455520931
  5.01187233627272462E-003 -0.27800000000000002       3.39601056000000002E-003   5.6851539009972347
  5.01187233627272462E-003 -0.27400000000000002       3.38465149999999954E-003   5.6885043321277964
  5.01187233627272462E-003 -0.27000000000000002       3.36059375999999983E-003   5.6956376063334400
  5.01187233627272462E-003 -0.26600000000000001       3.34966762000000031E-003   5.6988941559780324
  5.01187233627272462E-003 -0.26200000000000001       3.34178149999999957E-003   5.7012512309582704
  5.01187233627272462E-003 -0.25800000000000001       3.33039992000000017E-003   5.7046628861046473
  5.01187233627272462E-003 -0.25400000000000000       3.32632565999999973E-003   5.7058869895951050
  5.01187233627272462E-003 -0.25000000000000000       3.30064240000000047E-003   5.7136381627881327
  5.01187233627272462E-003 -0.24600000000000000       3.29049008000000020E-003   5.7167187648120459
  5.01187233627272462E-003 -0.24199999999999999       3.26487333999999968E-003   5.7245343102680888
  5.01187233627272462E-003 -0.23799999999999999       3.25918204000000050E-003   5.7262790230616529
  5.01187233627272462E-003 -0.23400000000000001       3.24763153999999953E-003   5.7298293052359757
  5.01187233627272462E-003 -0.23000000000000001       3.24189012000000026E-003   5.7315987489018747
  5.01187233627272462E-003 -0.22600000000000001       3.23300505999999993E-003   5.7343432151302611
  5.01187233627272462E-003 -0.22200000000000000       3.21618459999999974E-003   5.7395595288152501
  5.01187233627272462E-003 -0.21800000000000000       3.19839872000000002E-003   5.7451049944183188
  5.01187233627272462E-003 -0.21400000000000000       3.18182448000000001E-003   5.7503005108644816
  5.01187233627272462E-003 -0.20999999999999999       3.16012809999999993E-003   5.7571427142302740
  5.01187233627272462E-003 -0.20599999999999999       3.14289426000000007E-003   5.7626111647488720
  5.01187233627272462E-003 -0.20200000000000001       3.14277000000000003E-003   5.7626507023362699
  5.01187233627272462E-003 -0.19800000000000001       3.11891886000000007E-003   5.7702688564431774
  5.01187233627272462E-003 -0.19400000000000001       3.08908230000000004E-003   5.7798812224740956
  5.01187233627272462E-003 -0.19000000000000000       3.08448547999999991E-003   5.7813704167336688
  5.01187233627272462E-003 -0.18600000000000000       3.07789279999999988E-003   5.7835100719822181
  5.01187233627272462E-003 -0.18200000000000000       3.08292526000000008E-003   5.7818763729928051
  5.01187233627272462E-003 -0.17799999999999999       3.07801423999999992E-003   5.7834706171953849
  5.01187233627272462E-003 -0.17399999999999999       3.06389280000000019E-003   5.7880690146610192
  5.01187233627272462E-003 -0.17000000000000001       3.03743223999999997E-003   5.7967427783832237
  5.01187233627272462E-003 -0.16600000000000001       3.02813202000000014E-003   5.7998093446215764
  5.01187233627272462E-003 -0.16200000000000001       3.01133859999999989E-003   5.8053705814709469
  5.01187233627272462E-003 -0.15800000000000000       2.99809683999999969E-003   5.8097775782890579
  5.01187233627272462E-003 -0.15400000000000000       2.97690211999999997E-003   5.8168720762259989
  5.01187233627272462E-003 -0.14999999999999999       2.96154633999999974E-003   5.8220437348937333
  5.01187233627272462E-003 -0.14599999999999999       2.95631562000000028E-003   5.8238115089302127
  5.01187233627272462E-003 -0.14199999999999999       2.95257210000000013E-003   5.8250785902078546
  5.01187233627272462E-003 -0.13800000000000001       2.94640554000000004E-003   5.8271693125745294
  5.01187233627272462E-003 -0.13400000000000001       2.91347133999999989E-003   5.8384100083953774
  5.01187233627272462E-003 -0.13000000000000000       2.90855849999999963E-003   5.8400976813551839
  5.01187233627272462E-003 -0.12600000000000000       2.89272883999999991E-003   5.8455549870734016
  5.01187233627272462E-003 -0.12200000000000000       2.88090457999999995E-003   5.8496509438725299
  5.01187233627272462E-003 -0.11799999999999999       2.87321388000000028E-003   5.8523240569246768
  5.01187233627272462E-003 -0.11400000000000000       2.86026724000000001E-003   5.8568402179562327
  5.01187233627272462E-003 -0.11000000000000000       2.83046322000000006E-003   5.8673148987426256
  5.01187233627272462E-003 -0.10600000000000000       2.83661700000000004E-003   5.8651431340314062
  5.01187233627272462E-003 -0.10199999999999999       2.82694508000000009E-003   5.8685586274137584
  5.01187233627272462E-003 -9.80000000000000038E-002  2.82280377999999995E-003   5.8700246397425628
  5.01187233627272462E-003 -9.40000000000000002E-002  2.81732563999999991E-003   5.8719671986147883
  5.01187233627272462E-003 -8.99999999999999967E-002  2.82258068000000020E-003   5.8701036777608575
  5.01187233627272462E-003 -8.59999999999999931E-002  2.81162957999999980E-003   5.8739910420179084
  5.01187233627272462E-003 -8.20000000000000034E-002  2.78519906000000012E-003   5.8834359323941445
  5.01187233627272462E-003 -7.79999999999999999E-002  2.76281231999999993E-003   5.8915061615151538
  5.01187233627272462E-003 -7.39999999999999963E-002  2.73919224000000001E-003   5.9000922049647890
  5.01187233627272462E-003 -7.00000000000000067E-002  2.71170590000000033E-003   5.9101773587372604
  5.01187233627272462E-003 -6.60000000000000031E-002  2.70762797999999976E-003   5.9116823115081969
  5.01187233627272462E-003 -6.19999999999999996E-002  2.70641711999999998E-003   5.9121296147714038
  5.01187233627272462E-003 -5.80000000000000029E-002  2.71034110000000026E-003   5.9106807848524623
  5.01187233627272462E-003 -5.39999999999999994E-002  2.71975030000000005E-003   5.9072152043588320
  5.01187233627272462E-003 -5.00000000000000028E-002  2.71319778000000001E-003   5.9096273471147098
  5.01187233627272462E-003 -4.59999999999999992E-002  2.71913427999999997E-003   5.9074417287476377
  5.01187233627272462E-003 -4.20000000000000026E-002  2.71566502000000027E-003   5.9087184126800940
  5.01187233627272462E-003 -3.79999999999999991E-002  2.72388340000000000E-003   5.9056966963099908
  5.01187233627272462E-003 -3.40000000000000024E-002  2.71318148000000009E-003   5.9096333548038960
  5.01187233627272462E-003 -2.99999999999999989E-002  2.71461308000000038E-003   5.9091058477225680
  5.01187233627272462E-003 -2.59999999999999988E-002  2.71537997999999996E-003   5.9088233795880329
  5.01187233627272462E-003 -2.19999999999999987E-002  2.72453736000000026E-003   5.9054566414273202
  5.01187233627272462E-003 -1.79999999999999986E-002  2.72550753999999985E-003   5.9051006149988963
  5.01187233627272462E-003 -1.40000000000000003E-002  2.71730006000000038E-003   5.9081165166526821
  5.01187233627272462E-003 -1.00000000000000002E-002  2.72719521999999995E-003   5.9044815898555223
  5.01187233627272462E-003 -6.00000000000000012E-003  2.72430458000000016E-003   5.9055420834359911
  5.01187233627272462E-003 -2.00000000000000004E-003  2.73118515999999992E-003   5.9030196394479395
  5.01187233627272462E-003  2.00000000000000004E-003  2.72696405999999988E-003   5.9045663545234657
  5.01187233627272462E-003  6.00000000000000012E-003  2.72735788000000009E-003   5.9044219479391025
  5.01187233627272462E-003  1.00000000000000002E-002  2.74533742000000009E-003   5.8978512898991191
  5.01187233627272462E-003  1.40000000000000003E-002  2.73912320000000006E-003   5.9001174097930837
  5.01187233627272462E-003  1.79999999999999986E-002  2.72898352000000002E-003   5.9038260761162364
  5.01187233627272462E-003  2.19999999999999987E-002  2.73490341999999996E-003   5.9016591563459571
  5.01187233627272462E-003  2.59999999999999988E-002  2.74963292000000034E-003   5.8962878598497541
  5.01187233627272462E-003  2.99999999999999989E-002  2.75396068000000006E-003   5.8947151561922668
  5.01187233627272462E-003  3.40000000000000024E-002  2.74907861999999998E-003   5.8964894707172624
  5.01187233627272462E-003  3.79999999999999991E-002  2.75873216000000008E-003   5.8929840671111107
  5.01187233627272462E-003  4.20000000000000026E-002  2.75719772000000002E-003   5.8935404338789859
  5.01187233627272462E-003  4.59999999999999992E-002  2.75353941999999978E-003   5.8948681330395383
  5.01187233627272462E-003  5.00000000000000028E-002  2.77200343999999986E-003   5.8881849566740092
  5.01187233627272462E-003  5.39999999999999994E-002  2.77839928000000016E-003   5.8858803156763955
  5.01187233627272462E-003  5.80000000000000029E-002  2.77902696000000005E-003   5.8856544269374140
  5.01187233627272462E-003  6.19999999999999996E-002  2.78936489999999978E-003   5.8819413434701096
  5.01187233627272462E-003  6.60000000000000031E-002  2.80022492000000026E-003   5.8780555364557170
  5.01187233627272462E-003  7.00000000000000067E-002  2.80426223999999998E-003   5.8766147906450437
  5.01187233627272462E-003  7.39999999999999963E-002  2.80803238000000002E-003   5.8752712615460263
  5.01187233627272462E-003  7.79999999999999999E-002  2.81832121999999992E-003   5.8716138833574316
  5.01187233627272462E-003  8.20000000000000034E-002  2.82282363999999996E-003   5.8700176042092114
  5.01187233627272462E-003  8.59999999999999931E-002  2.81775020000000001E-003   5.8718165138634708
  5.01187233627272462E-003  8.99999999999999967E-002  2.84350827999999998E-003   5.8627166793173160
  5.01187233627272462E-003  9.40000000000000002E-002  2.84548037999999984E-003   5.8620233750423889
  5.01187233627272462E-003  9.80000000000000038E-002  2.84261304000000018E-003   5.8630315653202754
  5.01187233627272462E-003  0.10199999999999999       2.84873843999999994E-003   5.8608790353327542
  5.01187233627272462E-003  0.10600000000000000       2.85918084000000034E-003   5.8572201147567169
  5.01187233627272462E-003  0.11000000000000000       2.87357767999999987E-003   5.8521974471471383
  5.01187233627272462E-003  0.11400000000000000       2.86348007999999996E-003   5.8557175826762977
  5.01187233627272462E-003  0.11799999999999999       2.86431665999999996E-003   5.8554254703532100
  5.01187233627272462E-003  0.12200000000000000       2.85811093999999979E-003   5.8575943828730423
  5.01187233627272462E-003  0.12600000000000000       2.85286337999999997E-003   5.8594320943326972
  5.01187233627272462E-003  0.13000000000000000       2.84204890000000010E-003   5.8632300432624307
  5.01187233627272462E-003  0.13400000000000001       2.82871394000000021E-003   5.8679331087778497
  5.01187233627272462E-003  0.13800000000000001       2.83616464000000000E-003   5.8653026184006860
  5.01187233627272462E-003  0.14199999999999999       2.84071637999999986E-003   5.8636990121389436
  5.01187233627272462E-003  0.14599999999999999       2.83585555999999990E-003   5.8654116024978533
  5.01187233627272462E-003  0.14999999999999999       2.85047063999999996E-003   5.8602711614930598
  5.01187233627272462E-003  0.15400000000000000       2.83863173999999996E-003   5.8644331245932513
  5.01187233627272462E-003  0.15800000000000000       2.82846325999999964E-003   5.8680217324823243
  5.01187233627272462E-003  0.16200000000000001       2.83078988000000017E-003   5.8671994967301764
  5.01187233627272462E-003  0.16600000000000001       2.84698502000000015E-003   5.8614947323790396
  5.01187233627272462E-003  0.17000000000000001       2.85012024000000017E-003   5.8603940961178447
  5.01187233627272462E-003  0.17399999999999999       2.85419383999999977E-003   5.8589658435232819
  5.01187233627272462E-003  0.17799999999999999       2.85648857999999976E-003   5.8581621777072757
  5.01187233627272462E-003  0.18200000000000000       2.86989102000000020E-003   5.8534812220570025
  5.01187233627272462E-003  0.18600000000000000       2.86609960000000020E-003   5.8548031979120339
  5.01187233627272462E-003  0.19000000000000000       2.86990474000000002E-003   5.8534764413990930
  5.01187233627272462E-003  0.19400000000000001       2.88447164000000004E-003   5.8484135361756042
  5.01187233627272462E-003  0.19800000000000001       2.90639653999999990E-003   5.8408412675341808
  5.01187233627272462E-003  0.20200000000000001       2.92966882000000005E-003   5.8328658930583375
  5.01187233627272462E-003  0.20599999999999999       2.93683142000000005E-003   5.8304240271191858
  5.01187233627272462E-003  0.20999999999999999       2.93740353999999990E-003   5.8302292374978286
  5.01187233627272462E-003  0.21400000000000000       2.95686141999999992E-003   5.8236269042759439
  5.01187233627272462E-003  0.21800000000000000       2.96988472000000005E-003   5.8192321417356583
  5.01187233627272462E-003  0.22200000000000000       2.97955603999999980E-003   5.8159809694291980
  5.01187233627272462E-003  0.22600000000000001       2.98539013999999997E-003   5.8140248405105899
  5.01187233627272462E-003  0.23000000000000001       2.99273857999999985E-003   5.8115663977284724
  5.01187233627272462E-003  0.23400000000000001       2.98798855999999995E-003   5.8131548403668205
  5.01187233627272462E-003  0.23799999999999999       2.99180296000000007E-003   5.8118790766534554
  5.01187233627272462E-003  0.24199999999999999       2.99630553999999990E-003   5.8103752358835159
  5.01187233627272462E-003  0.24600000000000000       3.01433933999999994E-003   5.8043745971923517
  5.01187233627272462E-003  0.25000000000000000       3.02668778000000005E-003   5.8002863992904503
  5.01187233627272462E-003  0.25400000000000000       3.03660565999999991E-003   5.7970149465911636
  5.01187233627272462E-003  0.25800000000000001       3.06003339999999990E-003   5.7893294480447368
  5.01187233627272462E-003  0.26200000000000001       3.08238176000000036E-003   5.7820526821367437
  5.01187233627272462E-003  0.26600000000000001       3.10096017999999998E-003   5.7760434799652982
  5.01187233627272462E-003  0.27000000000000002       3.11869960000000015E-003   5.7703391589156663
  5.01187233627272462E-003  0.27400000000000002       3.12790293999999983E-003   5.7673924861922590
  5.01187233627272462E-003  0.27800000000000002       3.13044851999999974E-003   5.7665789875715268
  5.01187233627272462E-003  0.28199999999999997       3.15013069999999992E-003   5.7603113349418749
  5.01187233627272462E-003  0.28599999999999998       3.14521658000000001E-003   5.7618725263359440
  5.01187233627272462E-003  0.28999999999999998       3.14515236000000031E-003   5.7618929448521286
  5.01187233627272462E-003  0.29399999999999998       3.17217218000000016E-003   5.7533386954721140
  5.01187233627272462E-003  0.29799999999999999       3.18156673999999990E-003   5.7503815179851285
  5.01187233627272462E-003  0.30199999999999999       3.19664043999999970E-003   5.7456548831681182
  5.01187233627272462E-003  0.30599999999999999       3.20988645999999980E-003   5.7415197131822824
  5.01187233627272462E-003  0.31000000000000000       3.23814539999999970E-003   5.7327545204729695
  5.01187233627272462E-003  0.31400000000000000       3.26155272000000019E-003   5.7255519025172044
  5.01187233627272462E-003  0.31800000000000000       3.27533308000000018E-003   5.7213357112496102
  5.01187233627272462E-003  0.32200000000000001       3.28106354000000031E-003   5.7195876591437553
  5.01187233627272462E-003  0.32600000000000001       3.30646995999999988E-003   5.7118741360261662
  5.01187233627272462E-003  0.33000000000000002       3.31843718000000018E-003   5.7082613357970393
  5.01187233627272462E-003  0.33400000000000002       3.32747406000000016E-003   5.7055418033677681
  5.01187233627272462E-003  0.33800000000000002       3.31551487999999983E-003   5.7091423491545648
  5.01187233627272462E-003  0.34200000000000003       3.31573137999999993E-003   5.7090770522279879
  5.01187233627272462E-003  0.34599999999999997       3.34604846000000023E-003   5.6999751935576475
  5.01187233627272462E-003  0.34999999999999998       3.36341942000000036E-003   5.6947971379730449
  5.01187233627272462E-003  0.35399999999999998       3.36178901999999993E-003   5.6952820002777562
  5.01187233627272462E-003  0.35799999999999998       3.37763131999999989E-003   5.6905806080567443
  5.01187233627272462E-003  0.36199999999999999       3.38214320000000028E-003   5.6892456875925577
  5.01187233627272462E-003  0.36599999999999999       3.38760246000000030E-003   5.6876328467392687
  5.01187233627272462E-003  0.37000000000000000       3.38089629999999966E-003   5.6896144271257594
  5.01187233627272462E-003  0.37400000000000000       3.37953288000000015E-003   5.6900177802213054
  5.01187233627272462E-003  0.37800000000000000       3.38845180000000006E-003   5.6873821580724258
  5.01187233627272462E-003  0.38200000000000001       3.39176449999999997E-003   5.6864049915287582
  5.01187233627272462E-003  0.38600000000000001       3.39915724000000022E-003   5.6842277486732478
  5.01187233627272462E-003  0.39000000000000001       3.37592830000000036E-003   5.6910849406256174
  5.01187233627272462E-003  0.39400000000000002       3.35521249999999951E-003   5.6972401722632346
  5.01187233627272462E-003  0.39800000000000002       3.34778287999999962E-003   5.6994569791149114
  5.01187233627272462E-003  0.40200000000000002       3.35222607999999993E-003   5.6981306523359843
  5.01187233627272462E-003  0.40600000000000003       3.34704697999999978E-003   5.6996768204009047
  5.01187233627272462E-003  0.40999999999999998       3.35604402000000022E-003   5.6969923736574808
  5.01187233627272462E-003  0.41399999999999998       3.37846511999999972E-003   5.6903337791336712
  5.01187233627272462E-003  0.41799999999999998       3.39426390000000010E-003   5.6856683603313343
  5.01187233627272462E-003  0.42199999999999999       3.39642970000000009E-003   5.6850304873242425
  5.01187233627272462E-003  0.42599999999999999       3.39485960000000028E-003   5.6854928737603423
  5.01187233627272462E-003  0.42999999999999999       3.38808155999999975E-003   5.6874914292825558
  5.01187233627272462E-003  0.43400000000000000       3.37772817999999969E-003   5.6905519315666169
  5.01187233627272462E-003  0.43800000000000000       3.36514901999999992E-003   5.6942830315762629
  5.01187233627272462E-003  0.44200000000000000       3.38090819999999981E-003   5.6896109073552603
  5.01187233627272462E-003  0.44600000000000001       3.38580923999999952E-003   5.6881623347200145
  5.01187233627272462E-003  0.45000000000000001       3.38753140000000019E-003   5.6876538234465848
  5.01187233627272462E-003  0.45400000000000001       3.38169471999999992E-003   5.6893782986947041
  5.01187233627272462E-003  0.45800000000000002       3.39141633999999990E-003   5.6865076454336201
  5.01187233627272462E-003  0.46200000000000002       3.38780708000000017E-003   5.6875724459623553
  5.01187233627272462E-003  0.46600000000000003       3.38739998000000013E-003   5.6876926194114867
  5.01187233627272462E-003  0.46999999999999997       3.37935507999999980E-003   5.6900703924264766
  5.01187233627272462E-003  0.47399999999999998       3.38297453999999997E-003   5.6889999150765025
  5.01187233627272462E-003  0.47799999999999998       3.38851746000000007E-003   5.6873627806789377
  5.01187233627272462E-003  0.48199999999999998       3.37638833999999964E-003   5.6909486792429727
  5.01187233627272462E-003  0.48599999999999999       3.36598117999999981E-003   5.6940357744353332
  5.01187233627272462E-003  0.48999999999999999       3.33733476000000039E-003   5.7025827665937943
  5.01187233627272462E-003  0.49399999999999999       3.31850755999999955E-003   5.7082401272431769
  5.01187233627272462E-003  0.49800000000000000       3.31429845999999971E-003   5.7095093036829256
  5.01187233627272462E-003  0.50200000000000000       3.30995672000000034E-003   5.7108201652073518
  5.01187233627272462E-003  0.50600000000000001       3.28927077999999987E-003   5.7170893861886887
  5.01187233627272462E-003  0.51000000000000001       3.28786666000000036E-003   5.7175163561385007
  5.01187233627272462E-003  0.51400000000000001       3.27226369999999989E-003   5.7222732705795352
  5.01187233627272462E-003  0.51800000000000002       3.23664657999999999E-003   5.7332174913394942
  5.01187233627272462E-003  0.52200000000000002       3.20429108000000028E-003   5.7432644049637123
  5.01187233627272462E-003  0.52600000000000002       3.15956617999999965E-003   5.7573205456178655
  5.01187233627272462E-003  0.53000000000000003       3.12273137999999990E-003   5.7690472178291712
  5.01187233627272462E-003  0.53400000000000003       3.07225616000000000E-003   5.7853430817564151
  5.01187233627272462E-003  0.53800000000000003       3.03760539999999978E-003   5.7966857713290096
  5.01187233627272462E-003  0.54200000000000004       2.98093931999999975E-003   5.8155168200787548
  5.01187233627272462E-003  0.54600000000000004       2.95653706000000016E-003   5.8237366076897832
  5.01187233627272462E-003  0.55000000000000004       2.92724662000000023E-003   5.8336930179034567
  5.01187233627272462E-003  0.55400000000000005       2.88866103999999967E-003   5.8469621921765675
  5.01187233627272462E-003  0.55800000000000005       2.84207964000000000E-003   5.8632192271804993
  5.01187233627272462E-003  0.56200000000000006       2.79767362000000021E-003   5.8789670571481407
  5.01187233627272462E-003  0.56599999999999995       2.74446116000000035E-003   5.8981705220147136
  5.01187233627272462E-003  0.56999999999999995       2.69717018000000018E-003   5.9155521370747968
  5.01187233627272462E-003  0.57399999999999995       2.62936955999999982E-003   5.9410111725543606
  5.01187233627272462E-003  0.57799999999999996       2.56189809999999999E-003   5.9670068499129494
  5.01187233627272462E-003  0.58199999999999996       2.48154442000000008E-003   5.9988741626335607
  5.01187233627272462E-003  0.58599999999999997       2.42221147999999989E-003   6.0230743213955327
  5.01187233627272462E-003  0.58999999999999997       2.35610992000000012E-003   6.0507433589330759
  5.01187233627272462E-003  0.59399999999999997       2.28840055999999983E-003   6.0799021508574675
  5.01187233627272462E-003  0.59799999999999998       2.21879028000000018E-003   6.1107931505391395
  5.01187233627272462E-003  0.60199999999999998       2.13746433999999989E-003   6.1481350403334583
  5.01187233627272462E-003  0.60599999999999998       2.04687887999999976E-003   6.1914391435699354
  5.01187233627272462E-003  0.60999999999999999       1.96118639999999988E-003   6.2342056827411199
  5.01187233627272462E-003  0.61399999999999999       1.87633430000000000E-003   6.2784352459792911
  5.01187233627272462E-003  0.61799999999999999       1.79896595999999988E-003   6.3205432458158812
  5.01187233627272462E-003  0.62200000000000000       1.71324590000000005E-003   6.3693655206137096
  5.01187233627272462E-003  0.62600000000000000       1.62579320000000001E-003   6.4217594592168288
  5.01187233627272462E-003  0.63000000000000000       1.53804674000000002E-003   6.4772420182434196
  5.01187233627272462E-003  0.63400000000000001       1.45105813999999995E-003   6.5354622369648361
  5.01187233627272462E-003  0.63800000000000001       1.36785306000000001E-003   6.5945128778315922
  5.01187233627272462E-003  0.64200000000000002       1.27359537999999998E-003   6.6659113703932977
  5.01187233627272462E-003  0.64600000000000002       1.17628647999999995E-003   6.7453928537305128
  5.01187233627272462E-003  0.65000000000000002       1.08601968000000002E-003   6.8252359360876254
  5.01187233627272462E-003  0.65400000000000003       9.97307819999999987E-004   6.9104510894160311
  5.01187233627272462E-003  0.65800000000000003       9.17987420000000048E-004   6.9933268711413836
  5.01187233627272462E-003  0.66200000000000003       8.41451080000000010E-004   7.0803826803072933
  5.01187233627272462E-003  0.66600000000000004       7.54509920000000006E-004   7.1894421320628155
  5.01187233627272462E-003  0.67000000000000004       6.75689559999999973E-004   7.2997768181692848
  5.01187233627272462E-003  0.67400000000000004       6.07053340000000027E-004   7.4068938959714705
  5.01187233627272462E-003  0.67800000000000005       5.30850479999999954E-004   7.5410301582948724
  5.01187233627272462E-003  0.68200000000000005       4.65056660000000006E-004   7.6733513103375950
  5.01187233627272462E-003  0.68600000000000005       4.02783620000000053E-004   7.8171110632893264
  5.01187233627272462E-003  0.68999999999999995       3.42303140000000002E-004   7.9798138392303599
  5.01187233627272462E-003  0.69399999999999995       2.93193699999999991E-004   8.1346770752221911
  5.01187233627272462E-003  0.69799999999999995       2.52210080000000005E-004   8.2852481669530214
  5.01187233627272462E-003  0.70199999999999996       2.13577059999999982E-004   8.4515128536494508
  5.01187233627272462E-003  0.70599999999999996       1.75792719999999996E-004   8.6462049842646138
  5.01187233627272462E-003  0.70999999999999996       1.47266179999999995E-004   8.8232688603145704
  5.01187233627272462E-003  0.71399999999999997       1.17066219999999995E-004   9.0527708003684513
  5.01187233627272462E-003  0.71799999999999997       8.87188600000000059E-005   9.3300380644186038
  5.01187233627272462E-003  0.72199999999999998       7.04054999999999953E-005   9.5612391728518755
  5.01187233627272462E-003  0.72599999999999998       5.50307200000000029E-005   9.8076189832057104
  5.01187233627272462E-003  0.72999999999999998       4.20057399999999994E-005   10.077704282352277
  5.01187233627272462E-003  0.73399999999999999       3.10087800000000057E-005   10.381240167773534
  5.01187233627272462E-003  0.73799999999999999       2.20712999999999999E-005   10.721232435941472
  5.01187233627272462E-003  0.74199999999999999       1.61075000000000012E-005   11.036225555933614
  5.01187233627272462E-003  0.74600000000000000       1.10329999999999992E-005   11.414619776186106
  5.01187233627272462E-003  0.75000000000000000       6.56370000000000036E-006   11.933956089620004
  5.01187233627272462E-003  0.75400000000000000       4.53011999999999975E-006   12.304762128753962
  5.01187233627272462E-003  0.75800000000000001       2.95376000000000016E-006   12.732431622924151
  5.01187233627272462E-003  0.76200000000000001       2.22319999999999974E-006   13.016562958518117
  5.01187233627272462E-003  0.76600000000000001       1.33630000000000002E-006   13.525605957159396
  5.01187233627272462E-003  0.77000000000000002       1.06140000000000012E-006   13.755921766552616
  5.01187233627272462E-003  0.77400000000000002       7.63579999999999959E-007   14.085247937161244
  5.01187233627272462E-003  0.77800000000000002       3.77459999999999993E-007   14.789801234136418
  5.01187233627272462E-003  0.78200000000000003       1.83619999999999999E-007   15.510397432230857
  5.01187233627272462E-003  0.78600000000000003       9.41800000000000003E-008   16.178057992131002
  5.01187233627272462E-003  0.79000000000000004       5.25599999999999955E-008   16.761310462770055
  5.01187233627272462E-003  0.79400000000000004       1.63799999999999984E-008   17.927204758521487
  5.01187233627272462E-003  0.79800000000000004       1.70800000000000014E-008   17.885357648585988
  5.01187233627272462E-003  0.80200000000000005        0.0000000000000000                      +Infinity
  5.01187233627272462E-003  0.80600000000000005        0.0000000000000000                      +Infinity
  5.01187233627272462E-003  0.81000000000000005        0.0000000000000000                      +Infinity
  5.01187233627272462E-003  0.81399999999999995        0.0000000000000000                      +Infinity
  5.01187233627272462E-003  0.81799999999999995        0.0000000000000000                      +Infinity
  5.01187233627272462E-003  0.82199999999999995        0.0000000000000000                      +Infinity
  5.01187233627272462E-003  0.82599999999999996        0.0000000000000000                      +Infinity
  5.01187233627272462E-003  0.82999999999999996        0.0000000000000000                      +Infinity
  5.01187233627272462E-003  0.83399999999999996        0.0000000000000000                      +Infinity
  5.01187233627272462E-003  0.83799999999999997        0.0000000000000000                      +Infinity
  5.01187233627272462E-003  0.84199999999999997        0.0000000000000000                      +Infinity
  5.01187233627272462E-003  0.84599999999999997        0.0000000000000000                      +Infinity
  5.01187233627272462E-003  0.84999999999999998        0.0000000000000000                      +Infinity
  5.01187233627272462E-003  0.85399999999999998        0.0000000000000000                      +Infinity
  5.01187233627272462E-003  0.85799999999999998        0.0000000000000000                      +Infinity
  5.01187233627272462E-003  0.86199999999999999        0.0000000000000000                      +Infinity
  5.01187233627272462E-003  0.86599999999999999        0.0000000000000000                      +Infinity
  5.01187233627272462E-003  0.87000000000000000        0.0000000000000000                      +Infinity
  5.01187233627272462E-003  0.87400000000000000        0.0000000000000000                      +Infinity
  5.01187233627272462E-003  0.87800000000000000        0.0000000000000000                      +Infinity
  5.01187233627272462E-003  0.88200000000000001        0.0000000000000000                      +Infinity
  5.01187233627272462E-003  0.88600000000000001        0.0000000000000000                      +Infinity
  5.01187233627272462E-003  0.89000000000000001        0.0000000000000000                      +Infinity
  5.01187233627272462E-003  0.89400000000000002        0.0000000000000000                      +Infinity
  5.01187233627272462E-003  0.89800000000000002        0.0000000000000000                      +Infinity
  5.01187233627272462E-003  0.90200000000000002        0.0000000000000000                      +Infinity
  5.01187233627272462E-003  0.90600000000000003        0.0000000000000000                      +Infinity
  5.01187233627272462E-003  0.91000000000000003        0.0000000000000000                      +Infinity
  5.01187233627272462E-003  0.91400000000000003        0.0000000000000000                      +Infinity
  5.01187233627272462E-003  0.91800000000000004        0.0000000000000000                      +Infinity
  5.01187233627272462E-003  0.92200000000000004        0.0000000000000000                      +Infinity
  5.01187233627272462E-003  0.92600000000000005        0.0000000000000000                      +Infinity
  5.01187233627272462E-003  0.93000000000000005        0.0000000000000000                      +Infinity
  5.01187233627272462E-003  0.93400000000000005        0.0000000000000000                      +Infinity
  5.01187233627272462E-003  0.93799999999999994        0.0000000000000000                      +Infinity
  5.01187233627272462E-003  0.94199999999999995        0.0000000000000000                      +Infinity
  5.01187233627272462E-003  0.94599999999999995        0.0000000000000000                      +Infinity
  5.01187233627272462E-003  0.94999999999999996        0.0000000000000000                      +Infinity
  5.01187233627272462E-003  0.95399999999999996        0.0000000000000000                      +Infinity
  5.01187233627272462E-003  0.95799999999999996        0.0000000000000000                      +Infinity
  5.01187233627272462E-003  0.96199999999999997        0.0000000000000000                      +Infinity
  5.01187233627272462E-003  0.96599999999999997        0.0000000000000000                      +Infinity
  5.01187233627272462E-003  0.96999999999999997        0.0000000000000000                      +Infinity
  5.01187233627272462E-003  0.97399999999999998        0.0000000000000000                      +Infinity
  5.01187233627272462E-003  0.97799999999999998        0.0000000000000000                      +Infinity
  5.01187233627272462E-003  0.98199999999999998        0.0000000000000000                      +Infinity
  5.01187233627272462E-003  0.98599999999999999        0.0000000000000000                      +Infinity
  5.01187233627272462E-003  0.98999999999999999        0.0000000000000000                      +Infinity
  5.01187233627272462E-003  0.99399999999999999        0.0000000000000000                      +Infinity
  5.01187233627272462E-003  0.99800000000000000        0.0000000000000000                      +Infinity
