  2.51188643150957944E-002 -0.99800000000000000        0.0000000000000000                      +Infinity
  2.51188643150957944E-002 -0.99399999999999999        0.0000000000000000                      +Infinity
  2.51188643150957944E-002 -0.98999999999999999        0.0000000000000000                      +Infinity
  2.51188643150957944E-002 -0.98599999999999999        0.0000000000000000                      +Infinity
  2.51188643150957944E-002 -0.98199999999999998        0.0000000000000000                      +Infinity
  2.51188643150957944E-002 -0.97799999999999998        0.0000000000000000                      +Infinity
  2.51188643150957944E-002 -0.97399999999999998        0.0000000000000000                      +Infinity
  2.51188643150957944E-002 -0.96999999999999997        0.0000000000000000                      +Infinity
  2.51188643150957944E-002 -0.96599999999999997        0.0000000000000000                      +Infinity
  2.51188643150957944E-002 -0.96199999999999997        0.0000000000000000                      +Infinity
  2.51188643150957944E-002 -0.95799999999999996        0.0000000000000000                      +Infinity
  2.51188643150957944E-002 -0.95399999999999996        0.0000000000000000                      +Infinity
  2.51188643150957944E-002 -0.94999999999999996        0.0000000000000000                      +Infinity
  2.51188643150957944E-002 -0.94599999999999995        0.0000000000000000                      +Infinity
  2.51188643150957944E-002 -0.94199999999999995        0.0000000000000000                      +Infinity
  2.51188643150957944E-002 -0.93799999999999994        0.0000000000000000                      +Infinity
  2.51188643150957944E-002 -0.93400000000000005        0.0000000000000000                      +Infinity
  2.51188643150957944E-002 -0.93000000000000005        0.0000000000000000                      +Infinity
  2.51188643150957944E-002 -0.92600000000000005        0.0000000000000000                      +Infinity
  2.51188643150957944E-002 -0.92200000000000004        0.0000000000000000                      +Infinity
  2.51188643150957944E-002 -0.91800000000000004        0.0000000000000000                      +Infinity
  2.51188643150957944E-002 -0.91400000000000003        0.0000000000000000                      +Infinity
  2.51188643150957944E-002 -0.91000000000000003        0.0000000000000000                      +Infinity
  2.51188643150957944E-002 -0.90600000000000003        0.0000000000000000                      +Infinity
  2.51188643150957944E-002 -0.90200000000000002        0.0000000000000000                      +Infinity
  2.51188643150957944E-002 -0.89800000000000002        0.0000000000000000                      +Infinity
  2.51188643150957944E-002 -0.89400000000000002        0.0000000000000000                      +Infinity
  2.51188643150957944E-002 -0.89000000000000001        0.0000000000000000                      +Infinity
  2.51188643150957944E-002 -0.88600000000000001        0.0000000000000000                      +Infinity
  2.51188643150957944E-002 -0.88200000000000001        0.0000000000000000                      +Infinity
  2.51188643150957944E-002 -0.87800000000000000        0.0000000000000000                      +Infinity
  2.51188643150957944E-002 -0.87400000000000000        0.0000000000000000                      +Infinity
  2.51188643150957944E-002 -0.87000000000000000        0.0000000000000000                      +Infinity
  2.51188643150957944E-002 -0.86599999999999999        0.0000000000000000                      +Infinity
  2.51188643150957944E-002 -0.86199999999999999        0.0000000000000000                      +Infinity
  2.51188643150957944E-002 -0.85799999999999998        0.0000000000000000                      +Infinity
  2.51188643150957944E-002 -0.85399999999999998        0.0000000000000000                      +Infinity
  2.51188643150957944E-002 -0.84999999999999998        0.0000000000000000                      +Infinity
  2.51188643150957944E-002 -0.84599999999999997        0.0000000000000000                      +Infinity
  2.51188643150957944E-002 -0.84199999999999997        0.0000000000000000                      +Infinity
  2.51188643150957944E-002 -0.83799999999999997        0.0000000000000000                      +Infinity
  2.51188643150957944E-002 -0.83399999999999996        0.0000000000000000                      +Infinity
  2.51188643150957944E-002 -0.82999999999999996        0.0000000000000000                      +Infinity
  2.51188643150957944E-002 -0.82599999999999996        0.0000000000000000                      +Infinity
  2.51188643150957944E-002 -0.82199999999999995        0.0000000000000000                      +Infinity
  2.51188643150957944E-002 -0.81799999999999995        0.0000000000000000                      +Infinity
  2.51188643150957944E-002 -0.81399999999999995        0.0000000000000000                      +Infinity
  2.51188643150957944E-002 -0.81000000000000005        0.0000000000000000                      +Infinity
  2.51188643150957944E-002 -0.80600000000000005        0.0000000000000000                      +Infinity
  2.51188643150957944E-002 -0.80200000000000005        0.0000000000000000                      +Infinity
  2.51188643150957944E-002 -0.79800000000000004        0.0000000000000000                      +Infinity
  2.51188643150957944E-002 -0.79400000000000004        0.0000000000000000                      +Infinity
  2.51188643150957944E-002 -0.79000000000000004        0.0000000000000000                      +Infinity
  2.51188643150957944E-002 -0.78600000000000003        0.0000000000000000                      +Infinity
  2.51188643150957944E-002 -0.78200000000000003        0.0000000000000000                      +Infinity
  2.51188643150957944E-002 -0.77800000000000002        0.0000000000000000                      +Infinity
  2.51188643150957944E-002 -0.77400000000000002        0.0000000000000000                      +Infinity
  2.51188643150957944E-002 -0.77000000000000002        0.0000000000000000                      +Infinity
  2.51188643150957944E-002 -0.76600000000000001        0.0000000000000000                      +Infinity
  2.51188643150957944E-002 -0.76200000000000001        0.0000000000000000                      +Infinity
  2.51188643150957944E-002 -0.75800000000000001        0.0000000000000000                      +Infinity
  2.51188643150957944E-002 -0.75400000000000000        0.0000000000000000                      +Infinity
  2.51188643150957944E-002 -0.75000000000000000        0.0000000000000000                      +Infinity
  2.51188643150957944E-002 -0.74600000000000000        0.0000000000000000                      +Infinity
  2.51188643150957944E-002 -0.74199999999999999        0.0000000000000000                      +Infinity
  2.51188643150957944E-002 -0.73799999999999999        0.0000000000000000                      +Infinity
  2.51188643150957944E-002 -0.73399999999999999        0.0000000000000000                      +Infinity
  2.51188643150957944E-002 -0.72999999999999998        0.0000000000000000                      +Infinity
  2.51188643150957944E-002 -0.72599999999999998        0.0000000000000000                      +Infinity
  2.51188643150957944E-002 -0.72199999999999998        0.0000000000000000                      +Infinity
  2.51188643150957944E-002 -0.71799999999999997        0.0000000000000000                      +Infinity
  2.51188643150957944E-002 -0.71399999999999997        0.0000000000000000                      +Infinity
  2.51188643150957944E-002 -0.70999999999999996        0.0000000000000000                      +Infinity
  2.51188643150957944E-002 -0.70599999999999996        0.0000000000000000                      +Infinity
  2.51188643150957944E-002 -0.70199999999999996        0.0000000000000000                      +Infinity
  2.51188643150957944E-002 -0.69799999999999995        0.0000000000000000                      +Infinity
  2.51188643150957944E-002 -0.69399999999999995        0.0000000000000000                      +Infinity
  2.51188643150957944E-002 -0.68999999999999995       2.49199999999999975E-008   17.507595143027160
  2.51188643150957944E-002 -0.68600000000000005       1.16939999999999987E-007   15.961604854198887
  2.51188643150957944E-002 -0.68200000000000005       2.11260000000000000E-007   15.370176234551394
  2.51188643150957944E-002 -0.67800000000000005       1.70680000000000017E-007   15.583475378626613
  2.51188643150957944E-002 -0.67400000000000004       1.64020000000000009E-007   15.623277465338147
  2.51188643150957944E-002 -0.67000000000000004       4.12939999999999991E-007   14.699963532989678
  2.51188643150957944E-002 -0.66600000000000004       4.68079999999999993E-007   14.574626615466430
  2.51188643150957944E-002 -0.66200000000000003       5.06619999999999967E-007   14.495504621279308
  2.51188643150957944E-002 -0.65800000000000003       9.18920000000000025E-007   13.900066769522441
  2.51188643150957944E-002 -0.65400000000000003       1.36801999999999999E-006   13.502146118987744
  2.51188643150957944E-002 -0.65000000000000002       1.35578000000000009E-006   13.511133623496615
  2.51188643150957944E-002 -0.64600000000000002       1.31015999999999992E-006   13.545361290804799
  2.51188643150957944E-002 -0.64200000000000002       1.62601999999999989E-006   13.329375246791299
  2.51188643150957944E-002 -0.63800000000000001       1.65597999999999998E-006   13.311117579368823
  2.51188643150957944E-002 -0.63400000000000001       2.14917999999999998E-006   13.050424183923244
  2.51188643150957944E-002 -0.63000000000000000       2.83830000000000000E-006   12.772305276567902
  2.51188643150957944E-002 -0.62600000000000000       3.36735999999999989E-006   12.601381503393965
  2.51188643150957944E-002 -0.62200000000000000       3.79579999999999972E-006   12.481615365643592
  2.51188643150957944E-002 -0.61799999999999999       4.66861999999999936E-006   12.274647033165136
  2.51188643150957944E-002 -0.61399999999999999       5.95180000000000034E-006   12.031816863148586
  2.51188643150957944E-002 -0.60999999999999999       7.35668000000000052E-006   11.819901813950338
  2.51188643150957944E-002 -0.60599999999999998       7.95785999999999939E-006   11.741350438474175
  2.51188643150957944E-002 -0.60199999999999998       8.75583999999999950E-006   11.645789651654717
  2.51188643150957944E-002 -0.59799999999999998       1.06081600000000001E-005   11.453887041678255
  2.51188643150957944E-002 -0.59399999999999997       1.28124999999999997E-005   11.265089301065647
  2.51188643150957944E-002 -0.58999999999999997       1.48923599999999988E-005   11.114662228192808
  2.51188643150957944E-002 -0.58599999999999997       1.74761200000000017E-005   10.954675180338805
  2.51188643150957944E-002 -0.58199999999999996       1.95424999999999980E-005   10.842918976851927
  2.51188643150957944E-002 -0.57799999999999996       2.18815000000000005E-005   10.729869027001648
  2.51188643150957944E-002 -0.57399999999999995       2.68796399999999987E-005   10.524141435256153
  2.51188643150957944E-002 -0.56999999999999995       3.08350400000000015E-005   10.386858852294482
  2.51188643150957944E-002 -0.56599999999999995       3.51071800000000002E-005   10.257104890007113
  2.51188643150957944E-002 -0.56200000000000006       3.98431999999999983E-005   10.130558807188319
  2.51188643150957944E-002 -0.55800000000000005       4.71784399999999982E-005   9.9615735493893904
  2.51188643150957944E-002 -0.55400000000000005       5.30069800000000012E-005   9.8450869549703803
  2.51188643150957944E-002 -0.55000000000000004       5.85112600000000006E-005   9.7462913436156207
  2.51188643150957944E-002 -0.54600000000000004       6.65456000000000088E-005   9.6176231310113725
  2.51188643150957944E-002 -0.54200000000000004       7.37035799999999954E-005   9.5154591846434329
  2.51188643150957944E-002 -0.53800000000000003       8.25848000000000093E-005   9.4016849137414429
  2.51188643150957944E-002 -0.53400000000000003       9.35388600000000038E-005   9.2771335930403502
  2.51188643150957944E-002 -0.53000000000000003       1.01173920000000012E-004   9.1986695418330768
  2.51188643150957944E-002 -0.52600000000000002       1.12404980000000004E-004   9.0934023154363448
  2.51188643150957944E-002 -0.52200000000000002       1.24465300000000002E-004   8.9914835957671553
  2.51188643150957944E-002 -0.51800000000000002       1.35506719999999996E-004   8.9064893247783239
  2.51188643150957944E-002 -0.51400000000000001       1.46167679999999992E-004   8.8307561021189773
  2.51188643150957944E-002 -0.51000000000000001       1.59602899999999989E-004   8.7428217026875803
  2.51188643150957944E-002 -0.50600000000000001       1.75192100000000020E-004   8.6496274718028285
  2.51188643150957944E-002 -0.50200000000000000       1.89834699999999994E-004   8.5693568644734324
  2.51188643150957944E-002 -0.49800000000000000       2.06307099999999982E-004   8.4861447225801054
  2.51188643150957944E-002 -0.49399999999999999       2.23542860000000001E-004   8.4059073949578487
  2.51188643150957944E-002 -0.48999999999999999       2.42294540000000005E-004   8.3253564644443898
  2.51188643150957944E-002 -0.48599999999999999       2.57459540000000041E-004   8.2646479764196918
  2.51188643150957944E-002 -0.48199999999999998       2.73713780000000000E-004   8.2034275960896537
  2.51188643150957944E-002 -0.47799999999999998       2.94596320000000019E-004   8.1299045455276815
  2.51188643150957944E-002 -0.47399999999999998       3.18039920000000005E-004   8.0533336484717104
  2.51188643150957944E-002 -0.46999999999999997       3.44629339999999993E-004   7.9730410953009878
  2.51188643150957944E-002 -0.46600000000000003       3.69843499999999970E-004   7.9024306147772769
  2.51188643150957944E-002 -0.46200000000000002       3.97545699999999984E-004   7.8302006619248061
  2.51188643150957944E-002 -0.45800000000000002       4.28307460000000009E-004   7.7556692557967599
  2.51188643150957944E-002 -0.45400000000000001       4.56186940000000011E-004   7.6926078763185961
  2.51188643150957944E-002 -0.45000000000000001       4.85916640000000019E-004   7.6294734714092147
  2.51188643150957944E-002 -0.44600000000000001       5.18145639999999957E-004   7.5652541969212210
  2.51188643150957944E-002 -0.44200000000000000       5.51751300000000058E-004   7.5024131566906478
  2.51188643150957944E-002 -0.43800000000000000       5.89683799999999973E-004   7.4359240969308935
  2.51188643150957944E-002 -0.43400000000000000       6.17256780000000082E-004   7.3902254455951795
  2.51188643150957944E-002 -0.42999999999999999       6.59143759999999946E-004   7.3245688985425703
  2.51188643150957944E-002 -0.42599999999999999       6.96219940000000021E-004   7.2698449418020274
  2.51188643150957944E-002 -0.42199999999999999       7.31045280000000011E-004   7.2210351575883962
  2.51188643150957944E-002 -0.41799999999999998       7.76559000000000017E-004   7.1606379362916357
  2.51188643150957944E-002 -0.41399999999999998       8.24259199999999997E-004   7.1010255144126075
  2.51188643150957944E-002 -0.40999999999999998       8.75097039999999976E-004   7.0411757748987842
  2.51188643150957944E-002 -0.40600000000000003       9.25534099999999918E-004   6.9851395816808042
  2.51188643150957944E-002 -0.40200000000000002       9.75392660000000021E-004   6.9326704398345358
  2.51188643150957944E-002 -0.39800000000000002       1.02814284000000001E-003   6.8800011721853975
  2.51188643150957944E-002 -0.39400000000000002       1.07908215999999988E-003   6.8316444510266772
  2.51188643150957944E-002 -0.39000000000000001       1.14456520000000002E-003   6.7727304520859297
  2.51188643150957944E-002 -0.38600000000000001       1.19804619999999999E-003   6.7270632157586725
  2.51188643150957944E-002 -0.38200000000000001       1.26569164000000004E-003   6.6721365552283736
  2.51188643150957944E-002 -0.37800000000000000       1.33118852000000017E-003   6.6216831117325921
  2.51188643150957944E-002 -0.37400000000000000       1.38930076000000000E-003   6.5789547087715308
  2.51188643150957944E-002 -0.37000000000000000       1.44482854000000001E-003   6.5397646218975387
  2.51188643150957944E-002 -0.36599999999999999       1.51387079999999990E-003   6.4930854644642872
  2.51188643150957944E-002 -0.36199999999999999       1.58483227999999996E-003   6.4472766942866109
  2.51188643150957944E-002 -0.35799999999999998       1.65651768000000003E-003   6.4030376631753345
  2.51188643150957944E-002 -0.35399999999999998       1.70669697999999994E-003   6.3731953670378179
  2.51188643150957944E-002 -0.34999999999999998       1.76615455999999996E-003   6.3389506608112054
  2.51188643150957944E-002 -0.34599999999999997       1.83990803999999997E-003   6.2980396868710669
  2.51188643150957944E-002 -0.34200000000000003       1.90825216000000005E-003   6.2615675553591768
  2.51188643150957944E-002 -0.33800000000000002       1.97362157999999991E-003   6.2278850584757084
  2.51188643150957944E-002 -0.33400000000000002       2.03886018000000013E-003   6.1953643625708610
  2.51188643150957944E-002 -0.33000000000000002       2.12301542000000029E-003   6.1549178329807539
  2.51188643150957944E-002 -0.32600000000000001       2.19083417999999973E-003   6.1234729035696924
  2.51188643150957944E-002 -0.32200000000000001       2.26828694000000015E-003   6.0887303843643510
  2.51188643150957944E-002 -0.31800000000000000       2.35956610000000004E-003   6.0492775327803958
  2.51188643150957944E-002 -0.31400000000000000       2.44145600000000027E-003   6.0151606963329183
  2.51188643150957944E-002 -0.31000000000000000       2.53137509999999981E-003   5.9789926061084406
  2.51188643150957944E-002 -0.30599999999999999       2.60753954000000031E-003   5.9493482072541743
  2.51188643150957944E-002 -0.30199999999999999       2.68215188000000019E-003   5.9211358663449740
  2.51188643150957944E-002 -0.29799999999999999       2.75471949999999983E-003   5.8944396564427786
  2.51188643150957944E-002 -0.29399999999999998       2.84093574000000024E-003   5.8636217951620937
  2.51188643150957944E-002 -0.28999999999999998       2.91999963999999999E-003   5.8361717859896256
  2.51188643150957944E-002 -0.28599999999999998       3.00934740000000003E-003   5.8060320343594043
  2.51188643150957944E-002 -0.28199999999999997       3.09524432000000006E-003   5.7778884357350222
  2.51188643150957944E-002 -0.27800000000000002       3.19332237999999996E-003   5.7466934057359911
  2.51188643150957944E-002 -0.27400000000000002       3.26802175999999986E-003   5.7235704434998160
  2.51188643150957944E-002 -0.27000000000000002       3.35687727999999961E-003   5.6967441181016536
  2.51188643150957944E-002 -0.26600000000000001       3.44617264000000043E-003   5.6704910434661766
  2.51188643150957944E-002 -0.26200000000000001       3.53696436000000038E-003   5.6444864451454375
  2.51188643150957944E-002 -0.25800000000000001       3.62307256000000012E-003   5.6204328396683110
  2.51188643150957944E-002 -0.25400000000000000       3.71557243999999986E-003   5.5952225238538071
  2.51188643150957944E-002 -0.25000000000000000       3.81970993999999984E-003   5.5675807911838016
  2.51188643150957944E-002 -0.24600000000000000       3.88925222000000015E-003   5.5495383711930666
  2.51188643150957944E-002 -0.24199999999999999       3.98120594000000039E-003   5.5261705055810202
  2.51188643150957944E-002 -0.23799999999999999       4.10275284000000042E-003   5.4960971061861423
  2.51188643150957944E-002 -0.23400000000000001       4.20521265999999980E-003   5.4714304137087737
  2.51188643150957944E-002 -0.23000000000000001       4.28721015999999986E-003   5.4521190699413218
  2.51188643150957944E-002 -0.22600000000000001       4.39168533999999972E-003   5.4280422212394503
  2.51188643150957944E-002 -0.22200000000000000       4.49124219999999953E-003   5.4056259562483238
  2.51188643150957944E-002 -0.21800000000000000       4.57614375999999996E-003   5.3868986093141986
  2.51188643150957944E-002 -0.21400000000000000       4.67185056000000033E-003   5.3662000202691535
  2.51188643150957944E-002 -0.20999999999999999       4.75541668000000004E-003   5.3484709569607540
  2.51188643150957944E-002 -0.20599999999999999       4.82183822000000015E-003   5.3346000501800122
  2.51188643150957944E-002 -0.20200000000000001       4.90930492000000041E-003   5.3166229113516446
  2.51188643150957944E-002 -0.19800000000000001       5.03092833999999999E-003   5.2921507512635255
  2.51188643150957944E-002 -0.19400000000000001       5.14777311999999997E-003   5.2691910617035047
  2.51188643150957944E-002 -0.19000000000000000       5.26606526000000016E-003   5.2464718252768705
  2.51188643150957944E-002 -0.18600000000000000       5.37994309999999948E-003   5.2250774810725513
  2.51188643150957944E-002 -0.18200000000000000       5.46470462000000004E-003   5.2094452082196634
  2.51188643150957944E-002 -0.17799999999999999       5.54737919999999992E-003   5.1944296789691995
  2.51188643150957944E-002 -0.17399999999999999       5.64563532000000000E-003   5.1768725420977058
  2.51188643150957944E-002 -0.17000000000000001       5.74066284000000066E-003   5.1601805979657414
  2.51188643150957944E-002 -0.16600000000000001       5.82969429999999952E-003   5.1447907156720643
  2.51188643150957944E-002 -0.16200000000000001       5.90684875999999970E-003   5.1316427945060603
  2.51188643150957944E-002 -0.15800000000000000       5.98235428000000024E-003   5.1189410961883866
  2.51188643150957944E-002 -0.15400000000000000       6.05509906000000018E-003   5.1068545420778744
  2.51188643150957944E-002 -0.14999999999999999       6.13846667999999943E-003   5.0931802943942763
  2.51188643150957944E-002 -0.14599999999999999       6.21321652000000023E-003   5.0810765589987161
  2.51188643150957944E-002 -0.14199999999999999       6.28447123999999972E-003   5.0696735709484644
  2.51188643150957944E-002 -0.13800000000000001       6.35769520000000008E-003   5.0580893572463141
  2.51188643150957944E-002 -0.13400000000000001       6.43677289999999933E-003   5.0457279669441553
  2.51188643150957944E-002 -0.13000000000000000       6.50745162000000016E-003   5.0348073556218447
  2.51188643150957944E-002 -0.12600000000000000       6.58379432000000004E-003   5.0231440554634927
  2.51188643150957944E-002 -0.12200000000000000       6.66232610000000013E-003   5.0112865911441400
  2.51188643150957944E-002 -0.11799999999999999       6.72391740000000040E-003   5.0020843478657717
  2.51188643150957944E-002 -0.11400000000000000       6.81490555999999994E-003   4.9886430715965711
  2.51188643150957944E-002 -0.11000000000000000       6.89535659999999939E-003   4.9769070504375410
  2.51188643150957944E-002 -0.10600000000000000       6.96305117999999976E-003   4.9671375127686890
  2.51188643150957944E-002 -0.10199999999999999       7.02854729999999924E-003   4.9577752374719095
  2.51188643150957944E-002 -9.80000000000000038E-002  7.09060463999999953E-003   4.9489846613972812
  2.51188643150957944E-002 -9.40000000000000002E-002  7.14562973999999934E-003   4.9412543343253050
  2.51188643150957944E-002 -8.99999999999999967E-002  7.21038105999999984E-003   4.9322334774868688
  2.51188643150957944E-002 -8.59999999999999931E-002  7.25408127999999965E-003   4.9261910333317056
  2.51188643150957944E-002 -8.20000000000000034E-002  7.30212889999999962E-003   4.9195893432066082
  2.51188643150957944E-002 -7.79999999999999999E-002  7.33704232000000067E-003   4.9148194712418363
  2.51188643150957944E-002 -7.39999999999999963E-002  7.35420321999999925E-003   4.9124832625441543
  2.51188643150957944E-002 -7.00000000000000067E-002  7.39395291999999944E-003   4.9070927858128268
  2.51188643150957944E-002 -6.60000000000000031E-002  7.43576077999999994E-003   4.9014543801622077
  2.51188643150957944E-002 -6.19999999999999996E-002  7.48834575999999998E-003   4.8944073656592133
  2.51188643150957944E-002 -5.80000000000000029E-002  7.51193700000000065E-003   4.8912619236928121
  2.51188643150957944E-002 -5.39999999999999994E-002  7.54084321999999932E-003   4.8874212703238573
  2.51188643150957944E-002 -5.00000000000000028E-002  7.59415785999999985E-003   4.8803760299247960
  2.51188643150957944E-002 -4.59999999999999992E-002  7.61935636000000017E-003   4.8770633800427374
  2.51188643150957944E-002 -4.20000000000000026E-002  7.63658920000000012E-003   4.8748042152781972
  2.51188643150957944E-002 -3.79999999999999991E-002  7.63982242000000016E-003   4.8743809195293384
  2.51188643150957944E-002 -3.40000000000000024E-002  7.64740807999999932E-003   4.8733885016257048
  2.51188643150957944E-002 -2.99999999999999989E-002  7.66309200000000069E-003   4.8713397213240617
  2.51188643150957944E-002 -2.59999999999999988E-002  7.64436953999999939E-003   4.8737859099735763
  2.51188643150957944E-002 -2.19999999999999987E-002  7.65741131999999984E-003   4.8720813001275358
  2.51188643150957944E-002 -1.79999999999999986E-002  7.65943462000000068E-003   4.8718171073531629
  2.51188643150957944E-002 -1.40000000000000003E-002  7.65941026000000001E-003   4.8718202877496211
  2.51188643150957944E-002 -1.00000000000000002E-002  7.65270692000000023E-003   4.8726958479807028
  2.51188643150957944E-002 -6.00000000000000012E-003  7.67946943999999951E-003   4.8692048175422533
  2.51188643150957944E-002 -2.00000000000000004E-003  7.67014314000000023E-003   4.8704200014563810
  2.51188643150957944E-002  2.00000000000000004E-003  7.68327884000000010E-003   4.8687088906405496
  2.51188643150957944E-002  6.00000000000000012E-003  7.67046492000000076E-003   4.8703780500553950
  2.51188643150957944E-002  1.00000000000000002E-002  7.65686072000000030E-003   4.8721532069081910
  2.51188643150957944E-002  1.40000000000000003E-002  7.66178565999999991E-003   4.8715102075141825
  2.51188643150957944E-002  1.79999999999999986E-002  7.66780933999999977E-003   4.8707243184792759
  2.51188643150957944E-002  2.19999999999999987E-002  7.64440809999999971E-003   4.8737808657508257
  2.51188643150957944E-002  2.59999999999999988E-002  7.65369337999999982E-003   4.8725669528803479
  2.51188643150957944E-002  2.99999999999999989E-002  7.65937742000000026E-003   4.8718245752951743
  2.51188643150957944E-002  3.40000000000000024E-002  7.63763158000000004E-003   4.8746677264822535
  2.51188643150957944E-002  3.79999999999999991E-002  7.62847397999999975E-003   4.8758674563101945
  2.51188643150957944E-002  4.20000000000000026E-002  7.61860621999999911E-003   4.8771618367749507
  2.51188643150957944E-002  4.59999999999999992E-002  7.61220842000000057E-003   4.8780019494711535
  2.51188643150957944E-002  5.00000000000000028E-002  7.58202804000000005E-003   4.8819745636621761
  2.51188643150957944E-002  5.39999999999999994E-002  7.57330678000000049E-003   4.8831254799654147
  2.51188643150957944E-002  5.80000000000000029E-002  7.54365956000000067E-003   4.8870478619226922
  2.51188643150957944E-002  6.19999999999999996E-002  7.51707358000000027E-003   4.8905783683552650
  2.51188643150957944E-002  6.60000000000000031E-002  7.48511570000000032E-003   4.8948388036481818
  2.51188643150957944E-002  7.00000000000000067E-002  7.42354861999999956E-003   4.9030980854543982
  2.51188643150957944E-002  7.39999999999999963E-002  7.37293767999999943E-003   4.9099390524720308
  2.51188643150957944E-002  7.79999999999999999E-002  7.31715332000000031E-003   4.9175339173569022
  2.51188643150957944E-002  8.20000000000000034E-002  7.27193467999999975E-003   4.9237329045455409
  2.51188643150957944E-002  8.59999999999999931E-002  7.19786653999999939E-003   4.9339706107586512
  2.51188643150957944E-002  8.99999999999999967E-002  7.12007787999999978E-003   4.9448366154158272
  2.51188643150957944E-002  9.40000000000000002E-002  7.05530471999999981E-003   4.9539755025477428
  2.51188643150957944E-002  9.80000000000000038E-002  6.99710354000000062E-003   4.9622589955573906
  2.51188643150957944E-002  0.10199999999999999       6.92146256000000012E-003   4.9731281790832176
  2.51188643150957944E-002  0.10600000000000000       6.86994111999999959E-003   4.9805997433814042
  2.51188643150957944E-002  0.11000000000000000       6.82146187999999997E-003   4.9876814781906953
  2.51188643150957944E-002  0.11400000000000000       6.75548681999999998E-003   4.9974002420690500
  2.51188643150957944E-002  0.11799999999999999       6.69870478000000012E-003   5.0058410876911541
  2.51188643150957944E-002  0.12200000000000000       6.64035219999999961E-003   5.0145902747318063
  2.51188643150957944E-002  0.12600000000000000       6.59301380000000027E-003   5.0217447057240889
  2.51188643150957944E-002  0.13000000000000000       6.52026065999999991E-003   5.0328409253150879
  2.51188643150957944E-002  0.13400000000000001       6.46392385999999992E-003   5.0415187369168750
  2.51188643150957944E-002  0.13800000000000001       6.40071094000000014E-003   5.0513462104109230
  2.51188643150957944E-002  0.14199999999999999       6.32287495999999966E-003   5.0635812755242560
  2.51188643150957944E-002  0.14599999999999999       6.25532584000000006E-003   5.0743220436942220
  2.51188643150957944E-002  0.14999999999999999       6.16639357999999946E-003   5.0886411208708715
  2.51188643150957944E-002  0.15400000000000000       6.07065417999999926E-003   5.1042889070653965
  2.51188643150957944E-002  0.15800000000000000       6.00973039999999972E-003   5.1143753900102480
  2.51188643150957944E-002  0.16200000000000001       5.91160634000000018E-003   5.1308376841567407
  2.51188643150957944E-002  0.16600000000000001       5.82978493999999989E-003   5.1447751678078522
  2.51188643150957944E-002  0.17000000000000001       5.75213656000000007E-003   5.1581839175378406
  2.51188643150957944E-002  0.17399999999999999       5.68045767999999975E-003   5.1707234720304776
  2.51188643150957944E-002  0.17799999999999999       5.60266662000000019E-003   5.1845126124369143
  2.51188643150957944E-002  0.18200000000000000       5.51012769999999989E-003   5.2011674800423169
  2.51188643150957944E-002  0.18600000000000000       5.42412520000000020E-003   5.2168986460145712
  2.51188643150957944E-002  0.19000000000000000       5.31373344000000015E-003   5.2374605947393205
  2.51188643150957944E-002  0.19400000000000001       5.22553045999999983E-003   5.2541989628394425
  2.51188643150957944E-002  0.19800000000000001       5.13535899999999993E-003   5.2716055256792558
  2.51188643150957944E-002  0.20200000000000001       5.03669386000000011E-003   5.2910053923067117
  2.51188643150957944E-002  0.20599999999999999       4.93233644000000068E-003   5.3119424802726440
  2.51188643150957944E-002  0.20999999999999999       4.82426568000000021E-003   5.3340967464469387
  2.51188643150957944E-002  0.21400000000000000       4.73106738000000047E-003   5.3536044402024592
  2.51188643150957944E-002  0.21800000000000000       4.65483572000000012E-003   5.3698486599607067
  2.51188643150957944E-002  0.22200000000000000       4.57453501999999929E-003   5.3872502203925139
  2.51188643150957944E-002  0.22600000000000001       4.49398351999999966E-003   5.4050157723374284
  2.51188643150957944E-002  0.23000000000000001       4.39145999999999981E-003   5.4280935331536515
  2.51188643150957944E-002  0.23400000000000001       4.31495486000000022E-003   5.4456684156833877
  2.51188643150957944E-002  0.23799999999999999       4.23577820000000001E-003   5.4641882133315054
  2.51188643150957944E-002  0.24199999999999999       4.16148641999999989E-003   5.4818829560298745
  2.51188643150957944E-002  0.24600000000000000       4.08111492000000006E-003   5.5013850631901837
  2.51188643150957944E-002  0.25000000000000000       3.99911655999999997E-003   5.5216818022554079
  2.51188643150957944E-002  0.25400000000000000       3.91227590000000052E-003   5.5436360027115814
  2.51188643150957944E-002  0.25800000000000001       3.81375135999999964E-003   5.5691419653290666
  2.51188643150957944E-002  0.26200000000000001       3.72114193999999957E-003   5.5937246846854096
  2.51188643150957944E-002  0.26600000000000001       3.62248835999999996E-003   5.6205940970251165
  2.51188643150957944E-002  0.27000000000000002       3.54322236000000025E-003   5.6427186946955858
  2.51188643150957944E-002  0.27400000000000002       3.47374027999999965E-003   5.6625233750402986
  2.51188643150957944E-002  0.27800000000000002       3.38471619999999992E-003   5.6884852166053816
  2.51188643150957944E-002  0.28199999999999997       3.30542889999999989E-003   5.7121890410271794
  2.51188643150957944E-002  0.28599999999999998       3.19938614000000012E-003   5.7447963188284241
  2.51188643150957944E-002  0.28999999999999998       3.10825731999999971E-003   5.7736930571110774
  2.51188643150957944E-002  0.29399999999999998       3.02460060000000032E-003   5.8009762292743146
  2.51188643150957944E-002  0.29799999999999999       2.95534083999999999E-003   5.8241412912900064
  2.51188643150957944E-002  0.30199999999999999       2.87127433999999999E-003   5.8529993268527960
  2.51188643150957944E-002  0.30599999999999999       2.79178068000000010E-003   5.8810756501760562
  2.51188643150957944E-002  0.31000000000000000       2.71059578000000002E-003   5.9105868232344525
  2.51188643150957944E-002  0.31400000000000000       2.61981043999999974E-003   5.9446533149716405
  2.51188643150957944E-002  0.31800000000000000       2.55210065999999982E-003   5.9708384707038036
  2.51188643150957944E-002  0.32200000000000001       2.46604397999999978E-003   6.0051400398491399
  2.51188643150957944E-002  0.32600000000000001       2.37346324000000004E-003   6.0434051077692637
  2.51188643150957944E-002  0.33000000000000002       2.28781703999999999E-003   6.0801571736969242
  2.51188643150957944E-002  0.33400000000000002       2.20244438000000023E-003   6.1181874535942580
  2.51188643150957944E-002  0.33800000000000002       2.10652296000000006E-003   6.1627165770081156
  2.51188643150957944E-002  0.34200000000000003       2.02108407999999993E-003   6.2041212382592921
  2.51188643150957944E-002  0.34599999999999997       1.95035879999999997E-003   6.2397419233324056
  2.51188643150957944E-002  0.34999999999999998       1.87725398000000016E-003   6.2779452188640086
  2.51188643150957944E-002  0.35399999999999998       1.81746565999999984E-003   6.3103122428203768
  2.51188643150957944E-002  0.35799999999999998       1.75251507999999996E-003   6.3467033342423367
  2.51188643150957944E-002  0.36199999999999999       1.69047621999999999E-003   6.3827450027594015
  2.51188643150957944E-002  0.36599999999999999       1.61681294000000017E-003   6.4272983884432584
  2.51188643150957944E-002  0.37000000000000000       1.54369106000000001E-003   6.4735789380739375
  2.51188643150957944E-002  0.37400000000000000       1.48143771999999989E-003   6.5147422303088147
  2.51188643150957944E-002  0.37800000000000000       1.42462594000000004E-003   6.5538459979658317
  2.51188643150957944E-002  0.38200000000000001       1.36386942000000003E-003   6.5974294572814056
  2.51188643150957944E-002  0.38600000000000001       1.30532885999999995E-003   6.6413002699541472
  2.51188643150957944E-002  0.39000000000000001       1.24984056000000004E-003   6.6847392878033753
  2.51188643150957944E-002  0.39400000000000002       1.18060546000000005E-003   6.7417278704013119
  2.51188643150957944E-002  0.39800000000000002       1.12598895999999993E-003   6.7890935539308215
  2.51188643150957944E-002  0.40200000000000002       1.07191332000000010E-003   6.8383100778116832
  2.51188643150957944E-002  0.40600000000000003       1.01491758000000001E-003   6.8929478717558883
  2.51188643150957944E-002  0.40999999999999998       9.61580500000000027E-004   6.9469322730911101
  2.51188643150957944E-002  0.41399999999999998       9.04445040000000089E-004   7.0081890178274655
  2.51188643150957944E-002  0.41799999999999998       8.57011340000000022E-004   7.0620594072486718
  2.51188643150957944E-002  0.42199999999999999       8.13981659999999936E-004   7.1135727229280850
  2.51188643150957944E-002  0.42599999999999999       7.70894760000000049E-004   7.1679586917721263
  2.51188643150957944E-002  0.42999999999999999       7.28873180000000039E-004   7.2240108054238714
  2.51188643150957944E-002  0.43400000000000000       6.80996400000000038E-004   7.2919535381723470
  2.51188643150957944E-002  0.43800000000000000       6.44099860000000007E-004   7.3476567817690057
  2.51188643150957944E-002  0.44200000000000000       6.01211479999999967E-004   7.4165638051247171
  2.51188643150957944E-002  0.44600000000000001       5.62966479999999956E-004   7.4822904697853287
  2.51188643150957944E-002  0.45000000000000001       5.33582819999999978E-004   7.5358962602829749
  2.51188643150957944E-002  0.45400000000000001       5.03989879999999996E-004   7.5929543694595782
  2.51188643150957944E-002  0.45800000000000002       4.72893059999999978E-004   7.6566412838291917
  2.51188643150957944E-002  0.46200000000000002       4.45567660000000031E-004   7.7161614482866030
  2.51188643150957944E-002  0.46600000000000003       4.17201899999999947E-004   7.7819402806773654
  2.51188643150957944E-002  0.46999999999999997       3.86528040000000026E-004   7.8583061440560238
  2.51188643150957944E-002  0.47399999999999998       3.51408519999999976E-004   7.9535611366315555
  2.51188643150957944E-002  0.47799999999999998       3.15874540000000016E-004   8.0601654485292364
  2.51188643150957944E-002  0.48199999999999998       2.90422279999999998E-004   8.1441745561935122
  2.51188643150957944E-002  0.48599999999999999       2.71584340000000004E-004   8.2112378222630991
  2.51188643150957944E-002  0.48999999999999999       2.53931739999999962E-004   8.2784450672203249
  2.51188643150957944E-002  0.49399999999999999       2.36407120000000010E-004   8.3499551544425650
  2.51188643150957944E-002  0.49800000000000000       2.15801260000000021E-004   8.4411526664177110
  2.51188643150957944E-002  0.50200000000000000       1.97317600000000010E-004   8.5306959446566921
  2.51188643150957944E-002  0.50600000000000001       1.80247880000000005E-004   8.6211775433108233
  2.51188643150957944E-002  0.51000000000000001       1.64064599999999994E-004   8.7152503052602501
  2.51188643150957944E-002  0.51400000000000001       1.46725679999999995E-004   8.8269458370102534
  2.51188643150957944E-002  0.51800000000000002       1.32780740000000010E-004   8.9268113615603077
  2.51188643150957944E-002  0.52200000000000002       1.22572079999999997E-004   9.0068112928604336
  2.51188643150957944E-002  0.52600000000000002       1.08770119999999999E-004   9.1262738936137442
  2.51188643150957944E-002  0.53000000000000003       9.84431400000000022E-005   9.2260314353475366
  2.51188643150957944E-002  0.53400000000000003       9.14094399999999953E-005   9.3001618025617052
  2.51188643150957944E-002  0.53800000000000003       8.31041400000000056E-005   9.3954160378492357
  2.51188643150957944E-002  0.54200000000000004       7.51724199999999934E-005   9.4957261495988092
  2.51188643150957944E-002  0.54600000000000004       6.42444600000000087E-005   9.6528150635875267
  2.51188643150957944E-002  0.55000000000000004       5.55125199999999955E-005   9.7989019770669028
  2.51188643150957944E-002  0.55400000000000005       4.78414400000000018E-005   9.9476183484404554
  2.51188643150957944E-002  0.55800000000000005       4.34165399999999961E-005   10.044670083469574
  2.51188643150957944E-002  0.56200000000000006       3.90418399999999989E-005   10.150876666382478
  2.51188643150957944E-002  0.56599999999999995       3.46305399999999959E-005   10.270774606255406
  2.51188643150957944E-002  0.56999999999999995       3.00731999999999986E-005   10.411876148268702
  2.51188643150957944E-002  0.57399999999999995       2.66741400000000021E-005   10.531816001221198
  2.51188643150957944E-002  0.57799999999999996       2.27385999999999994E-005   10.691446637060425
  2.51188643150957944E-002  0.58199999999999996       2.01279600000000017E-005   10.813400664729617
  2.51188643150957944E-002  0.58599999999999997       1.87312599999999986E-005   10.885316772014379
  2.51188643150957944E-002  0.58999999999999997       1.54649599999999991E-005   11.076933738316200
  2.51188643150957944E-002  0.59399999999999997       1.30992400000000010E-005   11.242956344707295
  2.51188643150957944E-002  0.59799999999999998       1.09307199999999999E-005   11.423933384203412
  2.51188643150957944E-002  0.60199999999999998       9.46367999999999915E-006   11.568049244201344
  2.51188643150957944E-002  0.60599999999999998       7.43360000000000028E-006   11.809500294370322
  2.51188643150957944E-002  0.60999999999999999       5.34962000000000012E-006   12.138485027616353
  2.51188643150957944E-002  0.61399999999999999       4.13294000000000011E-006   12.396521539839839
  2.51188643150957944E-002  0.61799999999999999       3.75059999999999972E-006   12.493594730780590
  2.51188643150957944E-002  0.62200000000000000       3.48067999999999985E-006   12.568282880967583
  2.51188643150957944E-002  0.62600000000000000       2.50021999999999992E-006   12.899131829961892
  2.51188643150957944E-002  0.63000000000000000       1.95549999999999974E-006   13.144864642750843
  2.51188643150957944E-002  0.63400000000000001       1.73249999999999993E-006   13.265945105882352
  2.51188643150957944E-002  0.63800000000000001       1.13337999999999990E-006   13.690306239387407
  2.51188643150957944E-002  0.64200000000000002       9.87059999999999999E-007   13.828535009087027
  2.51188643150957944E-002  0.64600000000000002       5.19480000000000043E-007   14.470437525704522
  2.51188643150957944E-002  0.65000000000000002       4.55959999999999962E-007   14.600860750577834
  2.51188643150957944E-002  0.65400000000000003       4.93140000000000034E-007   14.522472727557947
  2.51188643150957944E-002  0.65800000000000003       3.87320000000000003E-007   14.764014612203081
  2.51188643150957944E-002  0.66200000000000003       2.78040000000000020E-007   15.095500848714126
  2.51188643150957944E-002  0.66600000000000004       1.26080000000000001E-007   15.886349210836842
  2.51188643150957944E-002  0.67000000000000004       1.21959999999999988E-007   15.919572714826357
  2.51188643150957944E-002  0.67400000000000004       1.52340000000000000E-007   15.697150972001769
  2.51188643150957944E-002  0.67800000000000005       2.26919999999999996E-007   15.298668304488045
  2.51188643150957944E-002  0.68200000000000005       1.64160000000000009E-007   15.622424274964006
  2.51188643150957944E-002  0.68600000000000005       7.63600000000000035E-008   16.387806838088864
  2.51188643150957944E-002  0.68999999999999995       1.31800000000000012E-008   18.144565307872050
  2.51188643150957944E-002  0.69399999999999995        0.0000000000000000                      +Infinity
  2.51188643150957944E-002  0.69799999999999995        0.0000000000000000                      +Infinity
  2.51188643150957944E-002  0.70199999999999996        0.0000000000000000                      +Infinity
  2.51188643150957944E-002  0.70599999999999996        0.0000000000000000                      +Infinity
  2.51188643150957944E-002  0.70999999999999996        0.0000000000000000                      +Infinity
  2.51188643150957944E-002  0.71399999999999997        0.0000000000000000                      +Infinity
  2.51188643150957944E-002  0.71799999999999997        0.0000000000000000                      +Infinity
  2.51188643150957944E-002  0.72199999999999998        0.0000000000000000                      +Infinity
  2.51188643150957944E-002  0.72599999999999998        0.0000000000000000                      +Infinity
  2.51188643150957944E-002  0.72999999999999998        0.0000000000000000                      +Infinity
  2.51188643150957944E-002  0.73399999999999999        0.0000000000000000                      +Infinity
  2.51188643150957944E-002  0.73799999999999999        0.0000000000000000                      +Infinity
  2.51188643150957944E-002  0.74199999999999999        0.0000000000000000                      +Infinity
  2.51188643150957944E-002  0.74600000000000000        0.0000000000000000                      +Infinity
  2.51188643150957944E-002  0.75000000000000000        0.0000000000000000                      +Infinity
  2.51188643150957944E-002  0.75400000000000000        0.0000000000000000                      +Infinity
  2.51188643150957944E-002  0.75800000000000001        0.0000000000000000                      +Infinity
  2.51188643150957944E-002  0.76200000000000001        0.0000000000000000                      +Infinity
  2.51188643150957944E-002  0.76600000000000001        0.0000000000000000                      +Infinity
  2.51188643150957944E-002  0.77000000000000002        0.0000000000000000                      +Infinity
  2.51188643150957944E-002  0.77400000000000002        0.0000000000000000                      +Infinity
  2.51188643150957944E-002  0.77800000000000002        0.0000000000000000                      +Infinity
  2.51188643150957944E-002  0.78200000000000003        0.0000000000000000                      +Infinity
  2.51188643150957944E-002  0.78600000000000003        0.0000000000000000                      +Infinity
  2.51188643150957944E-002  0.79000000000000004        0.0000000000000000                      +Infinity
  2.51188643150957944E-002  0.79400000000000004        0.0000000000000000                      +Infinity
  2.51188643150957944E-002  0.79800000000000004        0.0000000000000000                      +Infinity
  2.51188643150957944E-002  0.80200000000000005        0.0000000000000000                      +Infinity
  2.51188643150957944E-002  0.80600000000000005        0.0000000000000000                      +Infinity
  2.51188643150957944E-002  0.81000000000000005        0.0000000000000000                      +Infinity
  2.51188643150957944E-002  0.81399999999999995        0.0000000000000000                      +Infinity
  2.51188643150957944E-002  0.81799999999999995        0.0000000000000000                      +Infinity
  2.51188643150957944E-002  0.82199999999999995        0.0000000000000000                      +Infinity
  2.51188643150957944E-002  0.82599999999999996        0.0000000000000000                      +Infinity
  2.51188643150957944E-002  0.82999999999999996        0.0000000000000000                      +Infinity
  2.51188643150957944E-002  0.83399999999999996        0.0000000000000000                      +Infinity
  2.51188643150957944E-002  0.83799999999999997        0.0000000000000000                      +Infinity
  2.51188643150957944E-002  0.84199999999999997        0.0000000000000000                      +Infinity
  2.51188643150957944E-002  0.84599999999999997        0.0000000000000000                      +Infinity
  2.51188643150957944E-002  0.84999999999999998        0.0000000000000000                      +Infinity
  2.51188643150957944E-002  0.85399999999999998        0.0000000000000000                      +Infinity
  2.51188643150957944E-002  0.85799999999999998        0.0000000000000000                      +Infinity
  2.51188643150957944E-002  0.86199999999999999        0.0000000000000000                      +Infinity
  2.51188643150957944E-002  0.86599999999999999        0.0000000000000000                      +Infinity
  2.51188643150957944E-002  0.87000000000000000        0.0000000000000000                      +Infinity
  2.51188643150957944E-002  0.87400000000000000        0.0000000000000000                      +Infinity
  2.51188643150957944E-002  0.87800000000000000        0.0000000000000000                      +Infinity
  2.51188643150957944E-002  0.88200000000000001        0.0000000000000000                      +Infinity
  2.51188643150957944E-002  0.88600000000000001        0.0000000000000000                      +Infinity
  2.51188643150957944E-002  0.89000000000000001        0.0000000000000000                      +Infinity
  2.51188643150957944E-002  0.89400000000000002        0.0000000000000000                      +Infinity
  2.51188643150957944E-002  0.89800000000000002        0.0000000000000000                      +Infinity
  2.51188643150957944E-002  0.90200000000000002        0.0000000000000000                      +Infinity
  2.51188643150957944E-002  0.90600000000000003        0.0000000000000000                      +Infinity
  2.51188643150957944E-002  0.91000000000000003        0.0000000000000000                      +Infinity
  2.51188643150957944E-002  0.91400000000000003        0.0000000000000000                      +Infinity
  2.51188643150957944E-002  0.91800000000000004        0.0000000000000000                      +Infinity
  2.51188643150957944E-002  0.92200000000000004        0.0000000000000000                      +Infinity
  2.51188643150957944E-002  0.92600000000000005        0.0000000000000000                      +Infinity
  2.51188643150957944E-002  0.93000000000000005        0.0000000000000000                      +Infinity
  2.51188643150957944E-002  0.93400000000000005        0.0000000000000000                      +Infinity
  2.51188643150957944E-002  0.93799999999999994        0.0000000000000000                      +Infinity
  2.51188643150957944E-002  0.94199999999999995        0.0000000000000000                      +Infinity
  2.51188643150957944E-002  0.94599999999999995        0.0000000000000000                      +Infinity
  2.51188643150957944E-002  0.94999999999999996        0.0000000000000000                      +Infinity
  2.51188643150957944E-002  0.95399999999999996        0.0000000000000000                      +Infinity
  2.51188643150957944E-002  0.95799999999999996        0.0000000000000000                      +Infinity
  2.51188643150957944E-002  0.96199999999999997        0.0000000000000000                      +Infinity
  2.51188643150957944E-002  0.96599999999999997        0.0000000000000000                      +Infinity
  2.51188643150957944E-002  0.96999999999999997        0.0000000000000000                      +Infinity
  2.51188643150957944E-002  0.97399999999999998        0.0000000000000000                      +Infinity
  2.51188643150957944E-002  0.97799999999999998        0.0000000000000000                      +Infinity
  2.51188643150957944E-002  0.98199999999999998        0.0000000000000000                      +Infinity
  2.51188643150957944E-002  0.98599999999999999        0.0000000000000000                      +Infinity
  2.51188643150957944E-002  0.98999999999999999        0.0000000000000000                      +Infinity
  2.51188643150957944E-002  0.99399999999999999        0.0000000000000000                      +Infinity
  2.51188643150957944E-002  0.99800000000000000        0.0000000000000000                      +Infinity
