  1.41253754462275401E-002 -0.99800000000000000        0.0000000000000000                      +Infinity
  1.41253754462275401E-002 -0.99399999999999999        0.0000000000000000                      +Infinity
  1.41253754462275401E-002 -0.98999999999999999        0.0000000000000000                      +Infinity
  1.41253754462275401E-002 -0.98599999999999999        0.0000000000000000                      +Infinity
  1.41253754462275401E-002 -0.98199999999999998        0.0000000000000000                      +Infinity
  1.41253754462275401E-002 -0.97799999999999998        0.0000000000000000                      +Infinity
  1.41253754462275401E-002 -0.97399999999999998        0.0000000000000000                      +Infinity
  1.41253754462275401E-002 -0.96999999999999997        0.0000000000000000                      +Infinity
  1.41253754462275401E-002 -0.96599999999999997        0.0000000000000000                      +Infinity
  1.41253754462275401E-002 -0.96199999999999997        0.0000000000000000                      +Infinity
  1.41253754462275401E-002 -0.95799999999999996        0.0000000000000000                      +Infinity
  1.41253754462275401E-002 -0.95399999999999996        0.0000000000000000                      +Infinity
  1.41253754462275401E-002 -0.94999999999999996        0.0000000000000000                      +Infinity
  1.41253754462275401E-002 -0.94599999999999995        0.0000000000000000                      +Infinity
  1.41253754462275401E-002 -0.94199999999999995        0.0000000000000000                      +Infinity
  1.41253754462275401E-002 -0.93799999999999994        0.0000000000000000                      +Infinity
  1.41253754462275401E-002 -0.93400000000000005        0.0000000000000000                      +Infinity
  1.41253754462275401E-002 -0.93000000000000005        0.0000000000000000                      +Infinity
  1.41253754462275401E-002 -0.92600000000000005        0.0000000000000000                      +Infinity
  1.41253754462275401E-002 -0.92200000000000004        0.0000000000000000                      +Infinity
  1.41253754462275401E-002 -0.91800000000000004        0.0000000000000000                      +Infinity
  1.41253754462275401E-002 -0.91400000000000003        0.0000000000000000                      +Infinity
  1.41253754462275401E-002 -0.91000000000000003        0.0000000000000000                      +Infinity
  1.41253754462275401E-002 -0.90600000000000003        0.0000000000000000                      +Infinity
  1.41253754462275401E-002 -0.90200000000000002        0.0000000000000000                      +Infinity
  1.41253754462275401E-002 -0.89800000000000002        0.0000000000000000                      +Infinity
  1.41253754462275401E-002 -0.89400000000000002        0.0000000000000000                      +Infinity
  1.41253754462275401E-002 -0.89000000000000001        0.0000000000000000                      +Infinity
  1.41253754462275401E-002 -0.88600000000000001        0.0000000000000000                      +Infinity
  1.41253754462275401E-002 -0.88200000000000001        0.0000000000000000                      +Infinity
  1.41253754462275401E-002 -0.87800000000000000        0.0000000000000000                      +Infinity
  1.41253754462275401E-002 -0.87400000000000000        0.0000000000000000                      +Infinity
  1.41253754462275401E-002 -0.87000000000000000        0.0000000000000000                      +Infinity
  1.41253754462275401E-002 -0.86599999999999999        0.0000000000000000                      +Infinity
  1.41253754462275401E-002 -0.86199999999999999        0.0000000000000000                      +Infinity
  1.41253754462275401E-002 -0.85799999999999998        0.0000000000000000                      +Infinity
  1.41253754462275401E-002 -0.85399999999999998        0.0000000000000000                      +Infinity
  1.41253754462275401E-002 -0.84999999999999998        0.0000000000000000                      +Infinity
  1.41253754462275401E-002 -0.84599999999999997        0.0000000000000000                      +Infinity
  1.41253754462275401E-002 -0.84199999999999997        0.0000000000000000                      +Infinity
  1.41253754462275401E-002 -0.83799999999999997        0.0000000000000000                      +Infinity
  1.41253754462275401E-002 -0.83399999999999996        0.0000000000000000                      +Infinity
  1.41253754462275401E-002 -0.82999999999999996        0.0000000000000000                      +Infinity
  1.41253754462275401E-002 -0.82599999999999996        0.0000000000000000                      +Infinity
  1.41253754462275401E-002 -0.82199999999999995        0.0000000000000000                      +Infinity
  1.41253754462275401E-002 -0.81799999999999995        0.0000000000000000                      +Infinity
  1.41253754462275401E-002 -0.81399999999999995        0.0000000000000000                      +Infinity
  1.41253754462275401E-002 -0.81000000000000005        0.0000000000000000                      +Infinity
  1.41253754462275401E-002 -0.80600000000000005        0.0000000000000000                      +Infinity
  1.41253754462275401E-002 -0.80200000000000005        0.0000000000000000                      +Infinity
  1.41253754462275401E-002 -0.79800000000000004        0.0000000000000000                      +Infinity
  1.41253754462275401E-002 -0.79400000000000004        0.0000000000000000                      +Infinity
  1.41253754462275401E-002 -0.79000000000000004        0.0000000000000000                      +Infinity
  1.41253754462275401E-002 -0.78600000000000003        0.0000000000000000                      +Infinity
  1.41253754462275401E-002 -0.78200000000000003        0.0000000000000000                      +Infinity
  1.41253754462275401E-002 -0.77800000000000002        0.0000000000000000                      +Infinity
  1.41253754462275401E-002 -0.77400000000000002        0.0000000000000000                      +Infinity
  1.41253754462275401E-002 -0.77000000000000002        0.0000000000000000                      +Infinity
  1.41253754462275401E-002 -0.76600000000000001        0.0000000000000000                      +Infinity
  1.41253754462275401E-002 -0.76200000000000001       2.38799999999999994E-008   17.550224548422008
  1.41253754462275401E-002 -0.75800000000000001       1.31080000000000006E-007   15.847458013115798
  1.41253754462275401E-002 -0.75400000000000000       2.33519999999999989E-007   15.269998110400552
  1.41253754462275401E-002 -0.75000000000000000       3.01679999999999986E-007   15.013898983996310
  1.41253754462275401E-002 -0.74600000000000000       3.98960000000000020E-007   14.734404675708545
  1.41253754462275401E-002 -0.74199999999999999       4.77840000000000049E-007   14.553989888522361
  1.41253754462275401E-002 -0.73799999999999999       6.57999999999999989E-007   14.234060905621094
  1.41253754462275401E-002 -0.73399999999999999       7.25760000000000061E-007   14.136046455287133
  1.41253754462275401E-002 -0.72999999999999998       1.06996000000000009E-006   13.747889293366798
  1.41253754462275401E-002 -0.72599999999999998       1.33088000000000012E-006   13.529670180391864
  1.41253754462275401E-002 -0.72199999999999998       1.77934000000000010E-006   13.239268048935452
  1.41253754462275401E-002 -0.71799999999999997       2.33280000000000035E-006   12.968441295132072
  1.41253754462275401E-002 -0.71399999999999997       3.52150000000000050E-006   12.556623522760946
  1.41253754462275401E-002 -0.70999999999999996       4.74998000000000056E-006   12.257370150452903
  1.41253754462275401E-002 -0.70599999999999996       5.32661999999999966E-006   12.142793667283822
  1.41253754462275401E-002 -0.70199999999999996       7.30739999999999970E-006   11.826623024625292
  1.41253754462275401E-002 -0.69799999999999995       8.63928000000000074E-006   11.659191311954059
  1.41253754462275401E-002 -0.69399999999999995       9.74723999999999987E-006   11.538526389951430
  1.41253754462275401E-002 -0.68999999999999995       1.09146999999999990E-005   11.425400053452320
  1.41253754462275401E-002 -0.68600000000000005       1.29567999999999993E-005   11.253889811108570
  1.41253754462275401E-002 -0.68200000000000005       1.50555000000000001E-005   11.103767185024447
  1.41253754462275401E-002 -0.67800000000000005       1.76834799999999996E-005   10.942879687544583
  1.41253754462275401E-002 -0.67400000000000004       2.20510399999999989E-005   10.722150791650797
  1.41253754462275401E-002 -0.67000000000000004       2.70507800000000006E-005   10.517794717597685
  1.41253754462275401E-002 -0.66600000000000004       3.37729800000000020E-005   10.295849483456518
  1.41253754462275401E-002 -0.66200000000000003       4.04559200000000014E-005   10.115297571645538
  1.41253754462275401E-002 -0.65800000000000003       4.60188399999999966E-005   9.9864596801067282
  1.41253754462275401E-002 -0.65400000000000003       5.32726000000000022E-005   9.8400884302669844
  1.41253754462275401E-002 -0.65000000000000002       6.29768400000000060E-005   9.6727435182088080
  1.41253754462275401E-002 -0.64600000000000002       7.24054600000000005E-005   9.5332288470514825
  1.41253754462275401E-002 -0.64200000000000002       8.23300999999999997E-005   9.4047737820306025
  1.41253754462275401E-002 -0.63800000000000001       9.47960600000000093E-005   9.2637827107484227
  1.41253754462275401E-002 -0.63400000000000001       1.11205519999999986E-004   9.1041305370920611
  1.41253754462275401E-002 -0.63000000000000000       1.27006000000000010E-004   8.9712762285271612
  1.41253754462275401E-002 -0.62600000000000000       1.41767719999999996E-004   8.8613206143510226
  1.41253754462275401E-002 -0.62200000000000000       1.62418060000000007E-004   8.7253369295231735
  1.41253754462275401E-002 -0.61799999999999999       1.80642100000000017E-004   8.6189928322983427
  1.41253754462275401E-002 -0.61399999999999999       1.98909720000000012E-004   8.5226595045201066
  1.41253754462275401E-002 -0.60999999999999999       2.18596559999999977E-004   8.4282827188506886
  1.41253754462275401E-002 -0.60599999999999998       2.40158400000000028E-004   8.3342118523264990
  1.41253754462275401E-002 -0.60199999999999998       2.67863779999999994E-004   8.2250319902553954
  1.41253754462275401E-002 -0.59799999999999998       2.97906000000000017E-004   8.1187325574609552
  1.41253754462275401E-002 -0.59399999999999997       3.16856459999999968E-004   8.0570616942062774
  1.41253754462275401E-002 -0.58999999999999997       3.45657160000000039E-004   7.9700631411918552
  1.41253754462275401E-002 -0.58599999999999997       3.77930300000000002E-004   7.8808007708812866
  1.41253754462275401E-002 -0.58199999999999996       4.10401899999999998E-004   7.7983736344888017
  1.41253754462275401E-002 -0.57799999999999996       4.36398400000000033E-004   7.7369549703732163
  1.41253754462275401E-002 -0.57399999999999995       4.80709519999999990E-004   7.6402473788086240
  1.41253754462275401E-002 -0.56999999999999995       5.16769060000000016E-004   7.5679144757091201
  1.41253754462275401E-002 -0.56599999999999995       5.55371579999999992E-004   7.4958731547285122
  1.41253754462275401E-002 -0.56200000000000006       5.97609640000000076E-004   7.4225727930843401
  1.41253754462275401E-002 -0.55800000000000005       6.39127999999999983E-004   7.3554058106576621
  1.41253754462275401E-002 -0.55400000000000005       6.71831220000000001E-004   7.3055034097015445
  1.41253754462275401E-002 -0.55000000000000004       7.17526119999999969E-004   7.2397012068119295
  1.41253754462275401E-002 -0.54600000000000004       7.69294860000000044E-004   7.1700362289203801
  1.41253754462275401E-002 -0.54200000000000004       8.19659499999999988E-004   7.1066215478460375
  1.41253754462275401E-002 -0.53800000000000003       8.70714320000000102E-004   7.0461966257276778
  1.41253754462275401E-002 -0.53400000000000003       9.13035460000000089E-004   6.9987358391311867
  1.41253754462275401E-002 -0.53000000000000003       9.70501440000000001E-004   6.9376976715850578
  1.41253754462275401E-002 -0.52600000000000002       1.02746553999999999E-003   6.8806601498691817
  1.41253754462275401E-002 -0.52200000000000002       1.08359404000000006E-003   6.8274719479530299
  1.41253754462275401E-002 -0.51800000000000002       1.14614562000000001E-003   6.7713506006992246
  1.41253754462275401E-002 -0.51400000000000001       1.19671094000000006E-003   6.7281783686199548
  1.41253754462275401E-002 -0.51000000000000001       1.24475917999999994E-003   6.6888131974942828
  1.41253754462275401E-002 -0.50600000000000001       1.29844453999999995E-003   6.6465882385937816
  1.41253754462275401E-002 -0.50200000000000000       1.35193291999999993E-003   6.6062199179768637
  1.41253754462275401E-002 -0.49800000000000000       1.40316113999999987E-003   6.5690276305724824
  1.41253754462275401E-002 -0.49399999999999999       1.44635914000000002E-003   6.5387058181722875
  1.41253754462275401E-002 -0.48999999999999999       1.48866651999999991E-003   6.5098745127544531
  1.41253754462275401E-002 -0.48599999999999999       1.54061455999999998E-003   6.4755738772267675
  1.41253754462275401E-002 -0.48199999999999998       1.58985520000000011E-003   6.4441123360794368
  1.41253754462275401E-002 -0.47799999999999998       1.63530253999999995E-003   6.4159274519953122
  1.41253754462275401E-002 -0.47399999999999998       1.67180362000000004E-003   6.3938522233707813
  1.41253754462275401E-002 -0.46999999999999997       1.73880131999999991E-003   6.3545592997056879
  1.41253754462275401E-002 -0.46600000000000003       1.80252668000000014E-003   6.3185658872503581
  1.41253754462275401E-002 -0.46200000000000002       1.84996662000000010E-003   6.2925876832979277
  1.41253754462275401E-002 -0.45800000000000002       1.89024600000000016E-003   6.2710482996503396
  1.41253754462275401E-002 -0.45400000000000001       1.95232133999999986E-003   6.2387361836381308
  1.41253754462275401E-002 -0.45000000000000001       2.00570575999999999E-003   6.2117592801610702
  1.41253754462275401E-002 -0.44600000000000001       2.05464306000000029E-003   6.1876531395510472
  1.41253754462275401E-002 -0.44200000000000000       2.09891174000000026E-003   6.1663362876222765
  1.41253754462275401E-002 -0.43800000000000000       2.17512803999999997E-003   6.1306677472086823
  1.41253754462275401E-002 -0.43400000000000000       2.23746091999999994E-003   6.1024135738895824
  1.41253754462275401E-002 -0.42999999999999999       2.28630445999999975E-003   6.0808185378758752
  1.41253754462275401E-002 -0.42599999999999999       2.32344368000000001E-003   6.0647048490271862
  1.41253754462275401E-002 -0.42199999999999999       2.39597534000000022E-003   6.0339648909354882
  1.41253754462275401E-002 -0.41799999999999998       2.43904899999999999E-003   6.0161470697492572
  1.41253754462275401E-002 -0.41399999999999998       2.48685766000000027E-003   5.9967353494135720
  1.41253754462275401E-002 -0.40999999999999998       2.54940424000000025E-003   5.9718955784804120
  1.41253754462275401E-002 -0.40600000000000003       2.60874687999999985E-003   5.9488852955486626
  1.41253754462275401E-002 -0.40200000000000002       2.66622052000000005E-003   5.9270933449674539
  1.41253754462275401E-002 -0.39800000000000002       2.71763682000000003E-003   5.9079925924902250
  1.41253754462275401E-002 -0.39400000000000002       2.77910954000000010E-003   5.8856247119421070
  1.41253754462275401E-002 -0.39000000000000001       2.82337881999999984E-003   5.8698209481361348
  1.41253754462275401E-002 -0.38600000000000001       2.87634147999999996E-003   5.8512361118184337
  1.41253754462275401E-002 -0.38200000000000001       2.92497995999999993E-003   5.8344676496038383
  1.41253754462275401E-002 -0.37800000000000000       2.98133914000000026E-003   5.8153827035649810
  1.41253754462275401E-002 -0.37400000000000000       3.02759568000000000E-003   5.7999864794030502
  1.41253754462275401E-002 -0.37000000000000000       3.08929546000000005E-003   5.7798122205424027
  1.41253754462275401E-002 -0.36599999999999999       3.13821517999999990E-003   5.7641010546832021
  1.41253754462275401E-002 -0.36199999999999999       3.18842638000000006E-003   5.7482277817024174
  1.41253754462275401E-002 -0.35799999999999998       3.23578952000000029E-003   5.7334823251645846
  1.41253754462275401E-002 -0.35399999999999998       3.29031480000000019E-003   5.7167720348916902
  1.41253754462275401E-002 -0.34999999999999998       3.32736807999999993E-003   5.7055736538603199
  1.41253754462275401E-002 -0.34599999999999997       3.35805072000000017E-003   5.6963946162121477
  1.41253754462275401E-002 -0.34200000000000003       3.38489333999999987E-003   5.6884328827155182
  1.41253754462275401E-002 -0.33800000000000002       3.43290896000000021E-003   5.6743472839377409
  1.41253754462275401E-002 -0.33400000000000002       3.48571067999999982E-003   5.6590833301650587
  1.41253754462275401E-002 -0.33000000000000002       3.51760522000000003E-003   5.6499748561324346
  1.41253754462275401E-002 -0.32600000000000001       3.55144587999999982E-003   5.6404004682740831
  1.41253754462275401E-002 -0.32200000000000001       3.58885149999999984E-003   5.6299230441006696
  1.41253754462275401E-002 -0.31800000000000000       3.62789506000000010E-003   5.6191026721751474
  1.41253754462275401E-002 -0.31400000000000000       3.64905687999999987E-003   5.6132865338170328
  1.41253754462275401E-002 -0.31000000000000000       3.69740516000000019E-003   5.6001240134716337
  1.41253754462275401E-002 -0.30599999999999999       3.72505311999999983E-003   5.5926741668496085
  1.41253754462275401E-002 -0.30199999999999999       3.75534206000000025E-003   5.5845759033742821
  1.41253754462275401E-002 -0.29799999999999999       3.80256464000000008E-003   5.5720795346327758
  1.41253754462275401E-002 -0.29399999999999998       3.83568189999999995E-003   5.5634080503212004
  1.41253754462275401E-002 -0.28999999999999998       3.89094229999999977E-003   5.5491039141824512
  1.41253754462275401E-002 -0.28599999999999998       3.92692223999999927E-003   5.5398993049574097
  1.41253754462275401E-002 -0.28199999999999997       3.98854332000000023E-003   5.5243291974460478
  1.41253754462275401E-002 -0.27800000000000002       4.02023242000000038E-003   5.5164155621020852
  1.41253754462275401E-002 -0.27400000000000002       4.05651381999999963E-003   5.5074313392571073
  1.41253754462275401E-002 -0.27000000000000002       4.10574635999999982E-003   5.4953677353085260
  1.41253754462275401E-002 -0.26600000000000001       4.13503402000000003E-003   5.4882597232126367
  1.41253754462275401E-002 -0.26200000000000001       4.17006752000000005E-003   5.4798230514559911
  1.41253754462275401E-002 -0.25800000000000001       4.19506128000000054E-003   5.4738473313031539
  1.41253754462275401E-002 -0.25400000000000000       4.22568371999999977E-003   5.4665742040466769
  1.41253754462275401E-002 -0.25000000000000000       4.27466372000000032E-003   5.4550498416757343
  1.41253754462275401E-002 -0.24600000000000000       4.30212739999999948E-003   5.4486456344421272
  1.41253754462275401E-002 -0.24199999999999999       4.32867702000000031E-003   5.4424933217602511
  1.41253754462275401E-002 -0.23799999999999999       4.33545048000000006E-003   5.4409297571936071
  1.41253754462275401E-002 -0.23400000000000001       4.35795800000000032E-003   5.4357516799545200
  1.41253754462275401E-002 -0.23000000000000001       4.40370836000000040E-003   5.4253082839311633
  1.41253754462275401E-002 -0.22600000000000001       4.43708918000000011E-003   5.4177567076212467
  1.41253754462275401E-002 -0.22200000000000000       4.45771468000000053E-003   5.4131190478611888
  1.41253754462275401E-002 -0.21800000000000000       4.48553459999999956E-003   5.4068975932503998
  1.41253754462275401E-002 -0.21400000000000000       4.49970645999999991E-003   5.4037431154446152
  1.41253754462275401E-002 -0.20999999999999999       4.52290668000000003E-003   5.3986004210229597
  1.41253754462275401E-002 -0.20599999999999999       4.53577682000000024E-003   5.3957589157071766
  1.41253754462275401E-002 -0.20200000000000001       4.54625029999999961E-003   5.3934524956746257
  1.41253754462275401E-002 -0.19800000000000001       4.53801107999999946E-003   5.3952664510232369
  1.41253754462275401E-002 -0.19400000000000001       4.57293848000000017E-003   5.3875992872722840
  1.41253754462275401E-002 -0.19000000000000000       4.58211359999999984E-003   5.3855949025912091
  1.41253754462275401E-002 -0.18600000000000000       4.61661471999999951E-003   5.3780935870657629
  1.41253754462275401E-002 -0.18200000000000000       4.62458574000000015E-003   5.3763684817590862
  1.41253754462275401E-002 -0.17799999999999999       4.62634779999999968E-003   5.3759875342549908
  1.41253754462275401E-002 -0.17399999999999999       4.64142718000000020E-003   5.3727333781410351
  1.41253754462275401E-002 -0.17000000000000001       4.68337221999999987E-003   5.3637368687021167
  1.41253754462275401E-002 -0.16600000000000001       4.71737401999999979E-003   5.3565029859006188
  1.41253754462275401E-002 -0.16200000000000001       4.73370851999999932E-003   5.3530463413955864
  1.41253754462275401E-002 -0.15800000000000000       4.74784495999999983E-003   5.3500644565168081
  1.41253754462275401E-002 -0.15400000000000000       4.76445002000000072E-003   5.3465731693139569
  1.41253754462275401E-002 -0.14999999999999999       4.76116030000000006E-003   5.3472638799393710
  1.41253754462275401E-002 -0.14599999999999999       4.78449645999999996E-003   5.3423744926344563
  1.41253754462275401E-002 -0.14199999999999999       4.82166350000000007E-003   5.3346362859800553
  1.41253754462275401E-002 -0.13800000000000001       4.86646182000000007E-003   5.3253881316026614
  1.41253754462275401E-002 -0.13400000000000001       4.88476965999999971E-003   5.3216331471067821
  1.41253754462275401E-002 -0.13000000000000000       4.88741425999999948E-003   5.3210918965355258
  1.41253754462275401E-002 -0.12600000000000000       4.87673824000000016E-003   5.3232786760341861
  1.41253754462275401E-002 -0.12200000000000000       4.91316951999999987E-003   5.3158360220147429
  1.41253754462275401E-002 -0.11799999999999999       4.94948229999999951E-003   5.3084722937296061
  1.41253754462275401E-002 -0.11400000000000000       4.96031424000000030E-003   5.3062861854134242
  1.41253754462275401E-002 -0.11000000000000000       4.96542898000000045E-003   5.3052555844116958
  1.41253754462275401E-002 -0.10600000000000000       4.98487468000000013E-003   5.3013470153025910
  1.41253754462275401E-002 -0.10199999999999999       4.99732726000000002E-003   5.2988520574697535
  1.41253754462275401E-002 -9.80000000000000038E-002  5.01998370000000024E-003   5.2943285922957228
  1.41253754462275401E-002 -9.40000000000000002E-002  5.00034697999999968E-003   5.2982479729558278
  1.41253754462275401E-002 -8.99999999999999967E-002  5.01181853999999993E-003   5.2959564477114771
  1.41253754462275401E-002 -8.59999999999999931E-002  5.01850878000000000E-003   5.2946224451851984
  1.41253754462275401E-002 -8.20000000000000034E-002  5.01697516000000013E-003   5.2949280846583138
  1.41253754462275401E-002 -7.79999999999999999E-002  5.02789447999999958E-003   5.2927539749500916
  1.41253754462275401E-002 -7.39999999999999963E-002  5.02489636000000035E-003   5.2933504501253150
  1.41253754462275401E-002 -7.00000000000000067E-002  5.03247019999999989E-003   5.2918443219780436
  1.41253754462275401E-002 -6.60000000000000031E-002  5.05633643999999979E-003   5.2871130816299301
  1.41253754462275401E-002 -6.19999999999999996E-002  5.05310568000000033E-003   5.2877522385827351
  1.41253754462275401E-002 -5.80000000000000029E-002  5.04747994000000026E-003   5.2888661820298548
  1.41253754462275401E-002 -5.39999999999999994E-002  5.05975672000000005E-003   5.2864368758899811
  1.41253754462275401E-002 -5.00000000000000028E-002  5.05902224000000060E-003   5.2865820475562844
  1.41253754462275401E-002 -4.59999999999999992E-002  5.04998038000000014E-003   5.2883709208509302
  1.41253754462275401E-002 -4.20000000000000026E-002  5.07443298000000067E-003   5.2835404883751504
  1.41253754462275401E-002 -3.79999999999999991E-002  5.07911639999999998E-003   5.2826179695284159
  1.41253754462275401E-002 -3.40000000000000024E-002  5.08241453999999995E-003   5.2819688271629026
  1.41253754462275401E-002 -2.99999999999999989E-002  5.07982165999999995E-003   5.2824791243071996
  1.41253754462275401E-002 -2.59999999999999988E-002  5.07958681999999984E-003   5.2825253553452578
  1.41253754462275401E-002 -2.19999999999999987E-002  5.06938835999999962E-003   5.2845351077097753
  1.41253754462275401E-002 -1.79999999999999986E-002  5.09463142000000056E-003   5.2795679564355078
  1.41253754462275401E-002 -1.40000000000000003E-002  5.12287904000000016E-003   5.2740386854691526
  1.41253754462275401E-002 -1.00000000000000002E-002  5.13418099999999981E-003   5.2718349419929700
  1.41253754462275401E-002 -6.00000000000000012E-003  5.15015020000000011E-003   5.2687293996832407
  1.41253754462275401E-002 -2.00000000000000004E-003  5.13503889999999963E-003   5.2716678601677973
  1.41253754462275401E-002  2.00000000000000004E-003  5.15461718000000037E-003   5.2678624261524325
  1.41253754462275401E-002  6.00000000000000012E-003  5.15597781999999928E-003   5.2675984956987776
  1.41253754462275401E-002  1.00000000000000002E-002  5.15994507999999966E-003   5.2668293429561599
  1.41253754462275401E-002  1.40000000000000003E-002  5.13889694000000015E-003   5.2709168256584471
  1.41253754462275401E-002  1.79999999999999986E-002  5.11003797999999999E-003   5.2765484423088216
  1.41253754462275401E-002  2.19999999999999987E-002  5.11788871999999985E-003   5.2750132843492272
  1.41253754462275401E-002  2.59999999999999988E-002  5.10937240000000018E-003   5.2766787003131865
  1.41253754462275401E-002  2.99999999999999989E-002  5.08969439999999978E-003   5.2805374895148667
  1.41253754462275401E-002  3.40000000000000024E-002  5.10749294000000052E-003   5.2770466135544112
  1.41253754462275401E-002  3.79999999999999991E-002  5.08804705999999982E-003   5.2808612037732532
  1.41253754462275401E-002  4.20000000000000026E-002  5.05463734000000022E-003   5.2874491719122245
  1.41253754462275401E-002  4.59999999999999992E-002  5.04420932000000048E-003   5.2895143629300474
  1.41253754462275401E-002  5.00000000000000028E-002  5.01941967999999968E-003   5.2944409535545036
  1.41253754462275401E-002  5.39999999999999994E-002  5.02025411999999956E-003   5.2942747250457804
  1.41253754462275401E-002  5.80000000000000029E-002  4.98457768000000034E-003   5.3014065973115843
  1.41253754462275401E-002  6.19999999999999996E-002  4.97478502000000058E-003   5.3033731213655502
  1.41253754462275401E-002  6.60000000000000031E-002  4.95175752000000073E-003   5.3080127108730331
  1.41253754462275401E-002  7.00000000000000067E-002  4.95691386000000032E-003   5.3069719375407258
  1.41253754462275401E-002  7.39999999999999963E-002  4.97001158000000016E-003   5.3043331088964347
  1.41253754462275401E-002  7.79999999999999999E-002  4.95141091999999963E-003   5.3080827086726750
  1.41253754462275401E-002  8.20000000000000034E-002  4.95051309999999974E-003   5.3082640512078525
  1.41253754462275401E-002  8.59999999999999931E-002  4.93595346000000063E-003   5.3112094211106964
  1.41253754462275401E-002  8.99999999999999967E-002  4.93046540000000033E-003   5.3123218937603731
  1.41253754462275401E-002  9.40000000000000002E-002  4.92777109999999966E-003   5.3128685026933367
  1.41253754462275401E-002  9.80000000000000038E-002  4.89601485999999978E-003   5.3193336986459991
  1.41253754462275401E-002  0.10199999999999999       4.89253734000000013E-003   5.3200442266332333
  1.41253754462275401E-002  0.10600000000000000       4.89493751999999990E-003   5.3195537671260684
  1.41253754462275401E-002  0.11000000000000000       4.87495205999999986E-003   5.3236450084268334
  1.41253754462275401E-002  0.11400000000000000       4.86363913999999977E-003   5.3259683270375886
  1.41253754462275401E-002  0.11799999999999999       4.84195339999999967E-003   5.3304370446348459
  1.41253754462275401E-002  0.12200000000000000       4.82114369999999976E-003   5.3347440969089108
  1.41253754462275401E-002  0.12600000000000000       4.79149237999999984E-003   5.3409133544979071
  1.41253754462275401E-002  0.13000000000000000       4.77376307999999999E-003   5.3446203794440130
  1.41253754462275401E-002  0.13400000000000001       4.77504083999999961E-003   5.3443527522064382
  1.41253754462275401E-002  0.13800000000000001       4.76318209999999995E-003   5.3468393256876539
  1.41253754462275401E-002  0.14199999999999999       4.71845783999999980E-003   5.3562732615857200
  1.41253754462275401E-002  0.14599999999999999       4.69791836000000001E-003   5.3606357705039009
  1.41253754462275401E-002  0.14999999999999999       4.67540649999999974E-003   5.3654391681499236
  1.41253754462275401E-002  0.15400000000000000       4.67674480000000031E-003   5.3651529666191307
  1.41253754462275401E-002  0.15800000000000000       4.64848122000000030E-003   5.3712147320894301
  1.41253754462275401E-002  0.16200000000000001       4.61201847999999966E-003   5.3790896696449311
  1.41253754462275401E-002  0.16600000000000001       4.59924787999999984E-003   5.3818624932032071
  1.41253754462275401E-002  0.17000000000000001       4.57744399999999996E-003   5.3866145152424894
  1.41253754462275401E-002  0.17399999999999999       4.54533049999999994E-003   5.3936548367247408
  1.41253754462275401E-002  0.17799999999999999       4.52579726000000050E-003   5.3979615272946440
  1.41253754462275401E-002  0.18200000000000000       4.48586365999999962E-003   5.4068242356776759
  1.41253754462275401E-002  0.18600000000000000       4.45923891999999971E-003   5.4127771732517154
  1.41253754462275401E-002  0.19000000000000000       4.44535378000000033E-003   5.4158958226322476
  1.41253754462275401E-002  0.19400000000000001       4.43534072000000001E-003   5.4181508409178392
  1.41253754462275401E-002  0.19800000000000001       4.41596827999999990E-003   5.4225281530041549
  1.41253754462275401E-002  0.20200000000000001       4.38589032000000038E-003   5.4293626361390617
  1.41253754462275401E-002  0.20599999999999999       4.35233638000000027E-003   5.4370424792169318
  1.41253754462275401E-002  0.20999999999999999       4.32168473999999976E-003   5.4441099666398252
  1.41253754462275401E-002  0.21400000000000000       4.27899960000000055E-003   5.4540360350272463
  1.41253754462275401E-002  0.21800000000000000       4.24001673999999974E-003   5.4631880616328568
  1.41253754462275401E-002  0.22200000000000000       4.22498841999999989E-003   5.4667387590051586
  1.41253754462275401E-002  0.22600000000000001       4.21717172000000019E-003   5.4685905841551579
  1.41253754462275401E-002  0.23000000000000001       4.19456809999999968E-003   5.4739649002631712
  1.41253754462275401E-002  0.23400000000000001       4.17101145999999954E-003   5.4795967162285475
  1.41253754462275401E-002  0.23799999999999999       4.14050263999999994E-003   5.4869380878865686
  1.41253754462275401E-002  0.24199999999999999       4.14123888000000016E-003   5.4867602895333691
  1.41253754462275401E-002  0.24600000000000000       4.10165811999999973E-003   5.4963639675152089
  1.41253754462275401E-002  0.25000000000000000       4.04874954000000037E-003   5.5093472010940552
  1.41253754462275401E-002  0.25400000000000000       4.01038545999999989E-003   5.5188679175950615
  1.41253754462275401E-002  0.25800000000000001       3.98049362000000000E-003   5.5263494422506430
  1.41253754462275401E-002  0.26200000000000001       3.97762379999999985E-003   5.5270706731581400
  1.41253754462275401E-002  0.26600000000000001       3.95812082000000006E-003   5.5319859067497186
  1.41253754462275401E-002  0.27000000000000002       3.92072891999999985E-003   5.5414776934865424
  1.41253754462275401E-002  0.27400000000000002       3.88851804000000037E-003   5.5497271605189624
  1.41253754462275401E-002  0.27800000000000002       3.86256752000000043E-003   5.5564231560049135
  1.41253754462275401E-002  0.28199999999999997       3.83568635999999991E-003   5.5634068875560070
  1.41253754462275401E-002  0.28599999999999998       3.80375516000000004E-003   5.5717665001979828
  1.41253754462275401E-002  0.28999999999999998       3.76805784000000012E-003   5.5811955720673643
  1.41253754462275401E-002  0.29399999999999998       3.71847926000000006E-003   5.5944404953542897
  1.41253754462275401E-002  0.29799999999999999       3.66801692000000030E-003   5.6081041117305102
  1.41253754462275401E-002  0.30199999999999999       3.65323170000000008E-003   5.6121431058604081
  1.41253754462275401E-002  0.30599999999999999       3.62095362000000023E-003   5.6210178568970681
  1.41253754462275401E-002  0.31000000000000000       3.59182437999999975E-003   5.6290950217196185
  1.41253754462275401E-002  0.31400000000000000       3.55762203999999971E-003   5.6386629235992105
  1.41253754462275401E-002  0.31800000000000000       3.54375878000000007E-003   5.6425673128898701
  1.41253754462275401E-002  0.32200000000000001       3.50631434000000033E-003   5.6531898387725015
  1.41253754462275401E-002  0.32600000000000001       3.47504954000000003E-003   5.6621465439518914
  1.41253754462275401E-002  0.33000000000000002       3.44663048000000026E-003   5.6703581976579605
  1.41253754462275401E-002  0.33400000000000002       3.40580313999999966E-003   5.6822744964155332
  1.41253754462275401E-002  0.33800000000000002       3.36983310000000050E-003   5.6928920610668330
  1.41253754462275401E-002  0.34200000000000003       3.33175415999999993E-003   5.7042563389121357
  1.41253754462275401E-002  0.34599999999999997       3.29488416000000032E-003   5.7153842679430840
  1.41253754462275401E-002  0.34999999999999998       3.25798527999999988E-003   5.7266462869217598
  1.41253754462275401E-002  0.35399999999999998       3.20494241999999974E-003   5.7430611544495154
  1.41253754462275401E-002  0.35799999999999998       3.15345538000000010E-003   5.7592564813185279
  1.41253754462275401E-002  0.36199999999999999       3.10186701999999983E-003   5.7757510842633959
  1.41253754462275401E-002  0.36599999999999999       3.03950895999999986E-003   5.7960593029265768
  1.41253754462275401E-002  0.37000000000000000       2.96986361999999979E-003   5.8192392464137663
  1.41253754462275401E-002  0.37400000000000000       2.93186687999999994E-003   5.8321158984441164
  1.41253754462275401E-002  0.37800000000000000       2.88113967999999989E-003   5.8495693408894489
  1.41253754462275401E-002  0.38200000000000001       2.82737380000000005E-003   5.8684069840381650
  1.41253754462275401E-002  0.38600000000000001       2.76629568000000010E-003   5.8902461534050374
  1.41253754462275401E-002  0.39000000000000001       2.71850297999999980E-003   5.9076739251861463
  1.41253754462275401E-002  0.39400000000000002       2.67512224000000017E-003   5.9237602024819909
  1.41253754462275401E-002  0.39800000000000002       2.62835426000000011E-003   5.9413973853138655
  1.41253754462275401E-002  0.40200000000000002       2.58956948000000015E-003   5.9562636410256449
  1.41253754462275401E-002  0.40600000000000003       2.53586209999999987E-003   5.9772216208572475
  1.41253754462275401E-002  0.40999999999999998       2.47133303999999988E-003   6.0029975816160750
  1.41253754462275401E-002  0.41399999999999998       2.40252564000000002E-003   6.0312347449603330
  1.41253754462275401E-002  0.41799999999999998       2.36164710000000017E-003   6.0483959796513105
  1.41253754462275401E-002  0.42199999999999999       2.30799862000000003E-003   6.0713745282567402
  1.41253754462275401E-002  0.42599999999999999       2.26137616000000007E-003   6.0917817306607338
  1.41253754462275401E-002  0.42999999999999999       2.21317896000000017E-003   6.1133253535822902
  1.41253754462275401E-002  0.43400000000000000       2.17209767999999989E-003   6.1320619055459842
  1.41253754462275401E-002  0.43800000000000000       2.12080195999999992E-003   6.1559609788103309
  1.41253754462275401E-002  0.44200000000000000       2.07985110000000022E-003   6.1754589743698105
  1.41253754462275401E-002  0.44600000000000001       2.02867071999999994E-003   6.2003745181492018
  1.41253754462275401E-002  0.45000000000000001       1.97998436000000003E-003   6.2246663332967893
  1.41253754462275401E-002  0.45400000000000001       1.92008085999999982E-003   6.2553879792459082
  1.41253754462275401E-002  0.45800000000000002       1.87110878000000015E-003   6.2812240933481824
  1.41253754462275401E-002  0.46200000000000002       1.81579335999999987E-003   6.3112327938236987
  1.41253754462275401E-002  0.46600000000000003       1.76089987999999975E-003   6.3419303051445146
  1.41253754462275401E-002  0.46999999999999997       1.70868314000000021E-003   6.3720322987091924
  1.41253754462275401E-002  0.47399999999999998       1.66236640000000011E-003   6.3995131495656308
  1.41253754462275401E-002  0.47799999999999998       1.59492300000000004E-003   6.4409298197727152
  1.41253754462275401E-002  0.48199999999999998       1.54187174000000008E-003   6.4747581849917655
  1.41253754462275401E-002  0.48599999999999999       1.48522540000000009E-003   6.5121887337337929
  1.41253754462275401E-002  0.48999999999999999       1.44765695999999992E-003   6.5378089191626385
  1.41253754462275401E-002  0.49399999999999999       1.39101587999999996E-003   6.5777209498586924
  1.41253754462275401E-002  0.49800000000000000       1.34195916000000000E-003   6.6136246730864752
  1.41253754462275401E-002  0.50200000000000000       1.29417180000000005E-003   6.6498843251009880
  1.41253754462275401E-002  0.50600000000000001       1.23470282000000004E-003   6.6969249694375677
  1.41253754462275401E-002  0.51000000000000001       1.18473366000000006E-003   6.7382372891509137
  1.41253754462275401E-002  0.51400000000000001       1.13237220000000005E-003   6.7834405546569831
  1.41253754462275401E-002  0.51800000000000002       1.08507149999999991E-003   6.8261093955434209
  1.41253754462275401E-002  0.52200000000000002       1.03845103999999997E-003   6.8700250606800219
  1.41253754462275401E-002  0.52600000000000002       9.99722100000000015E-004   6.9080332176034975
  1.41253754462275401E-002  0.53000000000000003       9.56177500000000066E-004   6.9525669926912457
  1.41253754462275401E-002  0.53400000000000003       9.06630159999999969E-004   7.0057759528588681
  1.41253754462275401E-002  0.53800000000000003       8.72580059999999947E-004   7.0440561487849989
  1.41253754462275401E-002  0.54200000000000004       8.22592979999999907E-004   7.1030490361212140
  1.41253754462275401E-002  0.54600000000000004       7.78614559999999995E-004   7.1579944227315817
  1.41253754462275401E-002  0.55000000000000004       7.37869059999999915E-004   7.2117441745798176
  1.41253754462275401E-002  0.55400000000000005       6.89400739999999923E-004   7.2796878304849280
  1.41253754462275401E-002  0.55800000000000005       6.53411779999999928E-004   7.3333030301872464
  1.41253754462275401E-002  0.56200000000000006       6.22356439999999993E-004   7.3819975746958368
  1.41253754462275401E-002  0.56599999999999995       5.95806039999999997E-004   7.4255953801064001
  1.41253754462275401E-002  0.56999999999999995       5.65537880000000024E-004   7.4777332796824378
  1.41253754462275401E-002  0.57399999999999995       5.31286740000000033E-004   7.5402086824698689
  1.41253754462275401E-002  0.57799999999999996       4.97605339999999973E-004   7.6057032850856325
  1.41253754462275401E-002  0.58199999999999996       4.53585019999999976E-004   7.6983278307874166
  1.41253754462275401E-002  0.58599999999999997       4.12442599999999994E-004   7.7934135133871605
  1.41253754462275401E-002  0.58999999999999997       3.74155199999999999E-004   7.8908398733653016
  1.41253754462275401E-002  0.59399999999999997       3.43148159999999999E-004   7.9773482507105573
  1.41253754462275401E-002  0.59799999999999998       3.08973839999999989E-004   8.0822539448445792
  1.41253754462275401E-002  0.60199999999999998       2.74896140000000042E-004   8.1991172043612810
  1.41253754462275401E-002  0.60599999999999998       2.46881959999999969E-004   8.3066002303012230
  1.41253754462275401E-002  0.60999999999999999       2.20417579999999973E-004   8.4199867198011624
  1.41253754462275401E-002  0.61399999999999999       2.00623839999999984E-004   8.5140788460281733
  1.41253754462275401E-002  0.61799999999999999       1.82120960000000011E-004   8.6108394762618605
  1.41253754462275401E-002  0.62200000000000000       1.64892380000000006E-004   8.7102175392905643
  1.41253754462275401E-002  0.62600000000000000       1.47090820000000006E-004   8.8244603388304235
  1.41253754462275401E-002  0.63000000000000000       1.31162359999999987E-004   8.9390746128590663
  1.41253754462275401E-002  0.63400000000000001       1.15777499999999994E-004   9.0638403122223057
  1.41253754462275401E-002  0.63800000000000001       1.01071680000000002E-004   9.1996805898727807
  1.41253754462275401E-002  0.64200000000000002       8.76945200000000001E-005   9.3416511462853169
  1.41253754462275401E-002  0.64600000000000002       7.42045599999999948E-005   9.5086849541536456
  1.41253754462275401E-002  0.65000000000000002       6.40618399999999999E-005   9.6556616911236421
  1.41253754462275401E-002  0.65400000000000003       5.37029600000000012E-005   9.8320424369257342
  1.41253754462275401E-002  0.65800000000000003       4.46895599999999970E-005   10.015770640670425
  1.41253754462275401E-002  0.66200000000000003       3.80200400000000013E-005   10.177397168826690
  1.41253754462275401E-002  0.66600000000000004       3.02030399999999981E-005   10.407567976397900
  1.41253754462275401E-002  0.67000000000000004       2.48826199999999993E-005   10.601340990171289
  1.41253754462275401E-002  0.67400000000000004       2.10147000000000006E-005   10.770288365126579
  1.41253754462275401E-002  0.67800000000000005       1.71776999999999999E-005   10.971898526971135
  1.41253754462275401E-002  0.68200000000000005       1.28554400000000017E-005   11.261743489905307
  1.41253754462275401E-002  0.68600000000000005       9.51226000000000098E-006   11.562929065055329
  1.41253754462275401E-002  0.68999999999999995       7.00394000000000023E-006   11.869037710110771
  1.41253754462275401E-002  0.69399999999999995       5.33283999999999941E-006   12.141626628670991
  1.41253754462275401E-002  0.69799999999999995       3.29670000000000013E-006   12.622588589825423
  1.41253754462275401E-002  0.70199999999999996       1.81021999999999997E-006   13.222062173111448
  1.41253754462275401E-002  0.70599999999999996       1.28768000000000005E-006   13.562668408355201
  1.41253754462275401E-002  0.70999999999999996       1.13367999999999992E-006   13.690041579429796
  1.41253754462275401E-002  0.71399999999999997       7.86399999999999895E-007   14.055800268113455
  1.41253754462275401E-002  0.71799999999999997       6.14980000000000018E-007   14.301676089993894
  1.41253754462275401E-002  0.72199999999999998       4.48400000000000018E-007   14.617580145748406
  1.41253754462275401E-002  0.72599999999999998       3.33279999999999977E-007   14.914282859433749
  1.41253754462275401E-002  0.72999999999999998       2.15819999999999983E-007   15.348821110010824
  1.41253754462275401E-002  0.73399999999999999       2.60999999999999988E-008   17.461330522617764
  1.41253754462275401E-002  0.73799999999999999        0.0000000000000000                      +Infinity
  1.41253754462275401E-002  0.74199999999999999        0.0000000000000000                      +Infinity
  1.41253754462275401E-002  0.74600000000000000        0.0000000000000000                      +Infinity
  1.41253754462275401E-002  0.75000000000000000        0.0000000000000000                      +Infinity
  1.41253754462275401E-002  0.75400000000000000        0.0000000000000000                      +Infinity
  1.41253754462275401E-002  0.75800000000000001        0.0000000000000000                      +Infinity
  1.41253754462275401E-002  0.76200000000000001        0.0000000000000000                      +Infinity
  1.41253754462275401E-002  0.76600000000000001        0.0000000000000000                      +Infinity
  1.41253754462275401E-002  0.77000000000000002        0.0000000000000000                      +Infinity
  1.41253754462275401E-002  0.77400000000000002        0.0000000000000000                      +Infinity
  1.41253754462275401E-002  0.77800000000000002        0.0000000000000000                      +Infinity
  1.41253754462275401E-002  0.78200000000000003        0.0000000000000000                      +Infinity
  1.41253754462275401E-002  0.78600000000000003        0.0000000000000000                      +Infinity
  1.41253754462275401E-002  0.79000000000000004        0.0000000000000000                      +Infinity
  1.41253754462275401E-002  0.79400000000000004        0.0000000000000000                      +Infinity
  1.41253754462275401E-002  0.79800000000000004        0.0000000000000000                      +Infinity
  1.41253754462275401E-002  0.80200000000000005        0.0000000000000000                      +Infinity
  1.41253754462275401E-002  0.80600000000000005        0.0000000000000000                      +Infinity
  1.41253754462275401E-002  0.81000000000000005        0.0000000000000000                      +Infinity
  1.41253754462275401E-002  0.81399999999999995        0.0000000000000000                      +Infinity
  1.41253754462275401E-002  0.81799999999999995        0.0000000000000000                      +Infinity
  1.41253754462275401E-002  0.82199999999999995        0.0000000000000000                      +Infinity
  1.41253754462275401E-002  0.82599999999999996        0.0000000000000000                      +Infinity
  1.41253754462275401E-002  0.82999999999999996        0.0000000000000000                      +Infinity
  1.41253754462275401E-002  0.83399999999999996        0.0000000000000000                      +Infinity
  1.41253754462275401E-002  0.83799999999999997        0.0000000000000000                      +Infinity
  1.41253754462275401E-002  0.84199999999999997        0.0000000000000000                      +Infinity
  1.41253754462275401E-002  0.84599999999999997        0.0000000000000000                      +Infinity
  1.41253754462275401E-002  0.84999999999999998        0.0000000000000000                      +Infinity
  1.41253754462275401E-002  0.85399999999999998        0.0000000000000000                      +Infinity
  1.41253754462275401E-002  0.85799999999999998        0.0000000000000000                      +Infinity
  1.41253754462275401E-002  0.86199999999999999        0.0000000000000000                      +Infinity
  1.41253754462275401E-002  0.86599999999999999        0.0000000000000000                      +Infinity
  1.41253754462275401E-002  0.87000000000000000        0.0000000000000000                      +Infinity
  1.41253754462275401E-002  0.87400000000000000        0.0000000000000000                      +Infinity
  1.41253754462275401E-002  0.87800000000000000        0.0000000000000000                      +Infinity
  1.41253754462275401E-002  0.88200000000000001        0.0000000000000000                      +Infinity
  1.41253754462275401E-002  0.88600000000000001        0.0000000000000000                      +Infinity
  1.41253754462275401E-002  0.89000000000000001        0.0000000000000000                      +Infinity
  1.41253754462275401E-002  0.89400000000000002        0.0000000000000000                      +Infinity
  1.41253754462275401E-002  0.89800000000000002        0.0000000000000000                      +Infinity
  1.41253754462275401E-002  0.90200000000000002        0.0000000000000000                      +Infinity
  1.41253754462275401E-002  0.90600000000000003        0.0000000000000000                      +Infinity
  1.41253754462275401E-002  0.91000000000000003        0.0000000000000000                      +Infinity
  1.41253754462275401E-002  0.91400000000000003        0.0000000000000000                      +Infinity
  1.41253754462275401E-002  0.91800000000000004        0.0000000000000000                      +Infinity
  1.41253754462275401E-002  0.92200000000000004        0.0000000000000000                      +Infinity
  1.41253754462275401E-002  0.92600000000000005        0.0000000000000000                      +Infinity
  1.41253754462275401E-002  0.93000000000000005        0.0000000000000000                      +Infinity
  1.41253754462275401E-002  0.93400000000000005        0.0000000000000000                      +Infinity
  1.41253754462275401E-002  0.93799999999999994        0.0000000000000000                      +Infinity
  1.41253754462275401E-002  0.94199999999999995        0.0000000000000000                      +Infinity
  1.41253754462275401E-002  0.94599999999999995        0.0000000000000000                      +Infinity
  1.41253754462275401E-002  0.94999999999999996        0.0000000000000000                      +Infinity
  1.41253754462275401E-002  0.95399999999999996        0.0000000000000000                      +Infinity
  1.41253754462275401E-002  0.95799999999999996        0.0000000000000000                      +Infinity
  1.41253754462275401E-002  0.96199999999999997        0.0000000000000000                      +Infinity
  1.41253754462275401E-002  0.96599999999999997        0.0000000000000000                      +Infinity
  1.41253754462275401E-002  0.96999999999999997        0.0000000000000000                      +Infinity
  1.41253754462275401E-002  0.97399999999999998        0.0000000000000000                      +Infinity
  1.41253754462275401E-002  0.97799999999999998        0.0000000000000000                      +Infinity
  1.41253754462275401E-002  0.98199999999999998        0.0000000000000000                      +Infinity
  1.41253754462275401E-002  0.98599999999999999        0.0000000000000000                      +Infinity
  1.41253754462275401E-002  0.98999999999999999        0.0000000000000000                      +Infinity
  1.41253754462275401E-002  0.99399999999999999        0.0000000000000000                      +Infinity
  1.41253754462275401E-002  0.99800000000000000        0.0000000000000000                      +Infinity
