  3.54813389233575513E-002 -0.99800000000000000        0.0000000000000000                      +Infinity
  3.54813389233575513E-002 -0.99399999999999999        0.0000000000000000                      +Infinity
  3.54813389233575513E-002 -0.98999999999999999        0.0000000000000000                      +Infinity
  3.54813389233575513E-002 -0.98599999999999999        0.0000000000000000                      +Infinity
  3.54813389233575513E-002 -0.98199999999999998        0.0000000000000000                      +Infinity
  3.54813389233575513E-002 -0.97799999999999998        0.0000000000000000                      +Infinity
  3.54813389233575513E-002 -0.97399999999999998        0.0000000000000000                      +Infinity
  3.54813389233575513E-002 -0.96999999999999997        0.0000000000000000                      +Infinity
  3.54813389233575513E-002 -0.96599999999999997        0.0000000000000000                      +Infinity
  3.54813389233575513E-002 -0.96199999999999997        0.0000000000000000                      +Infinity
  3.54813389233575513E-002 -0.95799999999999996        0.0000000000000000                      +Infinity
  3.54813389233575513E-002 -0.95399999999999996        0.0000000000000000                      +Infinity
  3.54813389233575513E-002 -0.94999999999999996        0.0000000000000000                      +Infinity
  3.54813389233575513E-002 -0.94599999999999995        0.0000000000000000                      +Infinity
  3.54813389233575513E-002 -0.94199999999999995        0.0000000000000000                      +Infinity
  3.54813389233575513E-002 -0.93799999999999994        0.0000000000000000                      +Infinity
  3.54813389233575513E-002 -0.93400000000000005        0.0000000000000000                      +Infinity
  3.54813389233575513E-002 -0.93000000000000005        0.0000000000000000                      +Infinity
  3.54813389233575513E-002 -0.92600000000000005        0.0000000000000000                      +Infinity
  3.54813389233575513E-002 -0.92200000000000004        0.0000000000000000                      +Infinity
  3.54813389233575513E-002 -0.91800000000000004        0.0000000000000000                      +Infinity
  3.54813389233575513E-002 -0.91400000000000003        0.0000000000000000                      +Infinity
  3.54813389233575513E-002 -0.91000000000000003        0.0000000000000000                      +Infinity
  3.54813389233575513E-002 -0.90600000000000003        0.0000000000000000                      +Infinity
  3.54813389233575513E-002 -0.90200000000000002        0.0000000000000000                      +Infinity
  3.54813389233575513E-002 -0.89800000000000002        0.0000000000000000                      +Infinity
  3.54813389233575513E-002 -0.89400000000000002        0.0000000000000000                      +Infinity
  3.54813389233575513E-002 -0.89000000000000001        0.0000000000000000                      +Infinity
  3.54813389233575513E-002 -0.88600000000000001        0.0000000000000000                      +Infinity
  3.54813389233575513E-002 -0.88200000000000001        0.0000000000000000                      +Infinity
  3.54813389233575513E-002 -0.87800000000000000        0.0000000000000000                      +Infinity
  3.54813389233575513E-002 -0.87400000000000000        0.0000000000000000                      +Infinity
  3.54813389233575513E-002 -0.87000000000000000        0.0000000000000000                      +Infinity
  3.54813389233575513E-002 -0.86599999999999999        0.0000000000000000                      +Infinity
  3.54813389233575513E-002 -0.86199999999999999        0.0000000000000000                      +Infinity
  3.54813389233575513E-002 -0.85799999999999998        0.0000000000000000                      +Infinity
  3.54813389233575513E-002 -0.85399999999999998        0.0000000000000000                      +Infinity
  3.54813389233575513E-002 -0.84999999999999998        0.0000000000000000                      +Infinity
  3.54813389233575513E-002 -0.84599999999999997        0.0000000000000000                      +Infinity
  3.54813389233575513E-002 -0.84199999999999997        0.0000000000000000                      +Infinity
  3.54813389233575513E-002 -0.83799999999999997        0.0000000000000000                      +Infinity
  3.54813389233575513E-002 -0.83399999999999996        0.0000000000000000                      +Infinity
  3.54813389233575513E-002 -0.82999999999999996        0.0000000000000000                      +Infinity
  3.54813389233575513E-002 -0.82599999999999996        0.0000000000000000                      +Infinity
  3.54813389233575513E-002 -0.82199999999999995        0.0000000000000000                      +Infinity
  3.54813389233575513E-002 -0.81799999999999995        0.0000000000000000                      +Infinity
  3.54813389233575513E-002 -0.81399999999999995        0.0000000000000000                      +Infinity
  3.54813389233575513E-002 -0.81000000000000005        0.0000000000000000                      +Infinity
  3.54813389233575513E-002 -0.80600000000000005        0.0000000000000000                      +Infinity
  3.54813389233575513E-002 -0.80200000000000005        0.0000000000000000                      +Infinity
  3.54813389233575513E-002 -0.79800000000000004        0.0000000000000000                      +Infinity
  3.54813389233575513E-002 -0.79400000000000004        0.0000000000000000                      +Infinity
  3.54813389233575513E-002 -0.79000000000000004        0.0000000000000000                      +Infinity
  3.54813389233575513E-002 -0.78600000000000003        0.0000000000000000                      +Infinity
  3.54813389233575513E-002 -0.78200000000000003        0.0000000000000000                      +Infinity
  3.54813389233575513E-002 -0.77800000000000002        0.0000000000000000                      +Infinity
  3.54813389233575513E-002 -0.77400000000000002        0.0000000000000000                      +Infinity
  3.54813389233575513E-002 -0.77000000000000002        0.0000000000000000                      +Infinity
  3.54813389233575513E-002 -0.76600000000000001        0.0000000000000000                      +Infinity
  3.54813389233575513E-002 -0.76200000000000001        0.0000000000000000                      +Infinity
  3.54813389233575513E-002 -0.75800000000000001        0.0000000000000000                      +Infinity
  3.54813389233575513E-002 -0.75400000000000000        0.0000000000000000                      +Infinity
  3.54813389233575513E-002 -0.75000000000000000        0.0000000000000000                      +Infinity
  3.54813389233575513E-002 -0.74600000000000000        0.0000000000000000                      +Infinity
  3.54813389233575513E-002 -0.74199999999999999        0.0000000000000000                      +Infinity
  3.54813389233575513E-002 -0.73799999999999999        0.0000000000000000                      +Infinity
  3.54813389233575513E-002 -0.73399999999999999        0.0000000000000000                      +Infinity
  3.54813389233575513E-002 -0.72999999999999998        0.0000000000000000                      +Infinity
  3.54813389233575513E-002 -0.72599999999999998        0.0000000000000000                      +Infinity
  3.54813389233575513E-002 -0.72199999999999998        0.0000000000000000                      +Infinity
  3.54813389233575513E-002 -0.71799999999999997        0.0000000000000000                      +Infinity
  3.54813389233575513E-002 -0.71399999999999997        0.0000000000000000                      +Infinity
  3.54813389233575513E-002 -0.70999999999999996        0.0000000000000000                      +Infinity
  3.54813389233575513E-002 -0.70599999999999996        0.0000000000000000                      +Infinity
  3.54813389233575513E-002 -0.70199999999999996        0.0000000000000000                      +Infinity
  3.54813389233575513E-002 -0.69799999999999995        0.0000000000000000                      +Infinity
  3.54813389233575513E-002 -0.69399999999999995        0.0000000000000000                      +Infinity
  3.54813389233575513E-002 -0.68999999999999995        0.0000000000000000                      +Infinity
  3.54813389233575513E-002 -0.68600000000000005        0.0000000000000000                      +Infinity
  3.54813389233575513E-002 -0.68200000000000005        0.0000000000000000                      +Infinity
  3.54813389233575513E-002 -0.67800000000000005        0.0000000000000000                      +Infinity
  3.54813389233575513E-002 -0.67400000000000004        0.0000000000000000                      +Infinity
  3.54813389233575513E-002 -0.67000000000000004        0.0000000000000000                      +Infinity
  3.54813389233575513E-002 -0.66600000000000004        0.0000000000000000                      +Infinity
  3.54813389233575513E-002 -0.66200000000000003        0.0000000000000000                      +Infinity
  3.54813389233575513E-002 -0.65800000000000003        0.0000000000000000                      +Infinity
  3.54813389233575513E-002 -0.65400000000000003        0.0000000000000000                      +Infinity
  3.54813389233575513E-002 -0.65000000000000002        0.0000000000000000                      +Infinity
  3.54813389233575513E-002 -0.64600000000000002        0.0000000000000000                      +Infinity
  3.54813389233575513E-002 -0.64200000000000002        0.0000000000000000                      +Infinity
  3.54813389233575513E-002 -0.63800000000000001        0.0000000000000000                      +Infinity
  3.54813389233575513E-002 -0.63400000000000001        0.0000000000000000                      +Infinity
  3.54813389233575513E-002 -0.63000000000000000        0.0000000000000000                      +Infinity
  3.54813389233575513E-002 -0.62600000000000000        0.0000000000000000                      +Infinity
  3.54813389233575513E-002 -0.62200000000000000        0.0000000000000000                      +Infinity
  3.54813389233575513E-002 -0.61799999999999999        0.0000000000000000                      +Infinity
  3.54813389233575513E-002 -0.61399999999999999        0.0000000000000000                      +Infinity
  3.54813389233575513E-002 -0.60999999999999999        0.0000000000000000                      +Infinity
  3.54813389233575513E-002 -0.60599999999999998        0.0000000000000000                      +Infinity
  3.54813389233575513E-002 -0.60199999999999998        0.0000000000000000                      +Infinity
  3.54813389233575513E-002 -0.59799999999999998       1.29999999999999989E-008   18.158316479484874
  3.54813389233575513E-002 -0.59399999999999997       8.49200000000000087E-008   16.281556200111357
  3.54813389233575513E-002 -0.58999999999999997       1.27040000000000005E-007   15.878763839447586
  3.54813389233575513E-002 -0.58599999999999997       1.52480000000000000E-007   15.696232397040520
  3.54813389233575513E-002 -0.58199999999999996       2.18179999999999986E-007   15.337945426776800
  3.54813389233575513E-002 -0.57799999999999996       3.96200000000000014E-007   14.741346702681961
  3.54813389233575513E-002 -0.57399999999999995       7.47979999999999952E-007   14.105889597297315
  3.54813389233575513E-002 -0.56999999999999995       7.84640000000000017E-007   14.058040823078674
  3.54813389233575513E-002 -0.56599999999999995       1.10650000000000012E-006   13.714308677455307
  3.54813389233575513E-002 -0.56200000000000006       1.26954000000000013E-006   13.576855927830158
  3.54813389233575513E-002 -0.55800000000000005       1.39445999999999990E-006   13.483003314406435
  3.54813389233575513E-002 -0.55400000000000005       1.87988000000000008E-006   13.184302612946858
  3.54813389233575513E-002 -0.55000000000000004       1.89771999999999998E-006   13.174857392368398
  3.54813389233575513E-002 -0.54600000000000004       2.20623999999999999E-006   13.024220848852980
  3.54813389233575513E-002 -0.54200000000000004       2.92752000000000005E-006   12.741354909730155
  3.54813389233575513E-002 -0.53800000000000003       3.54148000000000018E-006   12.550965839093260
  3.54813389233575513E-002 -0.53400000000000003       4.20270000000000044E-006   12.379783382076234
  3.54813389233575513E-002 -0.53000000000000003       4.99742000000000034E-006   12.206588778703987
  3.54813389233575513E-002 -0.52600000000000002       6.70862000000000015E-006   11.912117291321527
  3.54813389233575513E-002 -0.52200000000000002       7.58236000000000019E-006   11.789686061121554
  3.54813389233575513E-002 -0.51800000000000002       9.60321999999999951E-006   11.553412099063411
  3.54813389233575513E-002 -0.51400000000000001       1.24858199999999997E-005   11.290916957574719
  3.54813389233575513E-002 -0.51000000000000001       1.52675800000000013E-005   11.089778931974196
  3.54813389233575513E-002 -0.50600000000000001       1.65049400000000013E-005   11.011850827927766
  3.54813389233575513E-002 -0.50200000000000000       1.93190600000000000E-005   10.854418384607865
  3.54813389233575513E-002 -0.49800000000000000       2.18753200000000018E-005   10.730151497256164
  3.54813389233575513E-002 -0.49399999999999999       2.51529600000000018E-005   10.590534974506925
  3.54813389233575513E-002 -0.48999999999999999       2.77274800000000004E-005   10.493086578773339
  3.54813389233575513E-002 -0.48599999999999999       3.13904000000000036E-005   10.369008444279846
  3.54813389233575513E-002 -0.48199999999999998       3.77647600000000053E-005   10.184134165309748
  3.54813389233575513E-002 -0.47799999999999998       4.32074200000000038E-005   10.049498318203883
  3.54813389233575513E-002 -0.47399999999999998       4.78711399999999992E-005   9.9469977403458198
  3.54813389233575513E-002 -0.46999999999999997       5.34999200000000006E-005   9.8358303993905345
  3.54813389233575513E-002 -0.46600000000000003       5.99636999999999965E-005   9.7217711788285222
  3.54813389233575513E-002 -0.46200000000000002       6.87271599999999920E-005   9.5853660947960968
  3.54813389233575513E-002 -0.45800000000000002       7.90544799999999987E-005   9.4453733229228689
  3.54813389233575513E-002 -0.45400000000000001       8.82161000000000040E-005   9.3357210719273294
  3.54813389233575513E-002 -0.45000000000000001       9.92795799999999959E-005   9.2175706475361778
  3.54813389233575513E-002 -0.44600000000000001       1.08568460000000000E-004   9.1281296162182759
  3.54813389233575513E-002 -0.44200000000000000       1.16704760000000012E-004   9.0558632311573994
  3.54813389233575513E-002 -0.43800000000000000       1.27243619999999990E-004   8.9694070413151277
  3.54813389233575513E-002 -0.43400000000000000       1.37187320000000008E-004   8.8941632667685369
  3.54813389233575513E-002 -0.42999999999999999       1.52817399999999998E-004   8.7862668133694957
  3.54813389233575513E-002 -0.42599999999999999       1.68450659999999994E-004   8.6888676700428071
  3.54813389233575513E-002 -0.42199999999999999       1.82493620000000005E-004   8.6087953444569134
  3.54813389233575513E-002 -0.41799999999999998       2.00050300000000005E-004   8.5169417230370605
  3.54813389233575513E-002 -0.41399999999999998       2.15738479999999993E-004   8.4414436245595645
  3.54813389233575513E-002 -0.40999999999999998       2.32530759999999997E-004   8.3664880406126105
  3.54813389233575513E-002 -0.40600000000000003       2.49653479999999996E-004   8.2954366815994884
  3.54813389233575513E-002 -0.40200000000000002       2.72930200000000018E-004   8.2062944731260963
  3.54813389233575513E-002 -0.39800000000000002       2.96677079999999971E-004   8.1228662833986327
  3.54813389233575513E-002 -0.39400000000000002       3.23378619999999996E-004   8.0366867230870316
  3.54813389233575513E-002 -0.39000000000000001       3.49588320000000037E-004   7.9587543243519914
  3.54813389233575513E-002 -0.38600000000000001       3.68435999999999981E-004   7.9062435384876908
  3.54813389233575513E-002 -0.38200000000000001       4.04256900000000009E-004   7.8134599910070852
  3.54813389233575513E-002 -0.37800000000000000       4.43387059999999979E-004   7.7210674447893286
  3.54813389233575513E-002 -0.37400000000000000       4.85548040000000037E-004   7.6302323255915168
  3.54813389233575513E-002 -0.37000000000000000       5.26824099999999990E-004   7.5486438412296311
  3.54813389233575513E-002 -0.36599999999999999       5.68806380000000042E-004   7.4719704629418056
  3.54813389233575513E-002 -0.36199999999999999       6.09199259999999984E-004   7.4033651516518191
  3.54813389233575513E-002 -0.35799999999999998       6.50298279999999966E-004   7.3380794080257736
  3.54813389233575513E-002 -0.35399999999999998       6.98919780000000022E-004   7.2659745862648473
  3.54813389233575513E-002 -0.34999999999999998       7.46747999999999986E-004   7.1997827791441553
  3.54813389233575513E-002 -0.34599999999999997       7.95616299999999960E-004   7.1363935235120746
  3.54813389233575513E-002 -0.34200000000000003       8.58541999999999899E-004   7.0602749562840996
  3.54813389233575513E-002 -0.33800000000000002       9.23283640000000048E-004   6.9875740683939052
  3.54813389233575513E-002 -0.33400000000000002       9.78947539999999988E-004   6.9290325021606201
  3.54813389233575513E-002 -0.33000000000000002       1.04302173999999996E-003   6.8656332594606910
  3.54813389233575513E-002 -0.32600000000000001       1.09782840000000005E-003   6.8144212322614441
  3.54813389233575513E-002 -0.32200000000000001       1.14965604000000004E-003   6.7682924769971775
  3.54813389233575513E-002 -0.31800000000000000       1.22610781999999991E-003   6.7039105007999380
  3.54813389233575513E-002 -0.31400000000000000       1.30347246000000008E-003   6.6427234525469379
  3.54813389233575513E-002 -0.31000000000000000       1.38563177999999993E-003   6.5815990845068875
  3.54813389233575513E-002 -0.30599999999999999       1.45441502000000005E-003   6.5331515073116577
  3.54813389233575513E-002 -0.30199999999999999       1.54235098000000004E-003   6.4744474162520440
  3.54813389233575513E-002 -0.29799999999999999       1.62443963999999992E-003   6.4225923595934367
  3.54813389233575513E-002 -0.29399999999999998       1.71609222000000021E-003   6.3677055381016352
  3.54813389233575513E-002 -0.28999999999999998       1.81414441999999980E-003   6.3121413163457687
  3.54813389233575513E-002 -0.28599999999999998       1.91008354000000015E-003   6.2606082996601913
  3.54813389233575513E-002 -0.28199999999999997       2.00502684000000014E-003   6.2120978317795377
  3.54813389233575513E-002 -0.27800000000000002       2.10563737999999983E-003   6.1631370643312779
  3.54813389233575513E-002 -0.27400000000000002       2.20757990000000019E-003   6.1158584313506879
  3.54813389233575513E-002 -0.27000000000000002       2.31616343999999997E-003   6.0678431518131433
  3.54813389233575513E-002 -0.26600000000000001       2.44023039999999997E-003   6.0156628179053939
  3.54813389233575513E-002 -0.26200000000000001       2.54569156000000003E-003   5.9733529330828938
  3.54813389233575513E-002 -0.25800000000000001       2.65145871999999993E-003   5.9326453300543864
  3.54813389233575513E-002 -0.25400000000000000       2.78287667999999998E-003   5.8842701093138245
  3.54813389233575513E-002 -0.25000000000000000       2.90553981999999971E-003   5.8411360815008662
  3.54813389233575513E-002 -0.24600000000000000       3.03032626000000012E-003   5.7990849886899083
  3.54813389233575513E-002 -0.24199999999999999       3.15219084000000014E-003   5.7596575631340414
  3.54813389233575513E-002 -0.23799999999999999       3.30135762000000011E-003   5.7134214951114801
  3.54813389233575513E-002 -0.23400000000000001       3.44532809999999971E-003   5.6707361395740028
  3.54813389233575513E-002 -0.23000000000000001       3.57834387999999984E-003   5.6328551889554248
  3.54813389233575513E-002 -0.22600000000000001       3.72158003999999978E-003   5.5936069589389197
  3.54813389233575513E-002 -0.22200000000000000       3.85195909999999989E-003   5.5591734029634789
  3.54813389233575513E-002 -0.21800000000000000       3.97720747999999978E-003   5.5271753441400193
  3.54813389233575513E-002 -0.21400000000000000       4.11459980000000031E-003   5.4932137035315431
  3.54813389233575513E-002 -0.20999999999999999       4.26708282000000036E-003   5.4568248655434957
  3.54813389233575513E-002 -0.20599999999999999       4.42114174000000047E-003   5.4213573040321918
  3.54813389233575513E-002 -0.20200000000000001       4.55874788000000010E-003   5.3907072808812506
  3.54813389233575513E-002 -0.19800000000000001       4.71795448000000058E-003   5.3563799461991959
  3.54813389233575513E-002 -0.19400000000000001       4.86142404000000031E-003   5.3264238716437893
  3.54813389233575513E-002 -0.19000000000000000       5.00210583999999986E-003   5.2978962872143844
  3.54813389233575513E-002 -0.18600000000000000       5.14837029999999987E-003   5.2690750609882251
  3.54813389233575513E-002 -0.18200000000000000       5.28862904000000026E-003   5.2421962273803908
  3.54813389233575513E-002 -0.17799999999999999       5.45351873999999973E-003   5.2114942382760852
  3.54813389233575513E-002 -0.17399999999999999       5.62449640000000067E-003   5.1806238637884920
  3.54813389233575513E-002 -0.17000000000000001       5.80568287999999946E-003   5.1489180342306744
  3.54813389233575513E-002 -0.16600000000000001       5.96168064000000050E-003   5.1224028510784398
  3.54813389233575513E-002 -0.16200000000000001       6.14305449999999996E-003   5.0924331849530011
  3.54813389233575513E-002 -0.15800000000000000       6.32208851999999967E-003   5.0637056633886033
  3.54813389233575513E-002 -0.15400000000000000       6.46192286000000018E-003   5.0418283491317393
  3.54813389233575513E-002 -0.14999999999999999       6.60173779999999929E-003   5.0204223615776131
  3.54813389233575513E-002 -0.14599999999999999       6.73614864000000001E-003   5.0002669357772600
  3.54813389233575513E-002 -0.14199999999999999       6.89249267999999908E-003   4.9773224770908255
  3.54813389233575513E-002 -0.13800000000000001       7.06256450000000095E-003   4.9529470498079178
  3.54813389233575513E-002 -0.13400000000000001       7.21855953999999984E-003   4.9310998556773997
  3.54813389233575513E-002 -0.13000000000000000       7.34790993999999940E-003   4.9133393681006661
  3.54813389233575513E-002 -0.12600000000000000       7.50779909999999950E-003   4.8918129187405466
  3.54813389233575513E-002 -0.12200000000000000       7.65710514000000030E-003   4.8721212857190945
  3.54813389233575513E-002 -0.11799999999999999       7.77725786000000013E-003   4.8565514630747577
  3.54813389233575513E-002 -0.11400000000000000       7.92637006000000005E-003   4.8375600959270741
  3.54813389233575513E-002 -0.11000000000000000       8.05735676000000033E-003   4.8211697216588849
  3.54813389233575513E-002 -0.10600000000000000       8.18110164000000056E-003   4.8059284626186942
  3.54813389233575513E-002 -0.10199999999999999       8.33264323999999973E-003   4.7875745574110828
  3.54813389233575513E-002 -9.80000000000000038E-002  8.48798314000000047E-003   4.7691038640060750
  3.54813389233575513E-002 -9.40000000000000002E-002  8.63347117999999948E-003   4.7521086322768555
  3.54813389233575513E-002 -8.99999999999999967E-002  8.74479958000000043E-003   4.7392960890131919
  3.54813389233575513E-002 -8.59999999999999931E-002  8.85475133999999962E-003   4.7268010894516221
  3.54813389233575513E-002 -8.20000000000000034E-002  8.98711954000000132E-003   4.7119628889589569
  3.54813389233575513E-002 -7.79999999999999999E-002  9.10924855999999984E-003   4.6984650562934798
  3.54813389233575513E-002 -7.39999999999999963E-002  9.22803375999999877E-003   4.6855092802464595
  3.54813389233575513E-002 -7.00000000000000067E-002  9.30431351999999948E-003   4.6772771669990361
  3.54813389233575513E-002 -6.60000000000000031E-002  9.40274957999999959E-003   4.6667531239678146
  3.54813389233575513E-002 -6.19999999999999996E-002  9.50647668000000057E-003   4.6557819568760754
  3.54813389233575513E-002 -5.80000000000000029E-002  9.57926350000000079E-003   4.6481545688691082
  3.54813389233575513E-002 -5.39999999999999994E-002  9.65117962000000031E-003   4.6406751306874856
  3.54813389233575513E-002 -5.00000000000000028E-002  9.72569835999999993E-003   4.6329835812589835
  3.54813389233575513E-002 -4.59999999999999992E-002  9.78523433999999893E-003   4.6268807295194883
  3.54813389233575513E-002 -4.20000000000000026E-002  9.85056506000000012E-003   4.6202264589460720
  3.54813389233575513E-002 -3.79999999999999991E-002  9.92116841999999936E-003   4.6130845803471852
  3.54813389233575513E-002 -3.40000000000000024E-002  9.98794603999999912E-003   4.6063763090621830
  3.54813389233575513E-002 -2.99999999999999989E-002  1.00147457200000008E-002   4.6036967001018123
  3.54813389233575513E-002 -2.59999999999999988E-002  1.00226301199999989E-002   4.6029097307431623
  3.54813389233575513E-002 -2.19999999999999987E-002  1.00611119799999989E-002   4.5990775856278114
  3.54813389233575513E-002 -1.79999999999999986E-002  1.00718368999999988E-002   4.5980121757786723
  3.54813389233575513E-002 -1.40000000000000003E-002  1.00952780399999990E-002   4.5956874852489227
  3.54813389233575513E-002 -1.00000000000000002E-002  1.01121402799999992E-002   4.5940185690472770
  3.54813389233575513E-002 -6.00000000000000012E-003  1.01036336599999998E-002   4.5948601515191951
  3.54813389233575513E-002 -2.00000000000000004E-003  1.01175591199999994E-002   4.5934828378905799
  3.54813389233575513E-002  2.00000000000000004E-003  1.01160327199999994E-002   4.5936337156996174
  3.54813389233575513E-002  6.00000000000000012E-003  1.01007324800000010E-002   4.5951473349922951
  3.54813389233575513E-002  1.00000000000000002E-002  1.00978827399999995E-002   4.5954295068132707
  3.54813389233575513E-002  1.40000000000000003E-002  1.00700402199999997E-002   4.5981905782179346
  3.54813389233575513E-002  1.79999999999999986E-002  1.00123661799999993E-002   4.6039343319703594
  3.54813389233575513E-002  2.19999999999999987E-002  9.97414955999999936E-003   4.6077585769836640
  3.54813389233575513E-002  2.59999999999999988E-002  9.95384958000000014E-003   4.6097959101729140
  3.54813389233575513E-002  2.99999999999999989E-002  9.89559934000000009E-003   4.6156651317770550
  3.54813389233575513E-002  3.40000000000000024E-002  9.81765677999999961E-003   4.6235728021972973
  3.54813389233575513E-002  3.79999999999999991E-002  9.77885239999999947E-003   4.6275331433337579
  3.54813389233575513E-002  4.20000000000000026E-002  9.71468083999999996E-003   4.6341170489826551
  3.54813389233575513E-002  4.59999999999999992E-002  9.66810981999999958E-003   4.6389224570825354
  3.54813389233575513E-002  5.00000000000000028E-002  9.57260969999999996E-003   4.6488494147672847
  3.54813389233575513E-002  5.39999999999999994E-002  9.51312644000000020E-003   4.6550827035605362
  3.54813389233575513E-002  5.80000000000000029E-002  9.45776086000000085E-003   4.6609196194954192
  3.54813389233575513E-002  6.19999999999999996E-002  9.36597802000000042E-003   4.6706715150097891
  3.54813389233575513E-002  6.60000000000000031E-002  9.27474897999999888E-003   4.6804597350058224
  3.54813389233575513E-002  7.00000000000000067E-002  9.17541585999999930E-003   4.6912275607280662
  3.54813389233575513E-002  7.39999999999999963E-002  9.05123430000000055E-003   4.7048541438297971
  3.54813389233575513E-002  7.79999999999999999E-002  8.96811976000000052E-003   4.7140792391533619
  3.54813389233575513E-002  8.20000000000000034E-002  8.88411344000000075E-003   4.7234906040085169
  3.54813389233575513E-002  8.59999999999999931E-002  8.76635471999999936E-003   4.7368342123695895
  3.54813389233575513E-002  8.99999999999999967E-002  8.65756481999999973E-003   4.7493217945658559
  3.54813389233575513E-002  9.40000000000000002E-002  8.54755702000000069E-003   4.7621097655166480
  3.54813389233575513E-002  9.80000000000000038E-002  8.45733076000000118E-003   4.7727216681510685
  3.54813389233575513E-002  0.10199999999999999       8.33739759999999920E-003   4.7870041496748881
  3.54813389233575513E-002  0.10600000000000000       8.18139814000000062E-003   4.8058922212125497
  3.54813389233575513E-002  0.11000000000000000       8.04852970000000112E-003   4.8222658501962030
  3.54813389233575513E-002  0.11400000000000000       7.92489280000000136E-003   4.8377464861241606
  3.54813389233575513E-002  0.11799999999999999       7.77511869999999994E-003   4.8568265541523479
  3.54813389233575513E-002  0.12200000000000000       7.62539917999999900E-003   4.8762706063835424
  3.54813389233575513E-002  0.12600000000000000       7.50367700000000026E-003   4.8923621119146414
  3.54813389233575513E-002  0.13000000000000000       7.33759728000000014E-003   4.9147438359941722
  3.54813389233575513E-002  0.13400000000000001       7.18342440000000002E-003   4.9359790736866493
  3.54813389233575513E-002  0.13800000000000001       7.03825588000000016E-003   4.9563948838240606
  3.54813389233575513E-002  0.14199999999999999       6.89885381999999926E-003   4.9763999942207011
  3.54813389233575513E-002  0.14599999999999999       6.75508703999999974E-003   4.9974594223828195
  3.54813389233575513E-002  0.14999999999999999       6.60563034000000073E-003   5.0198329117990586
  3.54813389233575513E-002  0.15400000000000000       6.42750812000000057E-003   5.0471683555033628
  3.54813389233575513E-002  0.15800000000000000       6.26818110000000074E-003   5.0722690621169830
  3.54813389233575513E-002  0.16200000000000001       6.08511229999999983E-003   5.1019100974951934
  3.54813389233575513E-002  0.16600000000000001       5.94210665999999992E-003   5.1256915519177007
  3.54813389233575513E-002  0.17000000000000001       5.79671725999999967E-003   5.1504635113175432
  3.54813389233575513E-002  0.17399999999999999       5.64861802000000014E-003   5.1763443619729017
  3.54813389233575513E-002  0.17799999999999999       5.47801099999999964E-003   5.2070132001111382
  3.54813389233575513E-002  0.18200000000000000       5.32393115999999986E-003   5.2355433086605903
  3.54813389233575513E-002  0.18600000000000000       5.17444399999999940E-003   5.2640233852162801
  3.54813389233575513E-002  0.19000000000000000       5.02705276000000017E-003   5.2929213990015302
  3.54813389233575513E-002  0.19400000000000001       4.87801931999999952E-003   5.3230160185566460
  3.54813389233575513E-002  0.19800000000000001       4.72858284000000038E-003   5.3541297323642940
  3.54813389233575513E-002  0.20200000000000001       4.58756822000000019E-003   5.3844051948673313
  3.54813389233575513E-002  0.20599999999999999       4.43615296000000013E-003   5.4179677285736121
  3.54813389233575513E-002  0.20999999999999999       4.29428002000000007E-003   5.4504713697281382
  3.54813389233575513E-002  0.21400000000000000       4.15774485999999971E-003   5.4827824526603548
  3.54813389233575513E-002  0.21800000000000000       4.01391834000000038E-003   5.5179873726116400
  3.54813389233575513E-002  0.22200000000000000       3.86191812000000016E-003   5.5565912966505939
  3.54813389233575513E-002  0.22600000000000001       3.72181557999999970E-003   5.5935436706194208
  3.54813389233575513E-002  0.23000000000000001       3.59685246000000011E-003   5.6276961326244868
  3.54813389233575513E-002  0.23400000000000001       3.47000870000000036E-003   5.6635981778219016
  3.54813389233575513E-002  0.23799999999999999       3.31976892000000008E-003   5.7078601008857381
  3.54813389233575513E-002  0.24199999999999999       3.19073810000000029E-003   5.7475030096391029
  3.54813389233575513E-002  0.24600000000000000       3.05991034000000026E-003   5.7893696641007146
  3.54813389233575513E-002  0.25000000000000000       2.92446462000000001E-003   5.8346438509488676
  3.54813389233575513E-002  0.25400000000000000       2.78715381999999987E-003   5.8827343400426626
  3.54813389233575513E-002  0.25800000000000001       2.65170800000000002E-003   5.9325513183012788
  3.54813389233575513E-002  0.26200000000000001       2.53517888000000030E-003   5.9774910803259553
  3.54813389233575513E-002  0.26600000000000001       2.41713800000000010E-003   6.0251710833176571
  3.54813389233575513E-002  0.27000000000000002       2.31236462000000004E-003   6.0694846329940875
  3.54813389233575513E-002  0.27400000000000002       2.21113724000000008E-003   6.1142483075723035
  3.54813389233575513E-002  0.27800000000000002       2.11959985999999982E-003   6.1565279533958677
  3.54813389233575513E-002  0.28199999999999997       2.02732543999999994E-003   6.2010378718587535
  3.54813389233575513E-002  0.28599999999999998       1.93624775999999988E-003   6.2470033231092685
  3.54813389233575513E-002  0.28999999999999998       1.84634424000000011E-003   6.2945476814132606
  3.54813389233575513E-002  0.29399999999999998       1.74441713999999993E-003   6.3513347963158910
  3.54813389233575513E-002  0.29799999999999999       1.64842857999999981E-003   6.4079328206251622
  3.54813389233575513E-002  0.30199999999999999       1.57244285999999988E-003   6.4551249070928103
  3.54813389233575513E-002  0.30599999999999999       1.49219232000000006E-003   6.5075088847032729
  3.54813389233575513E-002  0.31000000000000000       1.41185795999999994E-003   6.5628487398719431
  3.54813389233575513E-002  0.31400000000000000       1.32743962000000004E-003   6.6245032898750758
  3.54813389233575513E-002  0.31800000000000000       1.25195573999999999E-003   6.6830483583668068
  3.54813389233575513E-002  0.32200000000000001       1.17319198000000006E-003   6.7480270568884348
  3.54813389233575513E-002  0.32600000000000001       1.11117848000000003E-003   6.8023341331623559
  3.54813389233575513E-002  0.33000000000000002       1.04270923999999986E-003   6.8659329145987069
  3.54813389233575513E-002  0.33400000000000002       9.80231160000000039E-004   6.9277221365633714
  3.54813389233575513E-002  0.33800000000000002       9.27640440000000060E-004   6.9828663571554426
  3.54813389233575513E-002  0.34200000000000003       8.56615520000000115E-004   7.0625213748056455
  3.54813389233575513E-002  0.34599999999999997       8.08407260000000073E-004   7.1204445917725119
  3.54813389233575513E-002  0.34999999999999998       7.58127799999999989E-004   7.1846585849504390
  3.54813389233575513E-002  0.35399999999999998       7.12874539999999962E-004   7.2462051137621968
  3.54813389233575513E-002  0.35799999999999998       6.67380680000000072E-004   7.3121499402230334
  3.54813389233575513E-002  0.36199999999999999       6.20071799999999981E-004   7.3856752801785737
  3.54813389233575513E-002  0.36599999999999999       5.74079180000000057E-004   7.4627432269072695
  3.54813389233575513E-002  0.37000000000000000       5.33328840000000018E-004   7.5363723634400017
  3.54813389233575513E-002  0.37400000000000000       4.94169520000000014E-004   7.6126319417468187
  3.54813389233575513E-002  0.37800000000000000       4.53034000000000000E-004   7.6995433801101019
  3.54813389233575513E-002  0.38200000000000001       4.12646219999999954E-004   7.7929199422728805
  3.54813389233575513E-002  0.38600000000000001       3.79399359999999962E-004   7.8769211873387945
  3.54813389233575513E-002  0.39000000000000001       3.48585779999999971E-004   7.9616262174487415
  3.54813389233575513E-002  0.39400000000000002       3.22538919999999991E-004   8.0392867468394122
  3.54813389233575513E-002  0.39800000000000002       2.97915740000000021E-004   8.1186998631185148
  3.54813389233575513E-002  0.40200000000000002       2.69670399999999985E-004   8.2183100854175599
  3.54813389233575513E-002  0.40600000000000003       2.49118439999999972E-004   8.2975821119405815
  3.54813389233575513E-002  0.40999999999999998       2.28744920000000028E-004   8.3829030617055107
  3.54813389233575513E-002  0.41399999999999998       2.09902979999999971E-004   8.4688651340016872
  3.54813389233575513E-002  0.41799999999999998       1.92046560000000009E-004   8.5577727153348651
  3.54813389233575513E-002  0.42199999999999999       1.73812300000000016E-004   8.6575345766359799
  3.54813389233575513E-002  0.42599999999999999       1.54205440000000009E-004   8.7772248185987038
  3.54813389233575513E-002  0.42999999999999999       1.35053900000000005E-004   8.9098365999493545
  3.54813389233575513E-002  0.43400000000000000       1.19853800000000008E-004   9.0292378912869733
  3.54813389233575513E-002  0.43800000000000000       1.08597740000000002E-004   9.1278599609940514
  3.54813389233575513E-002  0.44200000000000000       9.72312599999999958E-005   9.2384182932633916
  3.54813389233575513E-002  0.44600000000000001       8.65785200000000060E-005   9.3544588101136377
  3.54813389233575513E-002  0.45000000000000001       7.62397399999999973E-005   9.4816277089074585
  3.54813389233575513E-002  0.45400000000000001       6.76216399999999992E-005   9.6015825077991046
  3.54813389233575513E-002  0.45800000000000002       5.88199999999999959E-005   9.7410286248384246
  3.54813389233575513E-002  0.46200000000000002       5.17629800000000043E-005   9.8688353360131487
  3.54813389233575513E-002  0.46600000000000003       4.60502399999999977E-005   9.9857775835501545
  3.54813389233575513E-002  0.46999999999999997       4.22196000000000049E-005   10.072625989771831
  3.54813389233575513E-002  0.47399999999999998       3.72291600000000032E-005   10.198418232783823
  3.54813389233575513E-002  0.47799999999999998       3.44028999999999955E-005   10.277369694812581
  3.54813389233575513E-002  0.48199999999999998       2.81169199999999998E-005   10.479139027603937
  3.54813389233575513E-002  0.48599999999999999       2.36347799999999980E-005   10.652791201991718
  3.54813389233575513E-002  0.48999999999999999       1.96334599999999982E-005   10.838275304382751
  3.54813389233575513E-002  0.49399999999999999       1.76149799999999985E-005   10.946760881567688
  3.54813389233575513E-002  0.49800000000000000       1.52458199999999986E-005   11.091205190843331
  3.54813389233575513E-002  0.50200000000000000       1.36793200000000010E-005   11.199625354607672
  3.54813389233575513E-002  0.50600000000000001       1.14214399999999999E-005   11.380018267114734
  3.54813389233575513E-002  0.51000000000000001       9.59812000000000019E-006   11.553943312001667
  3.54813389233575513E-002  0.51400000000000001       8.59935999999999994E-006   11.663822776078664
  3.54813389233575513E-002  0.51800000000000002       7.14817999999999989E-006   11.848652779115096
  3.54813389233575513E-002  0.52200000000000002       5.90998000000000046E-006   12.038868110646748
  3.54813389233575513E-002  0.52600000000000002       4.52035999999999970E-006   12.306918921274011
  3.54813389233575513E-002  0.53000000000000003       3.18019999999999964E-006   12.658566470068115
  3.54813389233575513E-002  0.53400000000000003       2.80518000000000014E-006   12.784042849925498
  3.54813389233575513E-002  0.53800000000000003       2.14893999999999971E-006   13.050535860656444
  3.54813389233575513E-002  0.54200000000000004       1.74395999999999990E-006   13.259352168520332
  3.54813389233575513E-002  0.54600000000000004       2.05329999999999989E-006   13.096062302984958
  3.54813389233575513E-002  0.55000000000000004       2.01667999999999998E-006   13.114057963041242
  3.54813389233575513E-002  0.55400000000000005       1.62110000000000003E-006   13.332405626798884
  3.54813389233575513E-002  0.55800000000000005       9.43620000000000081E-007   13.873542294215722
  3.54813389233575513E-002  0.56200000000000006       6.64879999999999956E-007   14.223659263701640
  3.54813389233575513E-002  0.56599999999999995       6.01319999999999987E-007   14.324138598186778
  3.54813389233575513E-002  0.56999999999999995       4.74100000000000043E-007   14.561847567038338
  3.54813389233575513E-002  0.57399999999999995       3.78820000000000000E-007   14.786204678717816
  3.54813389233575513E-002  0.57799999999999996       5.63159999999999916E-007   14.389702057352086
  3.54813389233575513E-002  0.58199999999999996       3.91039999999999986E-007   14.754455980403236
  3.54813389233575513E-002  0.58599999999999997       1.86439999999999994E-007   15.495156365441870
  3.54813389233575513E-002  0.58999999999999997       1.00839999999999995E-007   16.109730734626691
  3.54813389233575513E-002  0.59399999999999997       2.38199999999999976E-008   17.552740273019257
  3.54813389233575513E-002  0.59799999999999998        0.0000000000000000                      +Infinity
  3.54813389233575513E-002  0.60199999999999998        0.0000000000000000                      +Infinity
  3.54813389233575513E-002  0.60599999999999998        0.0000000000000000                      +Infinity
  3.54813389233575513E-002  0.60999999999999999        0.0000000000000000                      +Infinity
  3.54813389233575513E-002  0.61399999999999999        0.0000000000000000                      +Infinity
  3.54813389233575513E-002  0.61799999999999999        0.0000000000000000                      +Infinity
  3.54813389233575513E-002  0.62200000000000000        0.0000000000000000                      +Infinity
  3.54813389233575513E-002  0.62600000000000000        0.0000000000000000                      +Infinity
  3.54813389233575513E-002  0.63000000000000000        0.0000000000000000                      +Infinity
  3.54813389233575513E-002  0.63400000000000001        0.0000000000000000                      +Infinity
  3.54813389233575513E-002  0.63800000000000001        0.0000000000000000                      +Infinity
  3.54813389233575513E-002  0.64200000000000002        0.0000000000000000                      +Infinity
  3.54813389233575513E-002  0.64600000000000002        0.0000000000000000                      +Infinity
  3.54813389233575513E-002  0.65000000000000002        0.0000000000000000                      +Infinity
  3.54813389233575513E-002  0.65400000000000003        0.0000000000000000                      +Infinity
  3.54813389233575513E-002  0.65800000000000003        0.0000000000000000                      +Infinity
  3.54813389233575513E-002  0.66200000000000003        0.0000000000000000                      +Infinity
  3.54813389233575513E-002  0.66600000000000004        0.0000000000000000                      +Infinity
  3.54813389233575513E-002  0.67000000000000004        0.0000000000000000                      +Infinity
  3.54813389233575513E-002  0.67400000000000004        0.0000000000000000                      +Infinity
  3.54813389233575513E-002  0.67800000000000005        0.0000000000000000                      +Infinity
  3.54813389233575513E-002  0.68200000000000005        0.0000000000000000                      +Infinity
  3.54813389233575513E-002  0.68600000000000005        0.0000000000000000                      +Infinity
  3.54813389233575513E-002  0.68999999999999995        0.0000000000000000                      +Infinity
  3.54813389233575513E-002  0.69399999999999995        0.0000000000000000                      +Infinity
  3.54813389233575513E-002  0.69799999999999995        0.0000000000000000                      +Infinity
  3.54813389233575513E-002  0.70199999999999996        0.0000000000000000                      +Infinity
  3.54813389233575513E-002  0.70599999999999996        0.0000000000000000                      +Infinity
  3.54813389233575513E-002  0.70999999999999996        0.0000000000000000                      +Infinity
  3.54813389233575513E-002  0.71399999999999997        0.0000000000000000                      +Infinity
  3.54813389233575513E-002  0.71799999999999997        0.0000000000000000                      +Infinity
  3.54813389233575513E-002  0.72199999999999998        0.0000000000000000                      +Infinity
  3.54813389233575513E-002  0.72599999999999998        0.0000000000000000                      +Infinity
  3.54813389233575513E-002  0.72999999999999998        0.0000000000000000                      +Infinity
  3.54813389233575513E-002  0.73399999999999999        0.0000000000000000                      +Infinity
  3.54813389233575513E-002  0.73799999999999999        0.0000000000000000                      +Infinity
  3.54813389233575513E-002  0.74199999999999999        0.0000000000000000                      +Infinity
  3.54813389233575513E-002  0.74600000000000000        0.0000000000000000                      +Infinity
  3.54813389233575513E-002  0.75000000000000000        0.0000000000000000                      +Infinity
  3.54813389233575513E-002  0.75400000000000000        0.0000000000000000                      +Infinity
  3.54813389233575513E-002  0.75800000000000001        0.0000000000000000                      +Infinity
  3.54813389233575513E-002  0.76200000000000001        0.0000000000000000                      +Infinity
  3.54813389233575513E-002  0.76600000000000001        0.0000000000000000                      +Infinity
  3.54813389233575513E-002  0.77000000000000002        0.0000000000000000                      +Infinity
  3.54813389233575513E-002  0.77400000000000002        0.0000000000000000                      +Infinity
  3.54813389233575513E-002  0.77800000000000002        0.0000000000000000                      +Infinity
  3.54813389233575513E-002  0.78200000000000003        0.0000000000000000                      +Infinity
  3.54813389233575513E-002  0.78600000000000003        0.0000000000000000                      +Infinity
  3.54813389233575513E-002  0.79000000000000004        0.0000000000000000                      +Infinity
  3.54813389233575513E-002  0.79400000000000004        0.0000000000000000                      +Infinity
  3.54813389233575513E-002  0.79800000000000004        0.0000000000000000                      +Infinity
  3.54813389233575513E-002  0.80200000000000005        0.0000000000000000                      +Infinity
  3.54813389233575513E-002  0.80600000000000005        0.0000000000000000                      +Infinity
  3.54813389233575513E-002  0.81000000000000005        0.0000000000000000                      +Infinity
  3.54813389233575513E-002  0.81399999999999995        0.0000000000000000                      +Infinity
  3.54813389233575513E-002  0.81799999999999995        0.0000000000000000                      +Infinity
  3.54813389233575513E-002  0.82199999999999995        0.0000000000000000                      +Infinity
  3.54813389233575513E-002  0.82599999999999996        0.0000000000000000                      +Infinity
  3.54813389233575513E-002  0.82999999999999996        0.0000000000000000                      +Infinity
  3.54813389233575513E-002  0.83399999999999996        0.0000000000000000                      +Infinity
  3.54813389233575513E-002  0.83799999999999997        0.0000000000000000                      +Infinity
  3.54813389233575513E-002  0.84199999999999997        0.0000000000000000                      +Infinity
  3.54813389233575513E-002  0.84599999999999997        0.0000000000000000                      +Infinity
  3.54813389233575513E-002  0.84999999999999998        0.0000000000000000                      +Infinity
  3.54813389233575513E-002  0.85399999999999998        0.0000000000000000                      +Infinity
  3.54813389233575513E-002  0.85799999999999998        0.0000000000000000                      +Infinity
  3.54813389233575513E-002  0.86199999999999999        0.0000000000000000                      +Infinity
  3.54813389233575513E-002  0.86599999999999999        0.0000000000000000                      +Infinity
  3.54813389233575513E-002  0.87000000000000000        0.0000000000000000                      +Infinity
  3.54813389233575513E-002  0.87400000000000000        0.0000000000000000                      +Infinity
  3.54813389233575513E-002  0.87800000000000000        0.0000000000000000                      +Infinity
  3.54813389233575513E-002  0.88200000000000001        0.0000000000000000                      +Infinity
  3.54813389233575513E-002  0.88600000000000001        0.0000000000000000                      +Infinity
  3.54813389233575513E-002  0.89000000000000001        0.0000000000000000                      +Infinity
  3.54813389233575513E-002  0.89400000000000002        0.0000000000000000                      +Infinity
  3.54813389233575513E-002  0.89800000000000002        0.0000000000000000                      +Infinity
  3.54813389233575513E-002  0.90200000000000002        0.0000000000000000                      +Infinity
  3.54813389233575513E-002  0.90600000000000003        0.0000000000000000                      +Infinity
  3.54813389233575513E-002  0.91000000000000003        0.0000000000000000                      +Infinity
  3.54813389233575513E-002  0.91400000000000003        0.0000000000000000                      +Infinity
  3.54813389233575513E-002  0.91800000000000004        0.0000000000000000                      +Infinity
  3.54813389233575513E-002  0.92200000000000004        0.0000000000000000                      +Infinity
  3.54813389233575513E-002  0.92600000000000005        0.0000000000000000                      +Infinity
  3.54813389233575513E-002  0.93000000000000005        0.0000000000000000                      +Infinity
  3.54813389233575513E-002  0.93400000000000005        0.0000000000000000                      +Infinity
  3.54813389233575513E-002  0.93799999999999994        0.0000000000000000                      +Infinity
  3.54813389233575513E-002  0.94199999999999995        0.0000000000000000                      +Infinity
  3.54813389233575513E-002  0.94599999999999995        0.0000000000000000                      +Infinity
  3.54813389233575513E-002  0.94999999999999996        0.0000000000000000                      +Infinity
  3.54813389233575513E-002  0.95399999999999996        0.0000000000000000                      +Infinity
  3.54813389233575513E-002  0.95799999999999996        0.0000000000000000                      +Infinity
  3.54813389233575513E-002  0.96199999999999997        0.0000000000000000                      +Infinity
  3.54813389233575513E-002  0.96599999999999997        0.0000000000000000                      +Infinity
  3.54813389233575513E-002  0.96999999999999997        0.0000000000000000                      +Infinity
  3.54813389233575513E-002  0.97399999999999998        0.0000000000000000                      +Infinity
  3.54813389233575513E-002  0.97799999999999998        0.0000000000000000                      +Infinity
  3.54813389233575513E-002  0.98199999999999998        0.0000000000000000                      +Infinity
  3.54813389233575513E-002  0.98599999999999999        0.0000000000000000                      +Infinity
  3.54813389233575513E-002  0.98999999999999999        0.0000000000000000                      +Infinity
  3.54813389233575513E-002  0.99399999999999999        0.0000000000000000                      +Infinity
  3.54813389233575513E-002  0.99800000000000000        0.0000000000000000                      +Infinity
