  7.07945784384138022E-002 -0.99800000000000000        0.0000000000000000                      +Infinity
  7.07945784384138022E-002 -0.99399999999999999        0.0000000000000000                      +Infinity
  7.07945784384138022E-002 -0.98999999999999999        0.0000000000000000                      +Infinity
  7.07945784384138022E-002 -0.98599999999999999        0.0000000000000000                      +Infinity
  7.07945784384138022E-002 -0.98199999999999998        0.0000000000000000                      +Infinity
  7.07945784384138022E-002 -0.97799999999999998        0.0000000000000000                      +Infinity
  7.07945784384138022E-002 -0.97399999999999998        0.0000000000000000                      +Infinity
  7.07945784384138022E-002 -0.96999999999999997        0.0000000000000000                      +Infinity
  7.07945784384138022E-002 -0.96599999999999997        0.0000000000000000                      +Infinity
  7.07945784384138022E-002 -0.96199999999999997        0.0000000000000000                      +Infinity
  7.07945784384138022E-002 -0.95799999999999996        0.0000000000000000                      +Infinity
  7.07945784384138022E-002 -0.95399999999999996        0.0000000000000000                      +Infinity
  7.07945784384138022E-002 -0.94999999999999996        0.0000000000000000                      +Infinity
  7.07945784384138022E-002 -0.94599999999999995        0.0000000000000000                      +Infinity
  7.07945784384138022E-002 -0.94199999999999995        0.0000000000000000                      +Infinity
  7.07945784384138022E-002 -0.93799999999999994        0.0000000000000000                      +Infinity
  7.07945784384138022E-002 -0.93400000000000005        0.0000000000000000                      +Infinity
  7.07945784384138022E-002 -0.93000000000000005        0.0000000000000000                      +Infinity
  7.07945784384138022E-002 -0.92600000000000005        0.0000000000000000                      +Infinity
  7.07945784384138022E-002 -0.92200000000000004        0.0000000000000000                      +Infinity
  7.07945784384138022E-002 -0.91800000000000004        0.0000000000000000                      +Infinity
  7.07945784384138022E-002 -0.91400000000000003        0.0000000000000000                      +Infinity
  7.07945784384138022E-002 -0.91000000000000003        0.0000000000000000                      +Infinity
  7.07945784384138022E-002 -0.90600000000000003        0.0000000000000000                      +Infinity
  7.07945784384138022E-002 -0.90200000000000002        0.0000000000000000                      +Infinity
  7.07945784384138022E-002 -0.89800000000000002        0.0000000000000000                      +Infinity
  7.07945784384138022E-002 -0.89400000000000002        0.0000000000000000                      +Infinity
  7.07945784384138022E-002 -0.89000000000000001        0.0000000000000000                      +Infinity
  7.07945784384138022E-002 -0.88600000000000001        0.0000000000000000                      +Infinity
  7.07945784384138022E-002 -0.88200000000000001        0.0000000000000000                      +Infinity
  7.07945784384138022E-002 -0.87800000000000000        0.0000000000000000                      +Infinity
  7.07945784384138022E-002 -0.87400000000000000        0.0000000000000000                      +Infinity
  7.07945784384138022E-002 -0.87000000000000000        0.0000000000000000                      +Infinity
  7.07945784384138022E-002 -0.86599999999999999        0.0000000000000000                      +Infinity
  7.07945784384138022E-002 -0.86199999999999999        0.0000000000000000                      +Infinity
  7.07945784384138022E-002 -0.85799999999999998        0.0000000000000000                      +Infinity
  7.07945784384138022E-002 -0.85399999999999998        0.0000000000000000                      +Infinity
  7.07945784384138022E-002 -0.84999999999999998        0.0000000000000000                      +Infinity
  7.07945784384138022E-002 -0.84599999999999997        0.0000000000000000                      +Infinity
  7.07945784384138022E-002 -0.84199999999999997        0.0000000000000000                      +Infinity
  7.07945784384138022E-002 -0.83799999999999997        0.0000000000000000                      +Infinity
  7.07945784384138022E-002 -0.83399999999999996        0.0000000000000000                      +Infinity
  7.07945784384138022E-002 -0.82999999999999996        0.0000000000000000                      +Infinity
  7.07945784384138022E-002 -0.82599999999999996        0.0000000000000000                      +Infinity
  7.07945784384138022E-002 -0.82199999999999995        0.0000000000000000                      +Infinity
  7.07945784384138022E-002 -0.81799999999999995        0.0000000000000000                      +Infinity
  7.07945784384138022E-002 -0.81399999999999995        0.0000000000000000                      +Infinity
  7.07945784384138022E-002 -0.81000000000000005        0.0000000000000000                      +Infinity
  7.07945784384138022E-002 -0.80600000000000005        0.0000000000000000                      +Infinity
  7.07945784384138022E-002 -0.80200000000000005        0.0000000000000000                      +Infinity
  7.07945784384138022E-002 -0.79800000000000004        0.0000000000000000                      +Infinity
  7.07945784384138022E-002 -0.79400000000000004        0.0000000000000000                      +Infinity
  7.07945784384138022E-002 -0.79000000000000004        0.0000000000000000                      +Infinity
  7.07945784384138022E-002 -0.78600000000000003        0.0000000000000000                      +Infinity
  7.07945784384138022E-002 -0.78200000000000003        0.0000000000000000                      +Infinity
  7.07945784384138022E-002 -0.77800000000000002        0.0000000000000000                      +Infinity
  7.07945784384138022E-002 -0.77400000000000002        0.0000000000000000                      +Infinity
  7.07945784384138022E-002 -0.77000000000000002        0.0000000000000000                      +Infinity
  7.07945784384138022E-002 -0.76600000000000001        0.0000000000000000                      +Infinity
  7.07945784384138022E-002 -0.76200000000000001        0.0000000000000000                      +Infinity
  7.07945784384138022E-002 -0.75800000000000001        0.0000000000000000                      +Infinity
  7.07945784384138022E-002 -0.75400000000000000        0.0000000000000000                      +Infinity
  7.07945784384138022E-002 -0.75000000000000000        0.0000000000000000                      +Infinity
  7.07945784384138022E-002 -0.74600000000000000        0.0000000000000000                      +Infinity
  7.07945784384138022E-002 -0.74199999999999999        0.0000000000000000                      +Infinity
  7.07945784384138022E-002 -0.73799999999999999        0.0000000000000000                      +Infinity
  7.07945784384138022E-002 -0.73399999999999999        0.0000000000000000                      +Infinity
  7.07945784384138022E-002 -0.72999999999999998        0.0000000000000000                      +Infinity
  7.07945784384138022E-002 -0.72599999999999998        0.0000000000000000                      +Infinity
  7.07945784384138022E-002 -0.72199999999999998        0.0000000000000000                      +Infinity
  7.07945784384138022E-002 -0.71799999999999997        0.0000000000000000                      +Infinity
  7.07945784384138022E-002 -0.71399999999999997        0.0000000000000000                      +Infinity
  7.07945784384138022E-002 -0.70999999999999996        0.0000000000000000                      +Infinity
  7.07945784384138022E-002 -0.70599999999999996        0.0000000000000000                      +Infinity
  7.07945784384138022E-002 -0.70199999999999996        0.0000000000000000                      +Infinity
  7.07945784384138022E-002 -0.69799999999999995        0.0000000000000000                      +Infinity
  7.07945784384138022E-002 -0.69399999999999995        0.0000000000000000                      +Infinity
  7.07945784384138022E-002 -0.68999999999999995        0.0000000000000000                      +Infinity
  7.07945784384138022E-002 -0.68600000000000005        0.0000000000000000                      +Infinity
  7.07945784384138022E-002 -0.68200000000000005        0.0000000000000000                      +Infinity
  7.07945784384138022E-002 -0.67800000000000005        0.0000000000000000                      +Infinity
  7.07945784384138022E-002 -0.67400000000000004        0.0000000000000000                      +Infinity
  7.07945784384138022E-002 -0.67000000000000004        0.0000000000000000                      +Infinity
  7.07945784384138022E-002 -0.66600000000000004        0.0000000000000000                      +Infinity
  7.07945784384138022E-002 -0.66200000000000003        0.0000000000000000                      +Infinity
  7.07945784384138022E-002 -0.65800000000000003        0.0000000000000000                      +Infinity
  7.07945784384138022E-002 -0.65400000000000003        0.0000000000000000                      +Infinity
  7.07945784384138022E-002 -0.65000000000000002        0.0000000000000000                      +Infinity
  7.07945784384138022E-002 -0.64600000000000002        0.0000000000000000                      +Infinity
  7.07945784384138022E-002 -0.64200000000000002        0.0000000000000000                      +Infinity
  7.07945784384138022E-002 -0.63800000000000001        0.0000000000000000                      +Infinity
  7.07945784384138022E-002 -0.63400000000000001        0.0000000000000000                      +Infinity
  7.07945784384138022E-002 -0.63000000000000000        0.0000000000000000                      +Infinity
  7.07945784384138022E-002 -0.62600000000000000        0.0000000000000000                      +Infinity
  7.07945784384138022E-002 -0.62200000000000000        0.0000000000000000                      +Infinity
  7.07945784384138022E-002 -0.61799999999999999        0.0000000000000000                      +Infinity
  7.07945784384138022E-002 -0.61399999999999999        0.0000000000000000                      +Infinity
  7.07945784384138022E-002 -0.60999999999999999        0.0000000000000000                      +Infinity
  7.07945784384138022E-002 -0.60599999999999998        0.0000000000000000                      +Infinity
  7.07945784384138022E-002 -0.60199999999999998        0.0000000000000000                      +Infinity
  7.07945784384138022E-002 -0.59799999999999998        0.0000000000000000                      +Infinity
  7.07945784384138022E-002 -0.59399999999999997        0.0000000000000000                      +Infinity
  7.07945784384138022E-002 -0.58999999999999997        0.0000000000000000                      +Infinity
  7.07945784384138022E-002 -0.58599999999999997        0.0000000000000000                      +Infinity
  7.07945784384138022E-002 -0.58199999999999996        0.0000000000000000                      +Infinity
  7.07945784384138022E-002 -0.57799999999999996        0.0000000000000000                      +Infinity
  7.07945784384138022E-002 -0.57399999999999995        0.0000000000000000                      +Infinity
  7.07945784384138022E-002 -0.56999999999999995        0.0000000000000000                      +Infinity
  7.07945784384138022E-002 -0.56599999999999995        0.0000000000000000                      +Infinity
  7.07945784384138022E-002 -0.56200000000000006        0.0000000000000000                      +Infinity
  7.07945784384138022E-002 -0.55800000000000005        0.0000000000000000                      +Infinity
  7.07945784384138022E-002 -0.55400000000000005        0.0000000000000000                      +Infinity
  7.07945784384138022E-002 -0.55000000000000004        0.0000000000000000                      +Infinity
  7.07945784384138022E-002 -0.54600000000000004        0.0000000000000000                      +Infinity
  7.07945784384138022E-002 -0.54200000000000004        0.0000000000000000                      +Infinity
  7.07945784384138022E-002 -0.53800000000000003        0.0000000000000000                      +Infinity
  7.07945784384138022E-002 -0.53400000000000003        0.0000000000000000                      +Infinity
  7.07945784384138022E-002 -0.53000000000000003        0.0000000000000000                      +Infinity
  7.07945784384138022E-002 -0.52600000000000002        0.0000000000000000                      +Infinity
  7.07945784384138022E-002 -0.52200000000000002        0.0000000000000000                      +Infinity
  7.07945784384138022E-002 -0.51800000000000002        0.0000000000000000                      +Infinity
  7.07945784384138022E-002 -0.51400000000000001        0.0000000000000000                      +Infinity
  7.07945784384138022E-002 -0.51000000000000001        0.0000000000000000                      +Infinity
  7.07945784384138022E-002 -0.50600000000000001        0.0000000000000000                      +Infinity
  7.07945784384138022E-002 -0.50200000000000000        0.0000000000000000                      +Infinity
  7.07945784384138022E-002 -0.49800000000000000        0.0000000000000000                      +Infinity
  7.07945784384138022E-002 -0.49399999999999999        0.0000000000000000                      +Infinity
  7.07945784384138022E-002 -0.48999999999999999        0.0000000000000000                      +Infinity
  7.07945784384138022E-002 -0.48599999999999999        0.0000000000000000                      +Infinity
  7.07945784384138022E-002 -0.48199999999999998        0.0000000000000000                      +Infinity
  7.07945784384138022E-002 -0.47799999999999998        0.0000000000000000                      +Infinity
  7.07945784384138022E-002 -0.47399999999999998        0.0000000000000000                      +Infinity
  7.07945784384138022E-002 -0.46999999999999997        0.0000000000000000                      +Infinity
  7.07945784384138022E-002 -0.46600000000000003        0.0000000000000000                      +Infinity
  7.07945784384138022E-002 -0.46200000000000002        0.0000000000000000                      +Infinity
  7.07945784384138022E-002 -0.45800000000000002       9.72000000000000035E-009   18.449080218474062
  7.07945784384138022E-002 -0.45400000000000001       1.92199999999999994E-008   17.767314433404266
  7.07945784384138022E-002 -0.45000000000000001       3.13000000000000023E-008   17.279647739400303
  7.07945784384138022E-002 -0.44600000000000001       4.91199999999999991E-008   16.828999553107526
  7.07945784384138022E-002 -0.44200000000000000       2.16999999999999991E-008   17.645953576399997
  7.07945784384138022E-002 -0.43800000000000000       2.23400000000000002E-008   17.616887043305358
  7.07945784384138022E-002 -0.43400000000000000       1.08299999999999997E-007   16.038360682939466
  7.07945784384138022E-002 -0.42999999999999999       7.52799999999999965E-008   16.402051341669289
  7.07945784384138022E-002 -0.42599999999999999       3.92799999999999984E-008   17.052550353460145
  7.07945784384138022E-002 -0.42199999999999999       3.11000000000000006E-008   17.286058017761224
  7.07945784384138022E-002 -0.41799999999999998       1.70399999999999991E-008   17.887702315545241
  7.07945784384138022E-002 -0.41399999999999998       8.61800000000000080E-008   16.266827704758718
  7.07945784384138022E-002 -0.40999999999999998       1.21119999999999989E-007   15.926484047257272
  7.07945784384138022E-002 -0.40600000000000003       8.85799999999999898E-008   16.239359738451359
  7.07945784384138022E-002 -0.40200000000000002       1.85420000000000002E-007   15.500642314767575
  7.07945784384138022E-002 -0.39800000000000002       2.12439999999999989E-007   15.364606241392213
  7.07945784384138022E-002 -0.39400000000000002       3.95959999999999954E-007   14.741952640894805
  7.07945784384138022E-002 -0.39000000000000001       6.97080000000000045E-007   14.176365655153969
  7.07945784384138022E-002 -0.38600000000000001       8.57800000000000071E-007   13.968894864863630
  7.07945784384138022E-002 -0.38200000000000001       9.33319999999999943E-007   13.884517715267553
  7.07945784384138022E-002 -0.37800000000000000       1.14312000000000003E-006   13.681749191785697
  7.07945784384138022E-002 -0.37400000000000000       1.58232000000000000E-006   13.356618433473257
  7.07945784384138022E-002 -0.37000000000000000       1.85056000000000007E-006   13.200022261976558
  7.07945784384138022E-002 -0.36599999999999999       2.32124000000000016E-006   12.973409032312469
  7.07945784384138022E-002 -0.36199999999999999       3.39353999999999961E-006   12.593636933631755
  7.07945784384138022E-002 -0.35799999999999998       3.88507999999999974E-006   12.458366982336084
  7.07945784384138022E-002 -0.35399999999999998       4.78010000000000019E-006   12.251049091177649
  7.07945784384138022E-002 -0.34999999999999998       6.50092000000000043E-006   11.943566852616767
  7.07945784384138022E-002 -0.34599999999999997       8.72142000000000060E-006   11.649728489264339
  7.07945784384138022E-002 -0.34200000000000003       1.08013999999999996E-005   11.435834802605665
  7.07945784384138022E-002 -0.33800000000000002       1.21838199999999998E-005   11.315401715953950
  7.07945784384138022E-002 -0.33400000000000002       1.45236799999999998E-005   11.139730137152839
  7.07945784384138022E-002 -0.33000000000000002       1.77843599999999992E-005   10.937191138592285
  7.07945784384138022E-002 -0.32600000000000001       2.20790600000000007E-005   10.720880909925381
  7.07945784384138022E-002 -0.32200000000000001       2.50748399999999986E-005   10.593645604994061
  7.07945784384138022E-002 -0.31800000000000000       2.83009400000000015E-005   10.472615538319003
  7.07945784384138022E-002 -0.31400000000000000       3.46973199999999987E-005   10.268848107423510
  7.07945784384138022E-002 -0.31000000000000000       4.26011599999999985E-005   10.063629075012733
  7.07945784384138022E-002 -0.30599999999999999       5.04834800000000041E-005   9.8938644039141010
  7.07945784384138022E-002 -0.30199999999999999       5.91924800000000049E-005   9.7347160511699578
  7.07945784384138022E-002 -0.29799999999999999       6.84719800000000030E-005   9.5890859474752048
  7.07945784384138022E-002 -0.29399999999999998       7.99471599999999964E-005   9.4341446415166157
  7.07945784384138022E-002 -0.28999999999999998       9.21258600000000091E-005   9.2923548723558760
  7.07945784384138022E-002 -0.28599999999999998       1.06483599999999991E-004   9.1475195752828942
  7.07945784384138022E-002 -0.28199999999999997       1.26700079999999995E-004   8.9736878392245938
  7.07945784384138022E-002 -0.27800000000000002       1.48909880000000001E-004   8.8121692672183709
  7.07945784384138022E-002 -0.27400000000000002       1.75503239999999993E-004   8.6478530536903033
  7.07945784384138022E-002 -0.27000000000000002       1.96776440000000018E-004   8.5334422959597411
  7.07945784384138022E-002 -0.26600000000000001       2.26974080000000018E-004   8.3906747320245039
  7.07945784384138022E-002 -0.26200000000000001       2.61879199999999978E-004   8.2476272292303250
  7.07945784384138022E-002 -0.25800000000000001       3.02744299999999967E-004   8.1026220031236704
  7.07945784384138022E-002 -0.25400000000000000       3.41301600000000005E-004   7.9827440141047932
  7.07945784384138022E-002 -0.25000000000000000       3.82069660000000037E-004   7.8699076099615946
  7.07945784384138022E-002 -0.24600000000000000       4.31812820000000036E-004   7.7475183506531522
  7.07945784384138022E-002 -0.24199999999999999       4.86366559999999997E-004   7.6285479796757061
  7.07945784384138022E-002 -0.23799999999999999       5.46637820000000075E-004   7.5117240954991180
  7.07945784384138022E-002 -0.23400000000000001       6.24564079999999984E-004   7.3784566235746265
  7.07945784384138022E-002 -0.23000000000000001       6.99966599999999987E-004   7.2644779383449460
  7.07945784384138022E-002 -0.22600000000000001       7.79899179999999953E-004   7.1563459030452226
  7.07945784384138022E-002 -0.22200000000000000       8.80051159999999978E-004   7.0355305158182384
  7.07945784384138022E-002 -0.21800000000000000       9.86101820000000054E-004   6.9217509429730946
  7.07945784384138022E-002 -0.21400000000000000       1.09342198000000001E-003   6.8184430692726483
  7.07945784384138022E-002 -0.20999999999999999       1.22053466000000008E-003   6.7084662703370208
  7.07945784384138022E-002 -0.20599999999999999       1.35764539999999991E-003   6.6020034032362895
  7.07945784384138022E-002 -0.20200000000000001       1.51203037999999993E-003   6.4943019088340570
  7.07945784384138022E-002 -0.19800000000000001       1.67302127999999998E-003   6.3931241373930723
  7.07945784384138022E-002 -0.19400000000000001       1.83132449999999980E-003   6.3027158034325543
  7.07945784384138022E-002 -0.19000000000000000       2.01798834000000002E-003   6.2056541350654300
  7.07945784384138022E-002 -0.18600000000000000       2.20938052000000003E-003   6.1150431104383278
  7.07945784384138022E-002 -0.18200000000000000       2.41260873999999976E-003   6.0270466521917871
  7.07945784384138022E-002 -0.17799999999999999       2.64544426000000010E-003   5.9349162655831273
  7.07945784384138022E-002 -0.17399999999999999       2.87108011999999977E-003   5.8530669715798593
  7.07945784384138022E-002 -0.17000000000000001       3.11174263999999985E-003   5.7725723753145530
  7.07945784384138022E-002 -0.16600000000000001       3.38148320000000030E-003   5.6894408491709951
  7.07945784384138022E-002 -0.16200000000000001       3.65676004000000049E-003   5.6111777585934073
  7.07945784384138022E-002 -0.15800000000000000       3.95398252000000051E-003   5.5330319750831398
  7.07945784384138022E-002 -0.15400000000000000       4.24469325999999973E-003   5.4620857209580294
  7.07945784384138022E-002 -0.14999999999999999       4.54821054000000002E-003   5.3930214112893404
  7.07945784384138022E-002 -0.14599999999999999       4.88119442000000021E-003   5.3223653308687604
  7.07945784384138022E-002 -0.14199999999999999       5.24133118000000026E-003   5.2511797709276546
  7.07945784384138022E-002 -0.13800000000000001       5.61272737999999986E-003   5.1827185135940876
  7.07945784384138022E-002 -0.13400000000000001       6.00325440000000054E-003   5.1154535567997925
  7.07945784384138022E-002 -0.13000000000000000       6.37510959999999967E-003   5.0553539959285683
  7.07945784384138022E-002 -0.12600000000000000       6.77873878000000065E-003   4.9939642149827872
  7.07945784384138022E-002 -0.12200000000000000       7.21322114000000000E-003   4.9318396673973606
  7.07945784384138022E-002 -0.11799999999999999       7.64871782000000038E-003   4.8732172504197768
  7.07945784384138022E-002 -0.11400000000000000       8.08666251999999933E-003   4.8175391769127103
  7.07945784384138022E-002 -0.11000000000000000       8.51541299999999945E-003   4.7658774634013046
  7.07945784384138022E-002 -0.10600000000000000       8.98328529999999938E-003   4.7123896172483111
  7.07945784384138022E-002 -0.10199999999999999       9.43649384000000077E-003   4.6631707830706937
  7.07945784384138022E-002 -9.80000000000000038E-002  9.88054764000000085E-003   4.6171873396087015
  7.07945784384138022E-002 -9.40000000000000002E-002  1.03316929199999998E-002   4.5725391254445835
  7.07945784384138022E-002 -8.99999999999999967E-002  1.07526126199999992E-002   4.5326065195179410
  7.07945784384138022E-002 -8.59999999999999931E-002  1.11848656199999997E-002   4.4931936984170893
  7.07945784384138022E-002 -8.20000000000000034E-002  1.16271064799999997E-002   4.4544161413432768
  7.07945784384138022E-002 -7.79999999999999999E-002  1.20873795400000001E-002   4.4155933839193935
  7.07945784384138022E-002 -7.39999999999999963E-002  1.25271269599999992E-002   4.3798588292628429
  7.07945784384138022E-002 -7.00000000000000067E-002  1.29499114399999997E-002   4.3466663294700121
  7.07945784384138022E-002 -6.60000000000000031E-002  1.33935006600000000E-002   4.3129857150612603
  7.07945784384138022E-002 -6.19999999999999996E-002  1.38035634600000012E-002   4.2828284984133429
  7.07945784384138022E-002 -5.80000000000000029E-002  1.42221381799999980E-002   4.2529555016349487
  7.07945784384138022E-002 -5.39999999999999994E-002  1.46154120599999993E-002   4.2256786864954767
  7.07945784384138022E-002 -5.00000000000000028E-002  1.50060041799999992E-002   4.1993048793033942
  7.07945784384138022E-002 -4.59999999999999992E-002  1.53430766199999999E-002   4.1770909412232857
  7.07945784384138022E-002 -4.20000000000000026E-002  1.56608957399999998E-002   4.1565883908215771
  7.07945784384138022E-002 -3.79999999999999991E-002  1.59538759400000008E-002   4.1380534736297392
  7.07945784384138022E-002 -3.40000000000000024E-002  1.62445862599999991E-002   4.1199955789450264
  7.07945784384138022E-002 -2.99999999999999989E-002  1.65022325599999999E-002   4.1042596005620569
  7.07945784384138022E-002 -2.59999999999999988E-002  1.67383544400000021E-002   4.0900525198279443
  7.07945784384138022E-002 -2.19999999999999987E-002  1.69211155999999981E-002   4.0791929931714508
  7.07945784384138022E-002 -1.79999999999999986E-002  1.70606289600000009E-002   4.0709818700718170
  7.07945784384138022E-002 -1.40000000000000003E-002  1.71783450600000026E-002   4.0641056965188591
  7.07945784384138022E-002 -1.00000000000000002E-002  1.72448493200000018E-002   4.0602417702366091
  7.07945784384138022E-002 -6.00000000000000012E-003  1.73078460999999996E-002   4.0565953485009540
  7.07945784384138022E-002 -2.00000000000000004E-003  1.73799924200000004E-002   4.0524355952784727
  7.07945784384138022E-002  2.00000000000000004E-003  1.73912852999999999E-002   4.0517860430539043
  7.07945784384138022E-002  6.00000000000000012E-003  1.73414733400000000E-002   4.0546543435345637
  7.07945784384138022E-002  1.00000000000000002E-002  1.72716274799999993E-002   4.0586901538577091
  7.07945784384138022E-002  1.40000000000000003E-002  1.71953421799999999E-002   4.0631167353249875
  7.07945784384138022E-002  1.79999999999999986E-002  1.70447370800000005E-002   4.0719137985625729
  7.07945784384138022E-002  2.19999999999999987E-002  1.68997030200000002E-002   4.0804592299885778
  7.07945784384138022E-002  2.59999999999999988E-002  1.67115284199999999E-002   4.0916564731729217
  7.07945784384138022E-002  2.99999999999999989E-002  1.64880706999999994E-002   4.1051181474361664
  7.07945784384138022E-002  3.40000000000000024E-002  1.62531388000000006E-002   4.1194692319357102
  7.07945784384138022E-002  3.79999999999999991E-002  1.59596442400000010E-002   4.1376919779357335
  7.07945784384138022E-002  4.20000000000000026E-002  1.56916665399999995E-002   4.1546255011792557
  7.07945784384138022E-002  4.59999999999999992E-002  1.53818989200000013E-002   4.1745638556859896
  7.07945784384138022E-002  5.00000000000000028E-002  1.50390736199999993E-002   4.1971035567723511
  7.07945784384138022E-002  5.39999999999999994E-002  1.46872633199999995E-002   4.2207746015905760
  7.07945784384138022E-002  5.80000000000000029E-002  1.42889352199999983E-002   4.2482698020628629
  7.07945784384138022E-002  6.19999999999999996E-002  1.39029246800000013E-002   4.2756560523451892
  7.07945784384138022E-002  6.60000000000000031E-002  1.34911176000000015E-002   4.3057237656410567
  7.07945784384138022E-002  7.00000000000000067E-002  1.30820147999999997E-002   4.3365169081182708
  7.07945784384138022E-002  7.39999999999999963E-002  1.26607460800000002E-002   4.3692489319330230
  7.07945784384138022E-002  7.79999999999999999E-002  1.22304639999999999E-002   4.4038253905096907
  7.07945784384138022E-002  8.20000000000000034E-002  1.18035889599999999E-002   4.4393516446019525
  7.07945784384138022E-002  8.59999999999999931E-002  1.13371836199999999E-002   4.4796673695531837
  7.07945784384138022E-002  8.99999999999999967E-002  1.08842802600000003E-002   4.5204357086682894
  7.07945784384138022E-002  9.40000000000000002E-002  1.04022910400000008E-002   4.5657292047879050
  7.07945784384138022E-002  9.80000000000000038E-002  9.92524573999999972E-003   4.6126736930176664
  7.07945784384138022E-002  0.10199999999999999       9.48016735999999971E-003   4.6585533088625981
  7.07945784384138022E-002  0.10600000000000000       9.03187832000000058E-003   4.7069949243247287
  7.07945784384138022E-002  0.11000000000000000       8.55672115999999913E-003   4.7610382042639081
  7.07945784384138022E-002  0.11400000000000000       8.13612418000000080E-003   4.8114413573238419
  7.07945784384138022E-002  0.11799999999999999       7.69143166000000027E-003   4.8676483411408800
  7.07945784384138022E-002  0.12200000000000000       7.29561760000000011E-003   4.9204814398643801
  7.07945784384138022E-002  0.12600000000000000       6.87667859999999999E-003   4.9796195052317040
  7.07945784384138022E-002  0.13000000000000000       6.46647923999999971E-003   5.0411234855061489
  7.07945784384138022E-002  0.13400000000000001       6.06496350000000021E-003   5.1052267547410830
  7.07945784384138022E-002  0.13800000000000001       5.69834986000000016E-003   5.1675786442999527
  7.07945784384138022E-002  0.14199999999999999       5.33265471999999977E-003   5.2339060935061612
  7.07945784384138022E-002  0.14599999999999999       4.97409185999999996E-003   5.3035124657376809
  7.07945784384138022E-002  0.14999999999999999       4.63446869999999990E-003   5.3742337143663059
  7.07945784384138022E-002  0.15400000000000000       4.29576155999999987E-003   5.4501264261092066
  7.07945784384138022E-002  0.15800000000000000       3.98072586000000010E-003   5.5262910994300105
  7.07945784384138022E-002  0.16200000000000001       3.68857781999999993E-003   5.6025143098551569
  7.07945784384138022E-002  0.16600000000000001       3.42581184000000007E-003   5.6764168017793262
  7.07945784384138022E-002  0.17000000000000001       3.16474451999999981E-003   5.7556829470232094
  7.07945784384138022E-002  0.17399999999999999       2.91439453999999985E-003   5.8380931857276179
  7.07945784384138022E-002  0.17799999999999999       2.67732011999999991E-003   5.9229389399720160
  7.07945784384138022E-002  0.18200000000000000       2.43135672000000013E-003   6.0193058564451984
  7.07945784384138022E-002  0.18600000000000000       2.21415271999999977E-003   6.1128854678515241
  7.07945784384138022E-002  0.19000000000000000       2.01134157999999967E-003   6.2089533268223462
  7.07945784384138022E-002  0.19400000000000001       1.82120163999999998E-003   6.3082587539988912
  7.07945784384138022E-002  0.19800000000000001       1.64401158000000019E-003   6.4106159385773358
  7.07945784384138022E-002  0.20200000000000001       1.49456267999999995E-003   6.5059216366714470
  7.07945784384138022E-002  0.20599999999999999       1.35116429999999985E-003   6.6067886137788712
  7.07945784384138022E-002  0.20999999999999999       1.22315827999999998E-003   6.7063190111907343
  7.07945784384138022E-002  0.21400000000000000       1.10213871999999984E-003   6.8105026959558783
  7.07945784384138022E-002  0.21800000000000000       9.91098719999999878E-004   6.9166964120467451
  7.07945784384138022E-002  0.22200000000000000       8.88386960000000082E-004   7.0261031441246660
  7.07945784384138022E-002  0.22600000000000001       7.97775879999999978E-004   7.1336828520911366
  7.07945784384138022E-002  0.23000000000000001       7.12606800000000016E-004   7.2465807623177199
  7.07945784384138022E-002  0.23400000000000001       6.35063880000000009E-004   7.3617849657060681
  7.07945784384138022E-002  0.23799999999999999       5.59614179999999985E-004   7.4882629759657542
  7.07945784384138022E-002  0.24199999999999999       4.89199580000000017E-004   7.6227400126961875
  7.07945784384138022E-002  0.24600000000000000       4.26416359999999962E-004   7.7600943181188304
  7.07945784384138022E-002  0.25000000000000000       3.73881680000000001E-004   7.8915711742396377
  7.07945784384138022E-002  0.25400000000000000       3.30393900000000042E-004   8.0152249789576189
  7.07945784384138022E-002  0.25800000000000001       2.87943499999999985E-004   8.1527462776298059
  7.07945784384138022E-002  0.26200000000000001       2.50377740000000003E-004   8.2925398204535501
  7.07945784384138022E-002  0.26600000000000001       2.19309900000000006E-004   8.4250247599205235
  7.07945784384138022E-002  0.27000000000000002       1.89896639999999990E-004   8.5690306338254736
  7.07945784384138022E-002  0.27400000000000002       1.60204560000000012E-004   8.7390590593156432
  7.07945784384138022E-002  0.27800000000000002       1.37768840000000004E-004   8.8899333497733650
  7.07945784384138022E-002  0.28199999999999997       1.20415479999999998E-004   9.0245624619255800
  7.07945784384138022E-002  0.28599999999999998       1.04254340000000005E-004   9.1686770674564535
  7.07945784384138022E-002  0.28999999999999998       8.74541800000000057E-005   9.3443955588998477
  7.07945784384138022E-002  0.29399999999999998       7.34613999999999943E-005   9.5187504597636110
  7.07945784384138022E-002  0.29799999999999999       6.03216800000000008E-005   9.7158189831935324
  7.07945784384138022E-002  0.30199999999999999       5.01235199999999968E-005   9.9010201989579851
  7.07945784384138022E-002  0.30599999999999999       4.20749200000000007E-005   10.076058719255819
  7.07945784384138022E-002  0.31000000000000000       3.66919799999999990E-005   10.212952355394959
  7.07945784384138022E-002  0.31400000000000000       3.10035599999999997E-005   10.381408521362911
  7.07945784384138022E-002  0.31800000000000000       2.73769800000000009E-005   10.505808043676085
  7.07945784384138022E-002  0.32200000000000001       2.28756400000000011E-005   10.685437969051993
  7.07945784384138022E-002  0.32600000000000001       1.91254200000000030E-005   10.864492217708495
  7.07945784384138022E-002  0.33000000000000002       1.57776999999999997E-005   11.056913007288848
  7.07945784384138022E-002  0.33400000000000002       1.34126799999999998E-005   11.219310029780640
  7.07945784384138022E-002  0.33800000000000002       1.11549200000000003E-005   11.403629901777391
  7.07945784384138022E-002  0.34200000000000003       9.60270000000000040E-006   11.553466249033850
  7.07945784384138022E-002  0.34599999999999997       8.56409999999999988E-006   11.667931510518462
  7.07945784384138022E-002  0.34999999999999998       7.70259999999999974E-006   11.773952623762071
  7.07945784384138022E-002  0.35399999999999998       6.56281999999999979E-006   11.934090169330593
  7.07945784384138022E-002  0.35799999999999998       5.06734000000000000E-006   12.192694532873034
  7.07945784384138022E-002  0.36199999999999999       4.16289999999999956E-006   12.389298611178550
  7.07945784384138022E-002  0.36599999999999999       3.02027999999999999E-006   12.710161015643500
  7.07945784384138022E-002  0.37000000000000000       2.58031999999999980E-006   12.867597135714206
  7.07945784384138022E-002  0.37400000000000000       2.09842000000000023E-006   13.074325877367874
  7.07945784384138022E-002  0.37800000000000000       1.42961999999999996E-006   13.458101883271798
  7.07945784384138022E-002  0.38200000000000001       7.27620000000000053E-007   14.133486903049656
  7.07945784384138022E-002  0.38600000000000001       3.92320000000000008E-007   14.751188003638619
  7.07945784384138022E-002  0.39000000000000001       3.22720000000000020E-007   14.946480762740510
  7.07945784384138022E-002  0.39400000000000002       1.79879999999999993E-007   15.530975875043904
  7.07945784384138022E-002  0.39800000000000002       1.30139999999999999E-007   15.854655042879573
  7.07945784384138022E-002  0.40200000000000002       4.05799999999999968E-008   17.019990502548744
  7.07945784384138022E-002  0.40600000000000003       3.96599999999999991E-008   17.042922713854761
  7.07945784384138022E-002  0.40999999999999998       8.66800000000000059E-008   16.261042660278253
  7.07945784384138022E-002  0.41399999999999998       4.42200000000000016E-008   16.934088661517112
  7.07945784384138022E-002  0.41799999999999998       4.19800000000000027E-008   16.986072522553926
  7.07945784384138022E-002  0.42199999999999999       2.79800000000000031E-008   17.391775867709075
  7.07945784384138022E-002  0.42599999999999999       4.62799999999999949E-008   16.888555934620936
  7.07945784384138022E-002  0.42999999999999999       1.63199999999999999E-008   17.930874487410449
  7.07945784384138022E-002  0.43400000000000000        0.0000000000000000                      +Infinity
  7.07945784384138022E-002  0.43800000000000000        0.0000000000000000                      +Infinity
  7.07945784384138022E-002  0.44200000000000000        0.0000000000000000                      +Infinity
  7.07945784384138022E-002  0.44600000000000001        0.0000000000000000                      +Infinity
  7.07945784384138022E-002  0.45000000000000001        0.0000000000000000                      +Infinity
  7.07945784384138022E-002  0.45400000000000001        0.0000000000000000                      +Infinity
  7.07945784384138022E-002  0.45800000000000002        0.0000000000000000                      +Infinity
  7.07945784384138022E-002  0.46200000000000002        0.0000000000000000                      +Infinity
  7.07945784384138022E-002  0.46600000000000003        0.0000000000000000                      +Infinity
  7.07945784384138022E-002  0.46999999999999997        0.0000000000000000                      +Infinity
  7.07945784384138022E-002  0.47399999999999998        0.0000000000000000                      +Infinity
  7.07945784384138022E-002  0.47799999999999998        0.0000000000000000                      +Infinity
  7.07945784384138022E-002  0.48199999999999998        0.0000000000000000                      +Infinity
  7.07945784384138022E-002  0.48599999999999999        0.0000000000000000                      +Infinity
  7.07945784384138022E-002  0.48999999999999999        0.0000000000000000                      +Infinity
  7.07945784384138022E-002  0.49399999999999999        0.0000000000000000                      +Infinity
  7.07945784384138022E-002  0.49800000000000000        0.0000000000000000                      +Infinity
  7.07945784384138022E-002  0.50200000000000000        0.0000000000000000                      +Infinity
  7.07945784384138022E-002  0.50600000000000001        0.0000000000000000                      +Infinity
  7.07945784384138022E-002  0.51000000000000001        0.0000000000000000                      +Infinity
  7.07945784384138022E-002  0.51400000000000001        0.0000000000000000                      +Infinity
  7.07945784384138022E-002  0.51800000000000002        0.0000000000000000                      +Infinity
  7.07945784384138022E-002  0.52200000000000002        0.0000000000000000                      +Infinity
  7.07945784384138022E-002  0.52600000000000002        0.0000000000000000                      +Infinity
  7.07945784384138022E-002  0.53000000000000003        0.0000000000000000                      +Infinity
  7.07945784384138022E-002  0.53400000000000003        0.0000000000000000                      +Infinity
  7.07945784384138022E-002  0.53800000000000003        0.0000000000000000                      +Infinity
  7.07945784384138022E-002  0.54200000000000004        0.0000000000000000                      +Infinity
  7.07945784384138022E-002  0.54600000000000004        0.0000000000000000                      +Infinity
  7.07945784384138022E-002  0.55000000000000004        0.0000000000000000                      +Infinity
  7.07945784384138022E-002  0.55400000000000005        0.0000000000000000                      +Infinity
  7.07945784384138022E-002  0.55800000000000005        0.0000000000000000                      +Infinity
  7.07945784384138022E-002  0.56200000000000006        0.0000000000000000                      +Infinity
  7.07945784384138022E-002  0.56599999999999995        0.0000000000000000                      +Infinity
  7.07945784384138022E-002  0.56999999999999995        0.0000000000000000                      +Infinity
  7.07945784384138022E-002  0.57399999999999995        0.0000000000000000                      +Infinity
  7.07945784384138022E-002  0.57799999999999996        0.0000000000000000                      +Infinity
  7.07945784384138022E-002  0.58199999999999996        0.0000000000000000                      +Infinity
  7.07945784384138022E-002  0.58599999999999997        0.0000000000000000                      +Infinity
  7.07945784384138022E-002  0.58999999999999997        0.0000000000000000                      +Infinity
  7.07945784384138022E-002  0.59399999999999997        0.0000000000000000                      +Infinity
  7.07945784384138022E-002  0.59799999999999998        0.0000000000000000                      +Infinity
  7.07945784384138022E-002  0.60199999999999998        0.0000000000000000                      +Infinity
  7.07945784384138022E-002  0.60599999999999998        0.0000000000000000                      +Infinity
  7.07945784384138022E-002  0.60999999999999999        0.0000000000000000                      +Infinity
  7.07945784384138022E-002  0.61399999999999999        0.0000000000000000                      +Infinity
  7.07945784384138022E-002  0.61799999999999999        0.0000000000000000                      +Infinity
  7.07945784384138022E-002  0.62200000000000000        0.0000000000000000                      +Infinity
  7.07945784384138022E-002  0.62600000000000000        0.0000000000000000                      +Infinity
  7.07945784384138022E-002  0.63000000000000000        0.0000000000000000                      +Infinity
  7.07945784384138022E-002  0.63400000000000001        0.0000000000000000                      +Infinity
  7.07945784384138022E-002  0.63800000000000001        0.0000000000000000                      +Infinity
  7.07945784384138022E-002  0.64200000000000002        0.0000000000000000                      +Infinity
  7.07945784384138022E-002  0.64600000000000002        0.0000000000000000                      +Infinity
  7.07945784384138022E-002  0.65000000000000002        0.0000000000000000                      +Infinity
  7.07945784384138022E-002  0.65400000000000003        0.0000000000000000                      +Infinity
  7.07945784384138022E-002  0.65800000000000003        0.0000000000000000                      +Infinity
  7.07945784384138022E-002  0.66200000000000003        0.0000000000000000                      +Infinity
  7.07945784384138022E-002  0.66600000000000004        0.0000000000000000                      +Infinity
  7.07945784384138022E-002  0.67000000000000004        0.0000000000000000                      +Infinity
  7.07945784384138022E-002  0.67400000000000004        0.0000000000000000                      +Infinity
  7.07945784384138022E-002  0.67800000000000005        0.0000000000000000                      +Infinity
  7.07945784384138022E-002  0.68200000000000005        0.0000000000000000                      +Infinity
  7.07945784384138022E-002  0.68600000000000005        0.0000000000000000                      +Infinity
  7.07945784384138022E-002  0.68999999999999995        0.0000000000000000                      +Infinity
  7.07945784384138022E-002  0.69399999999999995        0.0000000000000000                      +Infinity
  7.07945784384138022E-002  0.69799999999999995        0.0000000000000000                      +Infinity
  7.07945784384138022E-002  0.70199999999999996        0.0000000000000000                      +Infinity
  7.07945784384138022E-002  0.70599999999999996        0.0000000000000000                      +Infinity
  7.07945784384138022E-002  0.70999999999999996        0.0000000000000000                      +Infinity
  7.07945784384138022E-002  0.71399999999999997        0.0000000000000000                      +Infinity
  7.07945784384138022E-002  0.71799999999999997        0.0000000000000000                      +Infinity
  7.07945784384138022E-002  0.72199999999999998        0.0000000000000000                      +Infinity
  7.07945784384138022E-002  0.72599999999999998        0.0000000000000000                      +Infinity
  7.07945784384138022E-002  0.72999999999999998        0.0000000000000000                      +Infinity
  7.07945784384138022E-002  0.73399999999999999        0.0000000000000000                      +Infinity
  7.07945784384138022E-002  0.73799999999999999        0.0000000000000000                      +Infinity
  7.07945784384138022E-002  0.74199999999999999        0.0000000000000000                      +Infinity
  7.07945784384138022E-002  0.74600000000000000        0.0000000000000000                      +Infinity
  7.07945784384138022E-002  0.75000000000000000        0.0000000000000000                      +Infinity
  7.07945784384138022E-002  0.75400000000000000        0.0000000000000000                      +Infinity
  7.07945784384138022E-002  0.75800000000000001        0.0000000000000000                      +Infinity
  7.07945784384138022E-002  0.76200000000000001        0.0000000000000000                      +Infinity
  7.07945784384138022E-002  0.76600000000000001        0.0000000000000000                      +Infinity
  7.07945784384138022E-002  0.77000000000000002        0.0000000000000000                      +Infinity
  7.07945784384138022E-002  0.77400000000000002        0.0000000000000000                      +Infinity
  7.07945784384138022E-002  0.77800000000000002        0.0000000000000000                      +Infinity
  7.07945784384138022E-002  0.78200000000000003        0.0000000000000000                      +Infinity
  7.07945784384138022E-002  0.78600000000000003        0.0000000000000000                      +Infinity
  7.07945784384138022E-002  0.79000000000000004        0.0000000000000000                      +Infinity
  7.07945784384138022E-002  0.79400000000000004        0.0000000000000000                      +Infinity
  7.07945784384138022E-002  0.79800000000000004        0.0000000000000000                      +Infinity
  7.07945784384138022E-002  0.80200000000000005        0.0000000000000000                      +Infinity
  7.07945784384138022E-002  0.80600000000000005        0.0000000000000000                      +Infinity
  7.07945784384138022E-002  0.81000000000000005        0.0000000000000000                      +Infinity
  7.07945784384138022E-002  0.81399999999999995        0.0000000000000000                      +Infinity
  7.07945784384138022E-002  0.81799999999999995        0.0000000000000000                      +Infinity
  7.07945784384138022E-002  0.82199999999999995        0.0000000000000000                      +Infinity
  7.07945784384138022E-002  0.82599999999999996        0.0000000000000000                      +Infinity
  7.07945784384138022E-002  0.82999999999999996        0.0000000000000000                      +Infinity
  7.07945784384138022E-002  0.83399999999999996        0.0000000000000000                      +Infinity
  7.07945784384138022E-002  0.83799999999999997        0.0000000000000000                      +Infinity
  7.07945784384138022E-002  0.84199999999999997        0.0000000000000000                      +Infinity
  7.07945784384138022E-002  0.84599999999999997        0.0000000000000000                      +Infinity
  7.07945784384138022E-002  0.84999999999999998        0.0000000000000000                      +Infinity
  7.07945784384138022E-002  0.85399999999999998        0.0000000000000000                      +Infinity
  7.07945784384138022E-002  0.85799999999999998        0.0000000000000000                      +Infinity
  7.07945784384138022E-002  0.86199999999999999        0.0000000000000000                      +Infinity
  7.07945784384138022E-002  0.86599999999999999        0.0000000000000000                      +Infinity
  7.07945784384138022E-002  0.87000000000000000        0.0000000000000000                      +Infinity
  7.07945784384138022E-002  0.87400000000000000        0.0000000000000000                      +Infinity
  7.07945784384138022E-002  0.87800000000000000        0.0000000000000000                      +Infinity
  7.07945784384138022E-002  0.88200000000000001        0.0000000000000000                      +Infinity
  7.07945784384138022E-002  0.88600000000000001        0.0000000000000000                      +Infinity
  7.07945784384138022E-002  0.89000000000000001        0.0000000000000000                      +Infinity
  7.07945784384138022E-002  0.89400000000000002        0.0000000000000000                      +Infinity
  7.07945784384138022E-002  0.89800000000000002        0.0000000000000000                      +Infinity
  7.07945784384138022E-002  0.90200000000000002        0.0000000000000000                      +Infinity
  7.07945784384138022E-002  0.90600000000000003        0.0000000000000000                      +Infinity
  7.07945784384138022E-002  0.91000000000000003        0.0000000000000000                      +Infinity
  7.07945784384138022E-002  0.91400000000000003        0.0000000000000000                      +Infinity
  7.07945784384138022E-002  0.91800000000000004        0.0000000000000000                      +Infinity
  7.07945784384138022E-002  0.92200000000000004        0.0000000000000000                      +Infinity
  7.07945784384138022E-002  0.92600000000000005        0.0000000000000000                      +Infinity
  7.07945784384138022E-002  0.93000000000000005        0.0000000000000000                      +Infinity
  7.07945784384138022E-002  0.93400000000000005        0.0000000000000000                      +Infinity
  7.07945784384138022E-002  0.93799999999999994        0.0000000000000000                      +Infinity
  7.07945784384138022E-002  0.94199999999999995        0.0000000000000000                      +Infinity
  7.07945784384138022E-002  0.94599999999999995        0.0000000000000000                      +Infinity
  7.07945784384138022E-002  0.94999999999999996        0.0000000000000000                      +Infinity
  7.07945784384138022E-002  0.95399999999999996        0.0000000000000000                      +Infinity
  7.07945784384138022E-002  0.95799999999999996        0.0000000000000000                      +Infinity
  7.07945784384138022E-002  0.96199999999999997        0.0000000000000000                      +Infinity
  7.07945784384138022E-002  0.96599999999999997        0.0000000000000000                      +Infinity
  7.07945784384138022E-002  0.96999999999999997        0.0000000000000000                      +Infinity
  7.07945784384138022E-002  0.97399999999999998        0.0000000000000000                      +Infinity
  7.07945784384138022E-002  0.97799999999999998        0.0000000000000000                      +Infinity
  7.07945784384138022E-002  0.98199999999999998        0.0000000000000000                      +Infinity
  7.07945784384138022E-002  0.98599999999999999        0.0000000000000000                      +Infinity
  7.07945784384138022E-002  0.98999999999999999        0.0000000000000000                      +Infinity
  7.07945784384138022E-002  0.99399999999999999        0.0000000000000000                      +Infinity
  7.07945784384138022E-002  0.99800000000000000        0.0000000000000000                      +Infinity
