  6.30957344480193305E-002 -0.99800000000000000        0.0000000000000000                      +Infinity
  6.30957344480193305E-002 -0.99399999999999999        0.0000000000000000                      +Infinity
  6.30957344480193305E-002 -0.98999999999999999        0.0000000000000000                      +Infinity
  6.30957344480193305E-002 -0.98599999999999999        0.0000000000000000                      +Infinity
  6.30957344480193305E-002 -0.98199999999999998        0.0000000000000000                      +Infinity
  6.30957344480193305E-002 -0.97799999999999998        0.0000000000000000                      +Infinity
  6.30957344480193305E-002 -0.97399999999999998        0.0000000000000000                      +Infinity
  6.30957344480193305E-002 -0.96999999999999997        0.0000000000000000                      +Infinity
  6.30957344480193305E-002 -0.96599999999999997        0.0000000000000000                      +Infinity
  6.30957344480193305E-002 -0.96199999999999997        0.0000000000000000                      +Infinity
  6.30957344480193305E-002 -0.95799999999999996        0.0000000000000000                      +Infinity
  6.30957344480193305E-002 -0.95399999999999996        0.0000000000000000                      +Infinity
  6.30957344480193305E-002 -0.94999999999999996        0.0000000000000000                      +Infinity
  6.30957344480193305E-002 -0.94599999999999995        0.0000000000000000                      +Infinity
  6.30957344480193305E-002 -0.94199999999999995        0.0000000000000000                      +Infinity
  6.30957344480193305E-002 -0.93799999999999994        0.0000000000000000                      +Infinity
  6.30957344480193305E-002 -0.93400000000000005        0.0000000000000000                      +Infinity
  6.30957344480193305E-002 -0.93000000000000005        0.0000000000000000                      +Infinity
  6.30957344480193305E-002 -0.92600000000000005        0.0000000000000000                      +Infinity
  6.30957344480193305E-002 -0.92200000000000004        0.0000000000000000                      +Infinity
  6.30957344480193305E-002 -0.91800000000000004        0.0000000000000000                      +Infinity
  6.30957344480193305E-002 -0.91400000000000003        0.0000000000000000                      +Infinity
  6.30957344480193305E-002 -0.91000000000000003        0.0000000000000000                      +Infinity
  6.30957344480193305E-002 -0.90600000000000003        0.0000000000000000                      +Infinity
  6.30957344480193305E-002 -0.90200000000000002        0.0000000000000000                      +Infinity
  6.30957344480193305E-002 -0.89800000000000002        0.0000000000000000                      +Infinity
  6.30957344480193305E-002 -0.89400000000000002        0.0000000000000000                      +Infinity
  6.30957344480193305E-002 -0.89000000000000001        0.0000000000000000                      +Infinity
  6.30957344480193305E-002 -0.88600000000000001        0.0000000000000000                      +Infinity
  6.30957344480193305E-002 -0.88200000000000001        0.0000000000000000                      +Infinity
  6.30957344480193305E-002 -0.87800000000000000        0.0000000000000000                      +Infinity
  6.30957344480193305E-002 -0.87400000000000000        0.0000000000000000                      +Infinity
  6.30957344480193305E-002 -0.87000000000000000        0.0000000000000000                      +Infinity
  6.30957344480193305E-002 -0.86599999999999999        0.0000000000000000                      +Infinity
  6.30957344480193305E-002 -0.86199999999999999        0.0000000000000000                      +Infinity
  6.30957344480193305E-002 -0.85799999999999998        0.0000000000000000                      +Infinity
  6.30957344480193305E-002 -0.85399999999999998        0.0000000000000000                      +Infinity
  6.30957344480193305E-002 -0.84999999999999998        0.0000000000000000                      +Infinity
  6.30957344480193305E-002 -0.84599999999999997        0.0000000000000000                      +Infinity
  6.30957344480193305E-002 -0.84199999999999997        0.0000000000000000                      +Infinity
  6.30957344480193305E-002 -0.83799999999999997        0.0000000000000000                      +Infinity
  6.30957344480193305E-002 -0.83399999999999996        0.0000000000000000                      +Infinity
  6.30957344480193305E-002 -0.82999999999999996        0.0000000000000000                      +Infinity
  6.30957344480193305E-002 -0.82599999999999996        0.0000000000000000                      +Infinity
  6.30957344480193305E-002 -0.82199999999999995        0.0000000000000000                      +Infinity
  6.30957344480193305E-002 -0.81799999999999995        0.0000000000000000                      +Infinity
  6.30957344480193305E-002 -0.81399999999999995        0.0000000000000000                      +Infinity
  6.30957344480193305E-002 -0.81000000000000005        0.0000000000000000                      +Infinity
  6.30957344480193305E-002 -0.80600000000000005        0.0000000000000000                      +Infinity
  6.30957344480193305E-002 -0.80200000000000005        0.0000000000000000                      +Infinity
  6.30957344480193305E-002 -0.79800000000000004        0.0000000000000000                      +Infinity
  6.30957344480193305E-002 -0.79400000000000004        0.0000000000000000                      +Infinity
  6.30957344480193305E-002 -0.79000000000000004        0.0000000000000000                      +Infinity
  6.30957344480193305E-002 -0.78600000000000003        0.0000000000000000                      +Infinity
  6.30957344480193305E-002 -0.78200000000000003        0.0000000000000000                      +Infinity
  6.30957344480193305E-002 -0.77800000000000002        0.0000000000000000                      +Infinity
  6.30957344480193305E-002 -0.77400000000000002        0.0000000000000000                      +Infinity
  6.30957344480193305E-002 -0.77000000000000002        0.0000000000000000                      +Infinity
  6.30957344480193305E-002 -0.76600000000000001        0.0000000000000000                      +Infinity
  6.30957344480193305E-002 -0.76200000000000001        0.0000000000000000                      +Infinity
  6.30957344480193305E-002 -0.75800000000000001        0.0000000000000000                      +Infinity
  6.30957344480193305E-002 -0.75400000000000000        0.0000000000000000                      +Infinity
  6.30957344480193305E-002 -0.75000000000000000        0.0000000000000000                      +Infinity
  6.30957344480193305E-002 -0.74600000000000000        0.0000000000000000                      +Infinity
  6.30957344480193305E-002 -0.74199999999999999        0.0000000000000000                      +Infinity
  6.30957344480193305E-002 -0.73799999999999999        0.0000000000000000                      +Infinity
  6.30957344480193305E-002 -0.73399999999999999        0.0000000000000000                      +Infinity
  6.30957344480193305E-002 -0.72999999999999998        0.0000000000000000                      +Infinity
  6.30957344480193305E-002 -0.72599999999999998        0.0000000000000000                      +Infinity
  6.30957344480193305E-002 -0.72199999999999998        0.0000000000000000                      +Infinity
  6.30957344480193305E-002 -0.71799999999999997        0.0000000000000000                      +Infinity
  6.30957344480193305E-002 -0.71399999999999997        0.0000000000000000                      +Infinity
  6.30957344480193305E-002 -0.70999999999999996        0.0000000000000000                      +Infinity
  6.30957344480193305E-002 -0.70599999999999996        0.0000000000000000                      +Infinity
  6.30957344480193305E-002 -0.70199999999999996        0.0000000000000000                      +Infinity
  6.30957344480193305E-002 -0.69799999999999995        0.0000000000000000                      +Infinity
  6.30957344480193305E-002 -0.69399999999999995        0.0000000000000000                      +Infinity
  6.30957344480193305E-002 -0.68999999999999995        0.0000000000000000                      +Infinity
  6.30957344480193305E-002 -0.68600000000000005        0.0000000000000000                      +Infinity
  6.30957344480193305E-002 -0.68200000000000005        0.0000000000000000                      +Infinity
  6.30957344480193305E-002 -0.67800000000000005        0.0000000000000000                      +Infinity
  6.30957344480193305E-002 -0.67400000000000004        0.0000000000000000                      +Infinity
  6.30957344480193305E-002 -0.67000000000000004        0.0000000000000000                      +Infinity
  6.30957344480193305E-002 -0.66600000000000004        0.0000000000000000                      +Infinity
  6.30957344480193305E-002 -0.66200000000000003        0.0000000000000000                      +Infinity
  6.30957344480193305E-002 -0.65800000000000003        0.0000000000000000                      +Infinity
  6.30957344480193305E-002 -0.65400000000000003        0.0000000000000000                      +Infinity
  6.30957344480193305E-002 -0.65000000000000002        0.0000000000000000                      +Infinity
  6.30957344480193305E-002 -0.64600000000000002        0.0000000000000000                      +Infinity
  6.30957344480193305E-002 -0.64200000000000002        0.0000000000000000                      +Infinity
  6.30957344480193305E-002 -0.63800000000000001        0.0000000000000000                      +Infinity
  6.30957344480193305E-002 -0.63400000000000001        0.0000000000000000                      +Infinity
  6.30957344480193305E-002 -0.63000000000000000        0.0000000000000000                      +Infinity
  6.30957344480193305E-002 -0.62600000000000000        0.0000000000000000                      +Infinity
  6.30957344480193305E-002 -0.62200000000000000        0.0000000000000000                      +Infinity
  6.30957344480193305E-002 -0.61799999999999999        0.0000000000000000                      +Infinity
  6.30957344480193305E-002 -0.61399999999999999        0.0000000000000000                      +Infinity
  6.30957344480193305E-002 -0.60999999999999999        0.0000000000000000                      +Infinity
  6.30957344480193305E-002 -0.60599999999999998        0.0000000000000000                      +Infinity
  6.30957344480193305E-002 -0.60199999999999998        0.0000000000000000                      +Infinity
  6.30957344480193305E-002 -0.59799999999999998        0.0000000000000000                      +Infinity
  6.30957344480193305E-002 -0.59399999999999997        0.0000000000000000                      +Infinity
  6.30957344480193305E-002 -0.58999999999999997        0.0000000000000000                      +Infinity
  6.30957344480193305E-002 -0.58599999999999997        0.0000000000000000                      +Infinity
  6.30957344480193305E-002 -0.58199999999999996        0.0000000000000000                      +Infinity
  6.30957344480193305E-002 -0.57799999999999996        0.0000000000000000                      +Infinity
  6.30957344480193305E-002 -0.57399999999999995        0.0000000000000000                      +Infinity
  6.30957344480193305E-002 -0.56999999999999995        0.0000000000000000                      +Infinity
  6.30957344480193305E-002 -0.56599999999999995        0.0000000000000000                      +Infinity
  6.30957344480193305E-002 -0.56200000000000006        0.0000000000000000                      +Infinity
  6.30957344480193305E-002 -0.55800000000000005        0.0000000000000000                      +Infinity
  6.30957344480193305E-002 -0.55400000000000005        0.0000000000000000                      +Infinity
  6.30957344480193305E-002 -0.55000000000000004        0.0000000000000000                      +Infinity
  6.30957344480193305E-002 -0.54600000000000004        0.0000000000000000                      +Infinity
  6.30957344480193305E-002 -0.54200000000000004        0.0000000000000000                      +Infinity
  6.30957344480193305E-002 -0.53800000000000003        0.0000000000000000                      +Infinity
  6.30957344480193305E-002 -0.53400000000000003        0.0000000000000000                      +Infinity
  6.30957344480193305E-002 -0.53000000000000003        0.0000000000000000                      +Infinity
  6.30957344480193305E-002 -0.52600000000000002        0.0000000000000000                      +Infinity
  6.30957344480193305E-002 -0.52200000000000002        0.0000000000000000                      +Infinity
  6.30957344480193305E-002 -0.51800000000000002        0.0000000000000000                      +Infinity
  6.30957344480193305E-002 -0.51400000000000001        0.0000000000000000                      +Infinity
  6.30957344480193305E-002 -0.51000000000000001        0.0000000000000000                      +Infinity
  6.30957344480193305E-002 -0.50600000000000001        0.0000000000000000                      +Infinity
  6.30957344480193305E-002 -0.50200000000000000        0.0000000000000000                      +Infinity
  6.30957344480193305E-002 -0.49800000000000000        0.0000000000000000                      +Infinity
  6.30957344480193305E-002 -0.49399999999999999        0.0000000000000000                      +Infinity
  6.30957344480193305E-002 -0.48999999999999999        0.0000000000000000                      +Infinity
  6.30957344480193305E-002 -0.48599999999999999        0.0000000000000000                      +Infinity
  6.30957344480193305E-002 -0.48199999999999998        0.0000000000000000                      +Infinity
  6.30957344480193305E-002 -0.47799999999999998        0.0000000000000000                      +Infinity
  6.30957344480193305E-002 -0.47399999999999998        0.0000000000000000                      +Infinity
  6.30957344480193305E-002 -0.46999999999999997        0.0000000000000000                      +Infinity
  6.30957344480193305E-002 -0.46600000000000003        0.0000000000000000                      +Infinity
  6.30957344480193305E-002 -0.46200000000000002        0.0000000000000000                      +Infinity
  6.30957344480193305E-002 -0.45800000000000002        0.0000000000000000                      +Infinity
  6.30957344480193305E-002 -0.45400000000000001        0.0000000000000000                      +Infinity
  6.30957344480193305E-002 -0.45000000000000001        0.0000000000000000                      +Infinity
  6.30957344480193305E-002 -0.44600000000000001        0.0000000000000000                      +Infinity
  6.30957344480193305E-002 -0.44200000000000000       1.46400000000000007E-008   18.039508328413245
  6.30957344480193305E-002 -0.43800000000000000       1.42939999999999982E-007   15.760840875154578
  6.30957344480193305E-002 -0.43400000000000000       2.51539999999999988E-007   15.195663814327402
  6.30957344480193305E-002 -0.42999999999999999       2.78479999999999990E-007   15.093919593443228
  6.30957344480193305E-002 -0.42599999999999999       7.03939999999999989E-007   14.166572711693146
  6.30957344480193305E-002 -0.42199999999999999       7.51880000000000033E-007   14.100689100198016
  6.30957344480193305E-002 -0.41799999999999998       7.58360000000000075E-007   14.092107630012574
  6.30957344480193305E-002 -0.41399999999999998       1.03521999999999997E-006   13.780896593448226
  6.30957344480193305E-002 -0.40999999999999998       1.68841999999999992E-006   13.291717377573992
  6.30957344480193305E-002 -0.40600000000000003       2.29323999999999975E-006   12.985544893189722
  6.30957344480193305E-002 -0.40200000000000002       2.97344000000000003E-006   12.725791026244476
  6.30957344480193305E-002 -0.39800000000000002       3.31964000000000020E-006   12.615654214650180
  6.30957344480193305E-002 -0.39400000000000002       3.70673999999999985E-006   12.505357773832991
  6.30957344480193305E-002 -0.39000000000000001       5.06502000000000034E-006   12.193152471604099
  6.30957344480193305E-002 -0.38600000000000001       6.45747999999999988E-006   11.950271409155041
  6.30957344480193305E-002 -0.38200000000000001       8.00747999999999944E-006   11.735134453124662
  6.30957344480193305E-002 -0.37800000000000000       8.97359999999999994E-006   11.621223624615398
  6.30957344480193305E-002 -0.37400000000000000       1.05808799999999992E-005   11.456461959189634
  6.30957344480193305E-002 -0.37000000000000000       1.14212000000000000E-005   11.380039280447695
  6.30957344480193305E-002 -0.36599999999999999       1.28397000000000018E-005   11.262968624461394
  6.30957344480193305E-002 -0.36199999999999999       1.45513399999999985E-005   11.137827472367437
  6.30957344480193305E-002 -0.35799999999999998       1.72864199999999991E-005   10.965589335809941
  6.30957344480193305E-002 -0.35399999999999998       1.95441199999999995E-005   10.842836084035872
  6.30957344480193305E-002 -0.34999999999999998       2.27490400000000013E-005   10.690987611259864
  6.30957344480193305E-002 -0.34599999999999997       2.56590600000000003E-005   10.570613832339445
  6.30957344480193305E-002 -0.34200000000000003       3.01171199999999980E-005   10.410416777134110
  6.30957344480193305E-002 -0.33800000000000002       3.60416599999999947E-005   10.230835066351457
  6.30957344480193305E-002 -0.33400000000000002       4.20878399999999965E-005   10.075751695101633
  6.30957344480193305E-002 -0.33000000000000002       4.74456999999999987E-005   9.9559246587217931
  6.30957344480193305E-002 -0.32600000000000001       5.51730199999999964E-005   9.8050364922832376
  6.30957344480193305E-002 -0.32200000000000001       6.40294000000000074E-005   9.6561682050849953
  6.30957344480193305E-002 -0.31800000000000000       7.42995399999999984E-005   9.5074057973768191
  6.30957344480193305E-002 -0.31400000000000000       8.68916400000000096E-005   9.3508487328523344
  6.30957344480193305E-002 -0.31000000000000000       1.01144459999999998E-004   9.1989607659938102
  6.30957344480193305E-002 -0.30599999999999999       1.18103319999999986E-004   9.0439507233863985
  6.30957344480193305E-002 -0.30199999999999999       1.34931020000000001E-004   8.9107468730748671
  6.30957344480193305E-002 -0.29799999999999999       1.52396340000000006E-004   8.7890259307481422
  6.30957344480193305E-002 -0.29399999999999998       1.72340659999999985E-004   8.6660374585209006
  6.30957344480193305E-002 -0.28999999999999998       2.01146020000000003E-004   8.5114794459934089
  6.30957344480193305E-002 -0.28599999999999998       2.26713500000000004E-004   8.3918234521576593
  6.30957344480193305E-002 -0.28199999999999997       2.54640780000000015E-004   8.2756567118471551
  6.30957344480193305E-002 -0.27800000000000002       2.91289100000000003E-004   8.1411943131679063
  6.30957344480193305E-002 -0.27400000000000002       3.33285080000000010E-004   8.0065123381289869
  6.30957344480193305E-002 -0.27000000000000002       3.74904939999999999E-004   7.8888380574620625
  6.30957344480193305E-002 -0.26600000000000001       4.22896919999999981E-004   7.7683820965579899
  6.30957344480193305E-002 -0.26200000000000001       4.72454440000000004E-004   7.6575692389599235
  6.30957344480193305E-002 -0.25800000000000001       5.30932140000000001E-004   7.5408763414991871
  6.30957344480193305E-002 -0.25400000000000000       5.93881240000000005E-004   7.4288311912507607
  6.30957344480193305E-002 -0.25000000000000000       6.63594279999999955E-004   7.3178396193355262
  6.30957344480193305E-002 -0.24600000000000000       7.35645620000000065E-004   7.2147620497563461
  6.30957344480193305E-002 -0.24199999999999999       8.16878120000000003E-004   7.1100206541592641
  6.30957344480193305E-002 -0.23799999999999999       9.04371919999999961E-004   7.0082698662512222
  6.30957344480193305E-002 -0.23400000000000001       9.98262740000000056E-004   6.9094940497682966
  6.30957344480193305E-002 -0.23000000000000001       1.10034966000000000E-003   6.8121272769613714
  6.30957344480193305E-002 -0.22600000000000001       1.21490756000000003E-003   6.7130872873885572
  6.30957344480193305E-002 -0.22200000000000000       1.33210574000000017E-003   6.6209943256303285
  6.30957344480193305E-002 -0.21800000000000000       1.45818429999999984E-003   6.5305632473485753
  6.30957344480193305E-002 -0.21400000000000000       1.60556224000000017E-003   6.4342812784467824
  6.30957344480193305E-002 -0.20999999999999999       1.74611049999999989E-003   6.3503645360529788
  6.30957344480193305E-002 -0.20599999999999999       1.89313706000000001E-003   6.2695200057837832
  6.30957344480193305E-002 -0.20200000000000001       2.06324001999999996E-003   6.1834777065321385
  6.30957344480193305E-002 -0.19800000000000001       2.24414416000000023E-003   6.0994310509609004
  6.30957344480193305E-002 -0.19400000000000001       2.44526466000000034E-003   6.0136019165146388
  6.30957344480193305E-002 -0.19000000000000000       2.65155926000000021E-003   5.9326074120234118
  6.30957344480193305E-002 -0.18600000000000000       2.86606804000000010E-003   5.8548142094532105
  6.30957344480193305E-002 -0.18200000000000000       3.08140917999999995E-003   5.7823682606557227
  6.30957344480193305E-002 -0.17799999999999999       3.30706100000000003E-003   5.7116953994314041
  6.30957344480193305E-002 -0.17399999999999999       3.53952299999999971E-003   5.6437633066781920
  6.30957344480193305E-002 -0.17000000000000001       3.80328847999999997E-003   5.5718891970096935
  6.30957344480193305E-002 -0.16600000000000001       4.08819051999999988E-003   5.4996528224700256
  6.30957344480193305E-002 -0.16200000000000001       4.34410155999999988E-003   5.4389363172499472
  6.30957344480193305E-002 -0.15800000000000000       4.62437494000000025E-003   5.3764140652591852
  6.30957344480193305E-002 -0.15400000000000000       4.93066322000000005E-003   5.3122817725921685
  6.30957344480193305E-002 -0.14999999999999999       5.22207491999999995E-003   5.2548604618146282
  6.30957344480193305E-002 -0.14599999999999999       5.52720649999999952E-003   5.1980727447880648
  6.30957344480193305E-002 -0.14199999999999999       5.84120648000000051E-003   5.1428179144374830
  6.30957344480193305E-002 -0.13800000000000001       6.17468132000000003E-003   5.0872980058970061
  6.30957344480193305E-002 -0.13400000000000001       6.52938415999999942E-003   5.0314426494827034
  6.30957344480193305E-002 -0.13000000000000000       6.89659010000000065E-003   4.9767281779360557
  6.30957344480193305E-002 -0.12600000000000000       7.28490553999999995E-003   4.9219508057882848
  6.30957344480193305E-002 -0.12200000000000000       7.65380519999999970E-003   4.8725523430472109
  6.30957344480193305E-002 -0.11799999999999999       8.04659223999999902E-003   4.8225066014022619
  6.30957344480193305E-002 -0.11400000000000000       8.40940446000000043E-003   4.7784046208221405
  6.30957344480193305E-002 -0.11000000000000000       8.80051318000000041E-003   4.7329452432891914
  6.30957344480193305E-002 -0.10600000000000000       9.19904558000000060E-003   4.6886555416129916
  6.30957344480193305E-002 -0.10199999999999999       9.61167593999999979E-003   4.6447766757836133
  6.30957344480193305E-002 -9.80000000000000038E-002  9.99476531999999966E-003   4.6056937910452973
  6.30957344480193305E-002 -9.40000000000000002E-002  1.03477637799999998E-002   4.5709848425184445
  6.30957344480193305E-002 -8.99999999999999967E-002  1.07405569399999998E-002   4.5337283346351249
  6.30957344480193305E-002 -8.59999999999999931E-002  1.11484934600000005E-002   4.4964509059000246
  6.30957344480193305E-002 -8.20000000000000034E-002  1.15182060199999995E-002   4.4638263632717230
  6.30957344480193305E-002 -7.79999999999999999E-002  1.18536574999999998E-002   4.4351188092345142
  6.30957344480193305E-002 -7.39999999999999963E-002  1.22217290000000006E-002   4.4045398458856617
  6.30957344480193305E-002 -7.00000000000000067E-002  1.25532528199999993E-002   4.3777754581433488
  6.30957344480193305E-002 -6.60000000000000031E-002  1.28844550199999994E-002   4.3517337314649627
  6.30957344480193305E-002 -6.19999999999999996E-002  1.32204650200000006E-002   4.3259892696855609
  6.30957344480193305E-002 -5.80000000000000029E-002  1.35387542999999989E-002   4.3021990172075082
  6.30957344480193305E-002 -5.39999999999999994E-002  1.38369035999999987E-002   4.2804160821472284
  6.30957344480193305E-002 -5.00000000000000028E-002  1.41132043199999994E-002   4.2606444432229091
  6.30957344480193305E-002 -4.59999999999999992E-002  1.43900806200000005E-002   4.2412161555968169
  6.30957344480193305E-002 -4.20000000000000026E-002  1.46434512600000007E-002   4.2237620564284253
  6.30957344480193305E-002 -3.79999999999999991E-002  1.48450758000000013E-002   4.2100870646831208
  6.30957344480193305E-002 -3.40000000000000024E-002  1.50169867200000001E-002   4.1985732706154755
  6.30957344480193305E-002 -2.99999999999999989E-002  1.52173666599999986E-002   4.1853179599148529
  6.30957344480193305E-002 -2.59999999999999988E-002  1.53671580400000004E-002   4.1755226415862152
  6.30957344480193305E-002 -2.19999999999999987E-002  1.55257925800000012E-002   4.1652526006138437
  6.30957344480193305E-002 -1.79999999999999986E-002  1.56375445600000010E-002   4.1580805536328160
  6.30957344480193305E-002 -1.40000000000000003E-002  1.57224526399999988E-002   4.1526654837947525
  6.30957344480193305E-002 -1.00000000000000002E-002  1.58085278200000012E-002   4.1472057491109622
  6.30957344480193305E-002 -6.00000000000000012E-003  1.58757783200000023E-002   4.1429607073737200
  6.30957344480193305E-002 -2.00000000000000004E-003  1.58997578199999989E-002   4.1414514013184922
  6.30957344480193305E-002  2.00000000000000004E-003  1.59113941400000000E-002   4.1407198138215264
  6.30957344480193305E-002  6.00000000000000012E-003  1.58341567000000009E-002   4.1455858558564502
  6.30957344480193305E-002  1.00000000000000002E-002  1.57711858400000002E-002   4.1495706848926019
  6.30957344480193305E-002  1.40000000000000003E-002  1.57254002399999995E-002   4.1524780242553128
  6.30957344480193305E-002  1.79999999999999986E-002  1.56561536999999980E-002   4.1568912316141198
  6.30957344480193305E-002  2.19999999999999987E-002  1.55589437800000008E-002   4.1631196429985993
  6.30957344480193305E-002  2.59999999999999988E-002  1.53790538000000004E-002   4.1747488382535982
  6.30957344480193305E-002  2.99999999999999989E-002  1.51968930599999993E-002   4.1866642759706085
  6.30957344480193305E-002  3.40000000000000024E-002  1.49825212599999993E-002   4.2008710066441202
  6.30957344480193305E-002  3.79999999999999991E-002  1.47494403400000012E-002   4.2165501399670111
  6.30957344480193305E-002  4.20000000000000026E-002  1.45282537600000018E-002   4.2316599903153929
  6.30957344480193305E-002  4.59999999999999992E-002  1.42912563799999989E-002   4.2481073706811845
  6.30957344480193305E-002  5.00000000000000028E-002  1.40373027600000002E-002   4.2660370099512868
  6.30957344480193305E-002  5.39999999999999994E-002  1.37471858200000022E-002   4.2869211434531991
  6.30957344480193305E-002  5.80000000000000029E-002  1.34635967400000001E-002   4.3077657735225641
  6.30957344480193305E-002  6.19999999999999996E-002  1.31527165599999996E-002   4.3311269591840862
  6.30957344480193305E-002  6.60000000000000031E-002  1.28165385200000002E-002   4.3570188701881101
  6.30957344480193305E-002  7.00000000000000067E-002  1.24843185199999991E-002   4.3832819406408365
  6.30957344480193305E-002  7.39999999999999963E-002  1.21504344199999999E-002   4.4103903551022547
  6.30957344480193305E-002  7.79999999999999999E-002  1.17987471999999993E-002   4.4397619226384233
  6.30957344480193305E-002  8.20000000000000034E-002  1.14202884999999987E-002   4.4723638123763472
  6.30957344480193305E-002  8.59999999999999931E-002  1.10454719199999992E-002   4.5057347159970265
  6.30957344480193305E-002  8.99999999999999967E-002  1.06954599800000005E-002   4.5379359284899685
  6.30957344480193305E-002  9.40000000000000002E-002  1.03367027400000002E-002   4.5720543447019919
  6.30957344480193305E-002  9.80000000000000038E-002  9.95303131999999979E-003   4.6098781189332492
  6.30957344480193305E-002  0.10199999999999999       9.56668496000000028E-003   4.6494685326913778
  6.30957344480193305E-002  0.10600000000000000       9.18994820000000080E-003   4.6896449791919066
  6.30957344480193305E-002  0.11000000000000000       8.78481649999999885E-003   4.7347304454382950
  6.30957344480193305E-002  0.11400000000000000       8.42758098000000004E-003   4.7762455018841292
  6.30957344480193305E-002  0.11799999999999999       8.06407576000000084E-003   4.8203361728559857
  6.30957344480193305E-002  0.12200000000000000       7.69211494000000048E-003   4.8675595085695340
  6.30957344480193305E-002  0.12600000000000000       7.30218320000000035E-003   4.9195819070467079
  6.30957344480193305E-002  0.13000000000000000       6.90789649999999991E-003   4.9750901014387816
  6.30957344480193305E-002  0.13400000000000001       6.55066779999999901E-003   5.0281882803334792
  6.30957344480193305E-002  0.13800000000000001       6.20683084000000010E-003   5.0821048450233315
  6.30957344480193305E-002  0.14199999999999999       5.87855441999999943E-003   5.1364443942356894
  6.30957344480193305E-002  0.14599999999999999       5.54146797999999999E-003   5.1954958349841540
  6.30957344480193305E-002  0.14999999999999999       5.21725116000000023E-003   5.2557846134900039
  6.30957344480193305E-002  0.15400000000000000       4.90070770000000048E-003   5.3183756557229298
  6.30957344480193305E-002  0.15800000000000000       4.59167733999999925E-003   5.3835098881130632
  6.30957344480193305E-002  0.16200000000000001       4.30978419999999973E-003   5.4468674457255739
  6.30957344480193305E-002  0.16600000000000001       4.03462606000000012E-003   5.5128416556563460
  6.30957344480193305E-002  0.17000000000000001       3.78179629999999970E-003   5.5775561705877212
  6.30957344480193305E-002  0.17399999999999999       3.52435448000000019E-003   5.6480579857286974
  6.30957344480193305E-002  0.17799999999999999       3.28360836000000022E-003   5.7188123515072915
  6.30957344480193305E-002  0.18200000000000000       3.05599239999999970E-003   5.7906508945919501
  6.30957344480193305E-002  0.18600000000000000       2.83876162000000010E-003   5.8643873712019365
  6.30957344480193305E-002  0.19000000000000000       2.62953539999999982E-003   5.9409481023900135
  6.30957344480193305E-002  0.19400000000000001       2.44109369999999989E-003   6.0153091024006189
  6.30957344480193305E-002  0.19800000000000001       2.25797289999999989E-003   6.0932878150981677
  6.30957344480193305E-002  0.20200000000000001       2.08514690000000027E-003   6.1729159705777619
  6.30957344480193305E-002  0.20599999999999999       1.90727523999999985E-003   6.2620796313680387
  6.30957344480193305E-002  0.20999999999999999       1.75049579999999975E-003   6.3478562168869139
  6.30957344480193305E-002  0.21400000000000000       1.60263390000000010E-003   6.4361068157178583
  6.30957344480193305E-002  0.21800000000000000       1.47783902000000003E-003   6.5171743798440858
  6.30957344480193305E-002  0.22200000000000000       1.35389961999999990E-003   6.6047662431339038
  6.30957344480193305E-002  0.22600000000000001       1.23501546000000001E-003   6.6966717907619255
  6.30957344480193305E-002  0.23000000000000001       1.12715129999999995E-003   6.7880618027134245
  6.30957344480193305E-002  0.23400000000000001       1.02288870000000003E-003   6.8851245955855003
  6.30957344480193305E-002  0.23799999999999999       9.21877500000000045E-004   6.9890982065753597
  6.30957344480193305E-002  0.24199999999999999       8.34600760000000011E-004   7.0885570791913723
  6.30957344480193305E-002  0.24600000000000000       7.50873439999999968E-004   7.1942734423722676
  6.30957344480193305E-002  0.25000000000000000       6.68490200000000060E-004   7.3104888212155945
  6.30957344480193305E-002  0.25400000000000000       5.96298140000000080E-004   7.4247697810753630
  6.30957344480193305E-002  0.25800000000000001       5.31857800000000002E-004   7.5391343975849159
  6.30957344480193305E-002  0.26200000000000001       4.73279199999999966E-004   7.6558250687745728
  6.30957344480193305E-002  0.26600000000000001       4.22002419999999991E-004   7.7704995093475491
  6.30957344480193305E-002  0.27000000000000002       3.77943759999999995E-004   7.8807651564827683
  6.30957344480193305E-002  0.27400000000000002       3.34747100000000019E-004   8.0021352366119967
  6.30957344480193305E-002  0.27800000000000002       2.92548259999999996E-004   8.1368809134489641
  6.30957344480193305E-002  0.28199999999999997       2.62498019999999981E-004   8.2452670188181862
  6.30957344480193305E-002  0.28599999999999998       2.31665400000000013E-004   8.3702164687084384
  6.30957344480193305E-002  0.28999999999999998       2.03598960000000024E-004   8.4993583813559628
  6.30957344480193305E-002  0.29399999999999998       1.80837160000000001E-004   8.6179136001513434
  6.30957344480193305E-002  0.29799999999999999       1.54629600000000001E-004   8.7744779783004319
  6.30957344480193305E-002  0.30199999999999999       1.33172899999999987E-004   8.9238622740109008
  6.30957344480193305E-002  0.30599999999999999       1.16449440000000000E-004   9.0580533705763582
  6.30957344480193305E-002  0.31000000000000000       1.00430299999999993E-004   9.2060466034082555
  6.30957344480193305E-002  0.31400000000000000       8.90441400000000063E-005   9.3263783561210154
  6.30957344480193305E-002  0.31800000000000000       7.63082400000000051E-005   9.4807296307473408
  6.30957344480193305E-002  0.32200000000000001       6.67283199999999974E-005   9.6148811074484026
  6.30957344480193305E-002  0.32600000000000001       5.79311800000000039E-005   9.7562548036518368
  6.30957344480193305E-002  0.33000000000000002       5.06959200000000050E-005   9.8896651239780731
  6.30957344480193305E-002  0.33400000000000002       4.42697400000000035E-005   10.025209184289199
  6.30957344480193305E-002  0.33800000000000002       3.87199599999999992E-005   10.159155328614283
  6.30957344480193305E-002  0.34200000000000003       3.38861599999999981E-005   10.292503886525525
  6.30957344480193305E-002  0.34599999999999997       2.80670799999999996E-005   10.480913198651686
  6.30957344480193305E-002  0.34999999999999998       2.20475000000000019E-005   10.722311341184076
  6.30957344480193305E-002  0.35399999999999998       1.75637999999999994E-005   10.949670592257442
  6.30957344480193305E-002  0.35799999999999998       1.36195400000000000E-005   11.204005031675225
  6.30957344480193305E-002  0.36199999999999999       1.25713199999999991E-005   11.284092528942312
  6.30957344480193305E-002  0.36599999999999999       1.08562800000000000E-005   11.430766843575668
  6.30957344480193305E-002  0.37000000000000000       9.46252000000000101E-006   11.568171825596600
  6.30957344480193305E-002  0.37400000000000000       7.41743999999999975E-006   11.811676573792917
  6.30957344480193305E-002  0.37800000000000000       5.91850000000000017E-006   12.037427519552462
  6.30957344480193305E-002  0.38200000000000001       4.31715999999999968E-006   12.352912779302667
  6.30957344480193305E-002  0.38600000000000001       3.10396000000000001E-006   12.682831842324273
  6.30957344480193305E-002  0.39000000000000001       2.70780000000000015E-006   12.819374060885401
  6.30957344480193305E-002  0.39400000000000002       2.44812000000000003E-006   12.920190174907773
  6.30957344480193305E-002  0.39800000000000002       2.17981999999999999E-006   13.036268253379607
  6.30957344480193305E-002  0.40200000000000002       2.06573999999999981E-006   13.090022042233667
  6.30957344480193305E-002  0.40600000000000003       1.77764000000000019E-006   13.240223916063993
  6.30957344480193305E-002  0.40999999999999998       1.22418000000000015E-006   13.613239325862699
  6.30957344480193305E-002  0.41399999999999998       8.28880000000000101E-007   14.003190445002915
  6.30957344480193305E-002  0.41799999999999998       5.81860000000000050E-007   14.357035967979902
  6.30957344480193305E-002  0.42199999999999999       3.86900000000000004E-007   14.765099575239944
  6.30957344480193305E-002  0.42599999999999999       3.89340000000000017E-007   14.758812839085278
  6.30957344480193305E-002  0.42999999999999999       3.41839999999999996E-007   14.888923045610643
  6.30957344480193305E-002  0.43400000000000000       1.68500000000000007E-007   15.596330087153994
  6.30957344480193305E-002  0.43800000000000000       6.31399999999999950E-008   16.577911353816564
  6.30957344480193305E-002  0.44200000000000000       1.51600000000000014E-008   18.004605456732186
  6.30957344480193305E-002  0.44600000000000001       3.46200000000000016E-008   17.178834287198349
  6.30957344480193305E-002  0.45000000000000001       1.73400000000000017E-008   17.870249865594015
  6.30957344480193305E-002  0.45400000000000001       4.49799999999999965E-008   16.917047890415240
  6.30957344480193305E-002  0.45800000000000002       8.25000000000000042E-008   16.310467543605775
  6.30957344480193305E-002  0.46200000000000002       4.83599999999999976E-008   16.844592811199821
  6.30957344480193305E-002  0.46600000000000003       2.34799999999999992E-008   17.567116841986515
  6.30957344480193305E-002  0.46999999999999997        0.0000000000000000                      +Infinity
  6.30957344480193305E-002  0.47399999999999998        0.0000000000000000                      +Infinity
  6.30957344480193305E-002  0.47799999999999998        0.0000000000000000                      +Infinity
  6.30957344480193305E-002  0.48199999999999998        0.0000000000000000                      +Infinity
  6.30957344480193305E-002  0.48599999999999999        0.0000000000000000                      +Infinity
  6.30957344480193305E-002  0.48999999999999999        0.0000000000000000                      +Infinity
  6.30957344480193305E-002  0.49399999999999999        0.0000000000000000                      +Infinity
  6.30957344480193305E-002  0.49800000000000000        0.0000000000000000                      +Infinity
  6.30957344480193305E-002  0.50200000000000000        0.0000000000000000                      +Infinity
  6.30957344480193305E-002  0.50600000000000001        0.0000000000000000                      +Infinity
  6.30957344480193305E-002  0.51000000000000001        0.0000000000000000                      +Infinity
  6.30957344480193305E-002  0.51400000000000001        0.0000000000000000                      +Infinity
  6.30957344480193305E-002  0.51800000000000002        0.0000000000000000                      +Infinity
  6.30957344480193305E-002  0.52200000000000002        0.0000000000000000                      +Infinity
  6.30957344480193305E-002  0.52600000000000002        0.0000000000000000                      +Infinity
  6.30957344480193305E-002  0.53000000000000003        0.0000000000000000                      +Infinity
  6.30957344480193305E-002  0.53400000000000003        0.0000000000000000                      +Infinity
  6.30957344480193305E-002  0.53800000000000003        0.0000000000000000                      +Infinity
  6.30957344480193305E-002  0.54200000000000004        0.0000000000000000                      +Infinity
  6.30957344480193305E-002  0.54600000000000004        0.0000000000000000                      +Infinity
  6.30957344480193305E-002  0.55000000000000004        0.0000000000000000                      +Infinity
  6.30957344480193305E-002  0.55400000000000005        0.0000000000000000                      +Infinity
  6.30957344480193305E-002  0.55800000000000005        0.0000000000000000                      +Infinity
  6.30957344480193305E-002  0.56200000000000006        0.0000000000000000                      +Infinity
  6.30957344480193305E-002  0.56599999999999995        0.0000000000000000                      +Infinity
  6.30957344480193305E-002  0.56999999999999995        0.0000000000000000                      +Infinity
  6.30957344480193305E-002  0.57399999999999995        0.0000000000000000                      +Infinity
  6.30957344480193305E-002  0.57799999999999996        0.0000000000000000                      +Infinity
  6.30957344480193305E-002  0.58199999999999996        0.0000000000000000                      +Infinity
  6.30957344480193305E-002  0.58599999999999997        0.0000000000000000                      +Infinity
  6.30957344480193305E-002  0.58999999999999997        0.0000000000000000                      +Infinity
  6.30957344480193305E-002  0.59399999999999997        0.0000000000000000                      +Infinity
  6.30957344480193305E-002  0.59799999999999998        0.0000000000000000                      +Infinity
  6.30957344480193305E-002  0.60199999999999998        0.0000000000000000                      +Infinity
  6.30957344480193305E-002  0.60599999999999998        0.0000000000000000                      +Infinity
  6.30957344480193305E-002  0.60999999999999999        0.0000000000000000                      +Infinity
  6.30957344480193305E-002  0.61399999999999999        0.0000000000000000                      +Infinity
  6.30957344480193305E-002  0.61799999999999999        0.0000000000000000                      +Infinity
  6.30957344480193305E-002  0.62200000000000000        0.0000000000000000                      +Infinity
  6.30957344480193305E-002  0.62600000000000000        0.0000000000000000                      +Infinity
  6.30957344480193305E-002  0.63000000000000000        0.0000000000000000                      +Infinity
  6.30957344480193305E-002  0.63400000000000001        0.0000000000000000                      +Infinity
  6.30957344480193305E-002  0.63800000000000001        0.0000000000000000                      +Infinity
  6.30957344480193305E-002  0.64200000000000002        0.0000000000000000                      +Infinity
  6.30957344480193305E-002  0.64600000000000002        0.0000000000000000                      +Infinity
  6.30957344480193305E-002  0.65000000000000002        0.0000000000000000                      +Infinity
  6.30957344480193305E-002  0.65400000000000003        0.0000000000000000                      +Infinity
  6.30957344480193305E-002  0.65800000000000003        0.0000000000000000                      +Infinity
  6.30957344480193305E-002  0.66200000000000003        0.0000000000000000                      +Infinity
  6.30957344480193305E-002  0.66600000000000004        0.0000000000000000                      +Infinity
  6.30957344480193305E-002  0.67000000000000004        0.0000000000000000                      +Infinity
  6.30957344480193305E-002  0.67400000000000004        0.0000000000000000                      +Infinity
  6.30957344480193305E-002  0.67800000000000005        0.0000000000000000                      +Infinity
  6.30957344480193305E-002  0.68200000000000005        0.0000000000000000                      +Infinity
  6.30957344480193305E-002  0.68600000000000005        0.0000000000000000                      +Infinity
  6.30957344480193305E-002  0.68999999999999995        0.0000000000000000                      +Infinity
  6.30957344480193305E-002  0.69399999999999995        0.0000000000000000                      +Infinity
  6.30957344480193305E-002  0.69799999999999995        0.0000000000000000                      +Infinity
  6.30957344480193305E-002  0.70199999999999996        0.0000000000000000                      +Infinity
  6.30957344480193305E-002  0.70599999999999996        0.0000000000000000                      +Infinity
  6.30957344480193305E-002  0.70999999999999996        0.0000000000000000                      +Infinity
  6.30957344480193305E-002  0.71399999999999997        0.0000000000000000                      +Infinity
  6.30957344480193305E-002  0.71799999999999997        0.0000000000000000                      +Infinity
  6.30957344480193305E-002  0.72199999999999998        0.0000000000000000                      +Infinity
  6.30957344480193305E-002  0.72599999999999998        0.0000000000000000                      +Infinity
  6.30957344480193305E-002  0.72999999999999998        0.0000000000000000                      +Infinity
  6.30957344480193305E-002  0.73399999999999999        0.0000000000000000                      +Infinity
  6.30957344480193305E-002  0.73799999999999999        0.0000000000000000                      +Infinity
  6.30957344480193305E-002  0.74199999999999999        0.0000000000000000                      +Infinity
  6.30957344480193305E-002  0.74600000000000000        0.0000000000000000                      +Infinity
  6.30957344480193305E-002  0.75000000000000000        0.0000000000000000                      +Infinity
  6.30957344480193305E-002  0.75400000000000000        0.0000000000000000                      +Infinity
  6.30957344480193305E-002  0.75800000000000001        0.0000000000000000                      +Infinity
  6.30957344480193305E-002  0.76200000000000001        0.0000000000000000                      +Infinity
  6.30957344480193305E-002  0.76600000000000001        0.0000000000000000                      +Infinity
  6.30957344480193305E-002  0.77000000000000002        0.0000000000000000                      +Infinity
  6.30957344480193305E-002  0.77400000000000002        0.0000000000000000                      +Infinity
  6.30957344480193305E-002  0.77800000000000002        0.0000000000000000                      +Infinity
  6.30957344480193305E-002  0.78200000000000003        0.0000000000000000                      +Infinity
  6.30957344480193305E-002  0.78600000000000003        0.0000000000000000                      +Infinity
  6.30957344480193305E-002  0.79000000000000004        0.0000000000000000                      +Infinity
  6.30957344480193305E-002  0.79400000000000004        0.0000000000000000                      +Infinity
  6.30957344480193305E-002  0.79800000000000004        0.0000000000000000                      +Infinity
  6.30957344480193305E-002  0.80200000000000005        0.0000000000000000                      +Infinity
  6.30957344480193305E-002  0.80600000000000005        0.0000000000000000                      +Infinity
  6.30957344480193305E-002  0.81000000000000005        0.0000000000000000                      +Infinity
  6.30957344480193305E-002  0.81399999999999995        0.0000000000000000                      +Infinity
  6.30957344480193305E-002  0.81799999999999995        0.0000000000000000                      +Infinity
  6.30957344480193305E-002  0.82199999999999995        0.0000000000000000                      +Infinity
  6.30957344480193305E-002  0.82599999999999996        0.0000000000000000                      +Infinity
  6.30957344480193305E-002  0.82999999999999996        0.0000000000000000                      +Infinity
  6.30957344480193305E-002  0.83399999999999996        0.0000000000000000                      +Infinity
  6.30957344480193305E-002  0.83799999999999997        0.0000000000000000                      +Infinity
  6.30957344480193305E-002  0.84199999999999997        0.0000000000000000                      +Infinity
  6.30957344480193305E-002  0.84599999999999997        0.0000000000000000                      +Infinity
  6.30957344480193305E-002  0.84999999999999998        0.0000000000000000                      +Infinity
  6.30957344480193305E-002  0.85399999999999998        0.0000000000000000                      +Infinity
  6.30957344480193305E-002  0.85799999999999998        0.0000000000000000                      +Infinity
  6.30957344480193305E-002  0.86199999999999999        0.0000000000000000                      +Infinity
  6.30957344480193305E-002  0.86599999999999999        0.0000000000000000                      +Infinity
  6.30957344480193305E-002  0.87000000000000000        0.0000000000000000                      +Infinity
  6.30957344480193305E-002  0.87400000000000000        0.0000000000000000                      +Infinity
  6.30957344480193305E-002  0.87800000000000000        0.0000000000000000                      +Infinity
  6.30957344480193305E-002  0.88200000000000001        0.0000000000000000                      +Infinity
  6.30957344480193305E-002  0.88600000000000001        0.0000000000000000                      +Infinity
  6.30957344480193305E-002  0.89000000000000001        0.0000000000000000                      +Infinity
  6.30957344480193305E-002  0.89400000000000002        0.0000000000000000                      +Infinity
  6.30957344480193305E-002  0.89800000000000002        0.0000000000000000                      +Infinity
  6.30957344480193305E-002  0.90200000000000002        0.0000000000000000                      +Infinity
  6.30957344480193305E-002  0.90600000000000003        0.0000000000000000                      +Infinity
  6.30957344480193305E-002  0.91000000000000003        0.0000000000000000                      +Infinity
  6.30957344480193305E-002  0.91400000000000003        0.0000000000000000                      +Infinity
  6.30957344480193305E-002  0.91800000000000004        0.0000000000000000                      +Infinity
  6.30957344480193305E-002  0.92200000000000004        0.0000000000000000                      +Infinity
  6.30957344480193305E-002  0.92600000000000005        0.0000000000000000                      +Infinity
  6.30957344480193305E-002  0.93000000000000005        0.0000000000000000                      +Infinity
  6.30957344480193305E-002  0.93400000000000005        0.0000000000000000                      +Infinity
  6.30957344480193305E-002  0.93799999999999994        0.0000000000000000                      +Infinity
  6.30957344480193305E-002  0.94199999999999995        0.0000000000000000                      +Infinity
  6.30957344480193305E-002  0.94599999999999995        0.0000000000000000                      +Infinity
  6.30957344480193305E-002  0.94999999999999996        0.0000000000000000                      +Infinity
  6.30957344480193305E-002  0.95399999999999996        0.0000000000000000                      +Infinity
  6.30957344480193305E-002  0.95799999999999996        0.0000000000000000                      +Infinity
  6.30957344480193305E-002  0.96199999999999997        0.0000000000000000                      +Infinity
  6.30957344480193305E-002  0.96599999999999997        0.0000000000000000                      +Infinity
  6.30957344480193305E-002  0.96999999999999997        0.0000000000000000                      +Infinity
  6.30957344480193305E-002  0.97399999999999998        0.0000000000000000                      +Infinity
  6.30957344480193305E-002  0.97799999999999998        0.0000000000000000                      +Infinity
  6.30957344480193305E-002  0.98199999999999998        0.0000000000000000                      +Infinity
  6.30957344480193305E-002  0.98599999999999999        0.0000000000000000                      +Infinity
  6.30957344480193305E-002  0.98999999999999999        0.0000000000000000                      +Infinity
  6.30957344480193305E-002  0.99399999999999999        0.0000000000000000                      +Infinity
  6.30957344480193305E-002  0.99800000000000000        0.0000000000000000                      +Infinity
