  4.46683592150963048E-003 -0.99800000000000000        0.0000000000000000                      +Infinity
  4.46683592150963048E-003 -0.99399999999999999        0.0000000000000000                      +Infinity
  4.46683592150963048E-003 -0.98999999999999999        0.0000000000000000                      +Infinity
  4.46683592150963048E-003 -0.98599999999999999        0.0000000000000000                      +Infinity
  4.46683592150963048E-003 -0.98199999999999998        0.0000000000000000                      +Infinity
  4.46683592150963048E-003 -0.97799999999999998        0.0000000000000000                      +Infinity
  4.46683592150963048E-003 -0.97399999999999998        0.0000000000000000                      +Infinity
  4.46683592150963048E-003 -0.96999999999999997        0.0000000000000000                      +Infinity
  4.46683592150963048E-003 -0.96599999999999997        0.0000000000000000                      +Infinity
  4.46683592150963048E-003 -0.96199999999999997        0.0000000000000000                      +Infinity
  4.46683592150963048E-003 -0.95799999999999996        0.0000000000000000                      +Infinity
  4.46683592150963048E-003 -0.95399999999999996        0.0000000000000000                      +Infinity
  4.46683592150963048E-003 -0.94999999999999996        0.0000000000000000                      +Infinity
  4.46683592150963048E-003 -0.94599999999999995        0.0000000000000000                      +Infinity
  4.46683592150963048E-003 -0.94199999999999995        0.0000000000000000                      +Infinity
  4.46683592150963048E-003 -0.93799999999999994        0.0000000000000000                      +Infinity
  4.46683592150963048E-003 -0.93400000000000005        0.0000000000000000                      +Infinity
  4.46683592150963048E-003 -0.93000000000000005        0.0000000000000000                      +Infinity
  4.46683592150963048E-003 -0.92600000000000005        0.0000000000000000                      +Infinity
  4.46683592150963048E-003 -0.92200000000000004        0.0000000000000000                      +Infinity
  4.46683592150963048E-003 -0.91800000000000004        0.0000000000000000                      +Infinity
  4.46683592150963048E-003 -0.91400000000000003        0.0000000000000000                      +Infinity
  4.46683592150963048E-003 -0.91000000000000003        0.0000000000000000                      +Infinity
  4.46683592150963048E-003 -0.90600000000000003        0.0000000000000000                      +Infinity
  4.46683592150963048E-003 -0.90200000000000002        0.0000000000000000                      +Infinity
  4.46683592150963048E-003 -0.89800000000000002        0.0000000000000000                      +Infinity
  4.46683592150963048E-003 -0.89400000000000002        0.0000000000000000                      +Infinity
  4.46683592150963048E-003 -0.89000000000000001        0.0000000000000000                      +Infinity
  4.46683592150963048E-003 -0.88600000000000001        0.0000000000000000                      +Infinity
  4.46683592150963048E-003 -0.88200000000000001        0.0000000000000000                      +Infinity
  4.46683592150963048E-003 -0.87800000000000000        0.0000000000000000                      +Infinity
  4.46683592150963048E-003 -0.87400000000000000        0.0000000000000000                      +Infinity
  4.46683592150963048E-003 -0.87000000000000000        0.0000000000000000                      +Infinity
  4.46683592150963048E-003 -0.86599999999999999        0.0000000000000000                      +Infinity
  4.46683592150963048E-003 -0.86199999999999999        0.0000000000000000                      +Infinity
  4.46683592150963048E-003 -0.85799999999999998        0.0000000000000000                      +Infinity
  4.46683592150963048E-003 -0.85399999999999998        0.0000000000000000                      +Infinity
  4.46683592150963048E-003 -0.84999999999999998        0.0000000000000000                      +Infinity
  4.46683592150963048E-003 -0.84599999999999997        0.0000000000000000                      +Infinity
  4.46683592150963048E-003 -0.84199999999999997        0.0000000000000000                      +Infinity
  4.46683592150963048E-003 -0.83799999999999997        0.0000000000000000                      +Infinity
  4.46683592150963048E-003 -0.83399999999999996        0.0000000000000000                      +Infinity
  4.46683592150963048E-003 -0.82999999999999996        0.0000000000000000                      +Infinity
  4.46683592150963048E-003 -0.82599999999999996        0.0000000000000000                      +Infinity
  4.46683592150963048E-003 -0.82199999999999995        0.0000000000000000                      +Infinity
  4.46683592150963048E-003 -0.81799999999999995        0.0000000000000000                      +Infinity
  4.46683592150963048E-003 -0.81399999999999995        0.0000000000000000                      +Infinity
  4.46683592150963048E-003 -0.81000000000000005        0.0000000000000000                      +Infinity
  4.46683592150963048E-003 -0.80600000000000005        0.0000000000000000                      +Infinity
  4.46683592150963048E-003 -0.80200000000000005        0.0000000000000000                      +Infinity
  4.46683592150963048E-003 -0.79800000000000004        0.0000000000000000                      +Infinity
  4.46683592150963048E-003 -0.79400000000000004        0.0000000000000000                      +Infinity
  4.46683592150963048E-003 -0.79000000000000004       3.56400000000000002E-008   17.149797234343804
  4.46683592150963048E-003 -0.78600000000000003       2.15840000000000006E-007   15.348728444486966
  4.46683592150963048E-003 -0.78200000000000003       3.30539999999999994E-007   14.922538156233731
  4.46683592150963048E-003 -0.77800000000000002       4.80959999999999987E-007   14.547481730381801
  4.46683592150963048E-003 -0.77400000000000002       1.00660000000000003E-006   13.808932242604152
  4.46683592150963048E-003 -0.77000000000000002       2.14087999999999999E-006   13.054293598502941
  4.46683592150963048E-003 -0.76600000000000001       2.73766000000000023E-006   12.808407017041059
  4.46683592150963048E-003 -0.76200000000000001       3.17971999999999994E-006   12.658717415363311
  4.46683592150963048E-003 -0.75800000000000001       6.39789999999999934E-006   11.959540746443436
  4.46683592150963048E-003 -0.75400000000000000       1.10170400000000008E-005   11.416067392860464
  4.46683592150963048E-003 -0.75000000000000000       1.58489199999999980E-005   11.052409198763801
  4.46683592150963048E-003 -0.74600000000000000       2.26000799999999993E-005   10.697557111869290
  4.46683592150963048E-003 -0.74199999999999999       3.03463800000000000E-005   10.402833322696168
  4.46683592150963048E-003 -0.73799999999999999       4.01569400000000045E-005   10.122715280702927
  4.46683592150963048E-003 -0.73399999999999999       5.29981200000000048E-005   9.8452541167394010
  4.46683592150963048E-003 -0.72999999999999998       7.13055000000000036E-005   9.5485370946691415
  4.46683592150963048E-003 -0.72599999999999998       9.08706600000000079E-005   9.3060733811602514
  4.46683592150963048E-003 -0.72199999999999998       1.13978399999999986E-004   9.0795016012063954
  4.46683592150963048E-003 -0.71799999999999997       1.40878119999999997E-004   8.8676154385558821
  4.46683592150963048E-003 -0.71399999999999997       1.73242699999999987E-004   8.6608170564241291
  4.46683592150963048E-003 -0.70999999999999996       2.10551800000000012E-004   8.4657788543546477
  4.46683592150963048E-003 -0.70599999999999996       2.53450160000000019E-004   8.2803433617578932
  4.46683592150963048E-003 -0.70199999999999996       2.98597880000000008E-004   8.1164127726834501
  4.46683592150963048E-003 -0.69799999999999995       3.51266819999999957E-004   7.9539644523418263
  4.46683592150963048E-003 -0.69399999999999995       4.09168979999999997E-004   7.8013823332118699
  4.46683592150963048E-003 -0.68999999999999995       4.73775139999999938E-004   7.6547777370125258
  4.46683592150963048E-003 -0.68600000000000005       5.44064540000000038E-004   7.5164426784395824
  4.46683592150963048E-003 -0.68200000000000005       6.10491340000000058E-004   7.4012464496083092
  4.46683592150963048E-003 -0.67800000000000005       6.78765620000000027E-004   7.2952346740895768
  4.46683592150963048E-003 -0.67400000000000004       7.64808479999999993E-004   7.1758851084224435
  4.46683592150963048E-003 -0.67000000000000004       8.40395419999999914E-004   7.0816380387940949
  4.46683592150963048E-003 -0.66600000000000004       9.32359860000000042E-004   6.9777917019224081
  4.46683592150963048E-003 -0.66200000000000003       1.02335122000000002E-003   6.8846725273765319
  4.46683592150963048E-003 -0.65800000000000003       1.10665859999999994E-003   6.8064100739050426
  4.46683592150963048E-003 -0.65400000000000003       1.19425349999999989E-003   6.7302339749888471
  4.46683592150963048E-003 -0.65000000000000002       1.29615881999999992E-003   6.6483501422639417
  4.46683592150963048E-003 -0.64600000000000002       1.38769612000000007E-003   6.5801103745845886
  4.46683592150963048E-003 -0.64200000000000002       1.49246367999999996E-003   6.5073270480019936
  4.46683592150963048E-003 -0.63800000000000001       1.57584002000000015E-003   6.4529668028512379
  4.46683592150963048E-003 -0.63400000000000001       1.66545437999999981E-003   6.3976572918795069
  4.46683592150963048E-003 -0.63000000000000000       1.75807597999999999E-003   6.3435352610853997
  4.46683592150963048E-003 -0.62600000000000000       1.85426682000000022E-003   6.2902659063357618
  4.46683592150963048E-003 -0.62200000000000000       1.96814286000000001E-003   6.2306648915232934
  4.46683592150963048E-003 -0.61799999999999999       2.06867529999999996E-003   6.1808468282521671
  4.46683592150963048E-003 -0.61399999999999999       2.16453981999999981E-003   6.1355474943930624
  4.46683592150963048E-003 -0.60999999999999999       2.25211100000000022E-003   6.0958872803989550
  4.46683592150963048E-003 -0.60599999999999998       2.34323987999999995E-003   6.0562207431350128
  4.46683592150963048E-003 -0.60199999999999998       2.43357242000000022E-003   6.0183949695280665
  4.46683592150963048E-003 -0.59799999999999998       2.52582063999999985E-003   5.9811892631172103
  4.46683592150963048E-003 -0.59399999999999997       2.60900961999999993E-003   5.9487845855978545
  4.46683592150963048E-003 -0.58999999999999997       2.68033460000000013E-003   5.9218136415063087
  4.46683592150963048E-003 -0.58599999999999997       2.76054963999999977E-003   5.8923254741522610
  4.46683592150963048E-003 -0.58199999999999996       2.83193420000000000E-003   5.8667953378838646
  4.46683592150963048E-003 -0.57799999999999996       2.91022092000000005E-003   5.8395262831545525
  4.46683592150963048E-003 -0.57399999999999995       2.98063475999999980E-003   5.8156189944361234
  4.46683592150963048E-003 -0.56999999999999995       3.03754300000000019E-003   5.7967063140370696
  4.46683592150963048E-003 -0.56599999999999995       3.09240835999999991E-003   5.7788050871197205
  4.46683592150963048E-003 -0.56200000000000006       3.13496342000000022E-003   5.7651377732268907
  4.46683592150963048E-003 -0.55800000000000005       3.17867777999999990E-003   5.7512899611085322
  4.46683592150963048E-003 -0.55400000000000005       3.23228036000000000E-003   5.7345673970359172
  4.46683592150963048E-003 -0.55000000000000004       3.29467744000000017E-003   5.7154470095980274
  4.46683592150963048E-003 -0.54600000000000004       3.32954745999999987E-003   5.7049188821226382
  4.46683592150963048E-003 -0.54200000000000004       3.37088338000000008E-003   5.6925804384042822
  4.46683592150963048E-003 -0.53800000000000003       3.41349778000000006E-003   5.6800177714650202
  4.46683592150963048E-003 -0.53400000000000003       3.45934677999999978E-003   5.6666754996434543
  4.46683592150963048E-003 -0.53000000000000003       3.48581036000000007E-003   5.6590547338230452
  4.46683592150963048E-003 -0.52600000000000002       3.51244233999999968E-003   5.6514436601153744
  4.46683592150963048E-003 -0.52200000000000002       3.55759198000000013E-003   5.6386713730990889
  4.46683592150963048E-003 -0.51800000000000002       3.57734566000000040E-003   5.6331341893231448
  4.46683592150963048E-003 -0.51400000000000001       3.58580827999999997E-003   5.6307713686974648
  4.46683592150963048E-003 -0.51000000000000001       3.59079241999999983E-003   5.6293823710341746
  4.46683592150963048E-003 -0.50600000000000001       3.59333478000000003E-003   5.6286745995720739
  4.46683592150963048E-003 -0.50200000000000000       3.61325160000000025E-003   5.6231471918207800
  4.46683592150963048E-003 -0.49800000000000000       3.63630685999999977E-003   5.6167867112884631
  4.46683592150963048E-003 -0.49399999999999999       3.63585688000000020E-003   5.6169104653777993
  4.46683592150963048E-003 -0.48999999999999999       3.62098384000000004E-003   5.6210095110641562
  4.46683592150963048E-003 -0.48599999999999999       3.64094511999999999E-003   5.6155119826846391
  4.46683592150963048E-003 -0.48199999999999998       3.65692239999999965E-003   5.6111333596189210
  4.46683592150963048E-003 -0.47799999999999998       3.67240919999999981E-003   5.6069073745241385
  4.46683592150963048E-003 -0.47399999999999998       3.68349681999999984E-003   5.6038927551511311
  4.46683592150963048E-003 -0.46999999999999997       3.68208705999999988E-003   5.6042755516925000
  4.46683592150963048E-003 -0.46600000000000003       3.69789275999999993E-003   5.5999921458968638
  4.46683592150963048E-003 -0.46200000000000002       3.69607545999999995E-003   5.6004837087444503
  4.46683592150963048E-003 -0.45800000000000002       3.69603776000000011E-003   5.6004939088046708
  4.46683592150963048E-003 -0.45400000000000001       3.69111377999999969E-003   5.6018270290750705
  4.46683592150963048E-003 -0.45000000000000001       3.68700376000000033E-003   5.6029411399313549
  4.46683592150963048E-003 -0.44600000000000001       3.69668962000000009E-003   5.6003175571097730
  4.46683592150963048E-003 -0.44200000000000000       3.68184979999999990E-003   5.6043399900505673
  4.46683592150963048E-003 -0.43800000000000000       3.67433874000000016E-003   5.6063820972014033
  4.46683592150963048E-003 -0.43400000000000000       3.65788050000000024E-003   5.6108713976717359
  4.46683592150963048E-003 -0.42999999999999999       3.66249451999999974E-003   5.6096108008858048
  4.46683592150963048E-003 -0.42599999999999999       3.64068607999999986E-003   5.6155831315777904
  4.46683592150963048E-003 -0.42199999999999999       3.64077318000000007E-003   5.6155592078018293
  4.46683592150963048E-003 -0.41799999999999998       3.63514911999999980E-003   5.6171051454543219
  4.46683592150963048E-003 -0.41399999999999998       3.62463410000000031E-003   5.6200019337011096
  4.46683592150963048E-003 -0.40999999999999998       3.61695693999999988E-003   5.6221222309765979
  4.46683592150963048E-003 -0.40600000000000003       3.61371498000000050E-003   5.6230189554451151
  4.46683592150963048E-003 -0.40200000000000002       3.61331374000000045E-003   5.6231299941626736
  4.46683592150963048E-003 -0.39800000000000002       3.60743010000000005E-003   5.6247596438033476
  4.46683592150963048E-003 -0.39400000000000002       3.59531366000000012E-003   5.6281240426582109
  4.46683592150963048E-003 -0.39000000000000001       3.59010475999999978E-003   5.6295738958492123
  4.46683592150963048E-003 -0.38600000000000001       3.58228122000000008E-003   5.6317554692125738
  4.46683592150963048E-003 -0.38200000000000001       3.56027798000000013E-003   5.6379166528969531
  4.46683592150963048E-003 -0.37800000000000000       3.55184143999999957E-003   5.6402890944882316
  4.46683592150963048E-003 -0.37400000000000000       3.55390549999999973E-003   5.6397081393612103
  4.46683592150963048E-003 -0.37000000000000000       3.52511480000000004E-003   5.6478422758723239
  4.46683592150963048E-003 -0.36599999999999999       3.51482176000000044E-003   5.6507664633978258
  4.46683592150963048E-003 -0.36199999999999999       3.49824431999999977E-003   5.6554940591987473
  4.46683592150963048E-003 -0.35799999999999998       3.48049663999999963E-003   5.6605802827345562
  4.46683592150963048E-003 -0.35399999999999998       3.44948198000000032E-003   5.6695312099372552
  4.46683592150963048E-003 -0.34999999999999998       3.42487533999999991E-003   5.6766902050106305
  4.46683592150963048E-003 -0.34599999999999997       3.41269619999999985E-003   5.6802526256183103
  4.46683592150963048E-003 -0.34200000000000003       3.41428865999999966E-003   5.6797861063388515
  4.46683592150963048E-003 -0.33800000000000002       3.40311545999999986E-003   5.6830639551526634
  4.46683592150963048E-003 -0.33400000000000002       3.38031068000000040E-003   5.6897876565515695
  4.46683592150963048E-003 -0.33000000000000002       3.36342625999999992E-003   5.6947951043304359
  4.46683592150963048E-003 -0.32600000000000001       3.35906510000000009E-003   5.6960925877716999
  4.46683592150963048E-003 -0.32200000000000001       3.33556865999999966E-003   5.7031121014065675
  4.46683592150963048E-003 -0.31800000000000000       3.32047761999999975E-003   5.7076466449550223
  4.46683592150963048E-003 -0.31400000000000000       3.30502966000000009E-003   5.7123098314373646
  4.46683592150963048E-003 -0.31000000000000000       3.28254739999999995E-003   5.7191355116783296
  4.46683592150963048E-003 -0.30599999999999999       3.26974214000000027E-003   5.7230441534514069
  4.46683592150963048E-003 -0.30199999999999999       3.25451854000000009E-003   5.7277109282404508
  4.46683592150963048E-003 -0.29799999999999999       3.22339977999999954E-003   5.7373186441265744
  4.46683592150963048E-003 -0.29399999999999998       3.22172585999999997E-003   5.7378380816460686
  4.46683592150963048E-003 -0.28999999999999998       3.19395174000000007E-003   5.7464963388839303
  4.46683592150963048E-003 -0.28599999999999998       3.17298802000000020E-003   5.7530815419948871
  4.46683592150963048E-003 -0.28199999999999997       3.16571876000000009E-003   5.7553751528019657
  4.46683592150963048E-003 -0.27800000000000002       3.13899578000000025E-003   5.7638523455004140
  4.46683592150963048E-003 -0.27400000000000002       3.12722310000000019E-003   5.7676098567131184
  4.46683592150963048E-003 -0.27000000000000002       3.11367686000000015E-003   5.7719509810254657
  4.46683592150963048E-003 -0.26600000000000001       3.10379288000000014E-003   5.7751304056916206
  4.46683592150963048E-003 -0.26200000000000001       3.07839127999999995E-003   5.7833481301372309
  4.46683592150963048E-003 -0.25800000000000001       3.07080473999999997E-003   5.7858156214400145
  4.46683592150963048E-003 -0.25400000000000000       3.04799108000000001E-003   5.7932725676712060
  4.46683592150963048E-003 -0.25000000000000000       3.03599515999999989E-003   5.7972160136529229
  4.46683592150963048E-003 -0.24600000000000000       3.03060804000000001E-003   5.7989920063257197
  4.46683592150963048E-003 -0.24199999999999999       3.01873874000000006E-003   5.8029161705910521
  4.46683592150963048E-003 -0.23799999999999999       3.02316037999999978E-003   5.8014525113337374
  4.46683592150963048E-003 -0.23400000000000001       3.03143439999999965E-003   5.7987193721390415
  4.46683592150963048E-003 -0.23000000000000001       3.01903657999999997E-003   5.8028175117359417
  4.46683592150963048E-003 -0.22600000000000001       3.00941088000000008E-003   5.8060109403074263
  4.46683592150963048E-003 -0.22200000000000000       3.00945779999999994E-003   5.8059953493375955
  4.46683592150963048E-003 -0.21800000000000000       2.99106568000000010E-003   5.8121255403644598
  4.46683592150963048E-003 -0.21400000000000000       2.94510517999999966E-003   5.8276107477455463
  4.46683592150963048E-003 -0.20999999999999999       2.91362346000000006E-003   5.8383577971287837
  4.46683592150963048E-003 -0.20599999999999999       2.89773061999999996E-003   5.8438273931653297
  4.46683592150963048E-003 -0.20200000000000001       2.88532715999999982E-003   5.8481169851047872
  4.46683592150963048E-003 -0.19800000000000001       2.86834945999999997E-003   5.8540185156899405
  4.46683592150963048E-003 -0.19400000000000001       2.86211267999999987E-003   5.8561952275537159
  4.46683592150963048E-003 -0.19000000000000000       2.83634809999999985E-003   5.8652379345441759
  4.46683592150963048E-003 -0.18600000000000000       2.79942489999999988E-003   5.8783412757541234
  4.46683592150963048E-003 -0.18200000000000000       2.78457956000000006E-003   5.8836583828880755
  4.46683592150963048E-003 -0.17799999999999999       2.75103092000000002E-003   5.8957795575536078
  4.46683592150963048E-003 -0.17399999999999999       2.74116659999999995E-003   5.8993716827716050
  4.46683592150963048E-003 -0.17000000000000001       2.72814999999999993E-003   5.9041315551753160
  4.46683592150963048E-003 -0.16600000000000001       2.72669737999999993E-003   5.9046641530403505
  4.46683592150963048E-003 -0.16200000000000001       2.72476911999999967E-003   5.9053715810619360
  4.46683592150963048E-003 -0.15800000000000000       2.72260686000000028E-003   5.9061654532387413
  4.46683592150963048E-003 -0.15400000000000000       2.72433581999999980E-003   5.9055306163551391
  4.46683592150963048E-003 -0.14999999999999999       2.71086728000000023E-003   5.9104866657687563
  4.46683592150963048E-003 -0.14599999999999999       2.69289048000000012E-003   5.9171401343792116
  4.46683592150963048E-003 -0.14199999999999999       2.68441182000000002E-003   5.9202936364712873
  4.46683592150963048E-003 -0.13800000000000001       2.67750482000000001E-003   5.9228699554572488
  4.46683592150963048E-003 -0.13400000000000001       2.66176444000000003E-003   5.9287660527819259
  4.46683592150963048E-003 -0.13000000000000000       2.65570597999999995E-003   5.9310447537968853
  4.46683592150963048E-003 -0.12600000000000000       2.65238921999999978E-003   5.9322944527215249
  4.46683592150963048E-003 -0.12200000000000000       2.66804825999999995E-003   5.9264080626365816
  4.46683592150963048E-003 -0.11799999999999999       2.64414165999999999E-003   5.9354087805156883
  4.46683592150963048E-003 -0.11400000000000000       2.63227143999999981E-003   5.9399081401375833
  4.46683592150963048E-003 -0.11000000000000000       2.60318928000000029E-003   5.9510179395165848
  4.46683592150963048E-003 -0.10600000000000000       2.60198992000000009E-003   5.9514787728424476
  4.46683592150963048E-003 -0.10199999999999999       2.59163948000000000E-003   5.9554645996721236
  4.46683592150963048E-003 -9.80000000000000038E-002  2.56875134000000014E-003   5.9643353580653642
  4.46683592150963048E-003 -9.40000000000000002E-002  2.56898027999999997E-003   5.9642462370224276
  4.46683592150963048E-003 -8.99999999999999967E-002  2.56683739999999990E-003   5.9650807215224120
  4.46683592150963048E-003 -8.59999999999999931E-002  2.55255368000000026E-003   5.9706609777841981
  4.46683592150963048E-003 -8.20000000000000034E-002  2.55679395999999998E-003   5.9690011647230188
  4.46683592150963048E-003 -7.79999999999999999E-002  2.55254283999999977E-003   5.9706652245207525
  4.46683592150963048E-003 -7.39999999999999963E-002  2.56427930000000014E-003   5.9660778144990489
  4.46683592150963048E-003 -7.00000000000000067E-002  2.54719107999999998E-003   5.9727640642047639
  4.46683592150963048E-003 -6.60000000000000031E-002  2.55722866000000033E-003   5.9688311615637257
  4.46683592150963048E-003 -6.19999999999999996E-002  2.55973714000000017E-003   5.9678507054500862
  4.46683592150963048E-003 -5.80000000000000029E-002  2.55578861999999993E-003   5.9693944454171595
  4.46683592150963048E-003 -5.39999999999999994E-002  2.54518583999999983E-003   5.9735516100345976
  4.46683592150963048E-003 -5.00000000000000028E-002  2.53766404000000008E-003   5.9765112903982951
  4.46683592150963048E-003 -4.59999999999999992E-002  2.52928243999999986E-003   5.9798196370239838
  4.46683592150963048E-003 -4.20000000000000026E-002  2.51814722000000008E-003   5.9842318780317809
  4.46683592150963048E-003 -3.79999999999999991E-002  2.50930756000000005E-003   5.9877484364082258
  4.46683592150963048E-003 -3.40000000000000024E-002  2.49729285999999995E-003   5.9925479898201282
  4.46683592150963048E-003 -2.99999999999999989E-002  2.48637820000000009E-003   5.9969281655256497
  4.46683592150963048E-003 -2.59999999999999988E-002  2.48582596000000017E-003   5.9971502963893473
  4.46683592150963048E-003 -2.19999999999999987E-002  2.49369309999999999E-003   5.9939904946290197
  4.46683592150963048E-003 -1.79999999999999986E-002  2.48059824000000000E-003   5.9992555220890615
  4.46683592150963048E-003 -1.40000000000000003E-002  2.49020132000000007E-003   5.9953917203681968
  4.46683592150963048E-003 -1.00000000000000002E-002  2.48305481999999992E-003   5.9982656945685333
  4.46683592150963048E-003 -6.00000000000000012E-003  2.49367577999999980E-003   5.9939974401750247
  4.46683592150963048E-003 -2.00000000000000004E-003  2.48057099999999999E-003   5.9992665033713690
  4.46683592150963048E-003  2.00000000000000004E-003  2.48152621999999995E-003   5.9988814968027961
  4.46683592150963048E-003  6.00000000000000012E-003  2.49260458000000011E-003   5.9944270991348665
  4.46683592150963048E-003  1.00000000000000002E-002  2.49696044000000030E-003   5.9926811108216169
  4.46683592150963048E-003  1.40000000000000003E-002  2.49134114000000009E-003   5.9949341030622945
  4.46683592150963048E-003  1.79999999999999986E-002  2.47957278000000012E-003   5.9996689997737924
  4.46683592150963048E-003  2.19999999999999987E-002  2.47684167999999991E-003   6.0007710465450836
  4.46683592150963048E-003  2.59999999999999988E-002  2.50196510000000013E-003   5.9906788158756310
  4.46683592150963048E-003  2.99999999999999989E-002  2.49743772000000008E-003   5.9924899846894331
  4.46683592150963048E-003  3.40000000000000024E-002  2.51404345999999999E-003   5.9858628817717765
  4.46683592150963048E-003  3.79999999999999991E-002  2.52165756000000000E-003   5.9828388317845915
  4.46683592150963048E-003  4.20000000000000026E-002  2.52767733999999982E-003   5.9804544453371724
  4.46683592150963048E-003  4.59999999999999992E-002  2.54316067999999992E-003   5.9743476093239423
  4.46683592150963048E-003  5.00000000000000028E-002  2.55847392000000014E-003   5.9683443232438194
  4.46683592150963048E-003  5.39999999999999994E-002  2.56860707999999978E-003   5.9643915192237822
  4.46683592150963048E-003  5.80000000000000029E-002  2.56833522000000014E-003   5.9644973642905077
  4.46683592150963048E-003  6.19999999999999996E-002  2.57882251999999980E-003   5.9604223718220277
  4.46683592150963048E-003  6.60000000000000031E-002  2.59213374000000002E-003   5.9552739046009773
  4.46683592150963048E-003  7.00000000000000067E-002  2.60416565999999983E-003   5.9506429391478015
  4.46683592150963048E-003  7.39999999999999963E-002  2.62326398000000023E-003   5.9433359426733237
  4.46683592150963048E-003  7.79999999999999999E-002  2.63267853999999985E-003   5.9397534947934272
  4.46683592150963048E-003  8.20000000000000034E-002  2.63240744000000021E-003   5.9398564750681153
  4.46683592150963048E-003  8.59999999999999931E-002  2.64462778000000001E-003   5.9352249494726133
  4.46683592150963048E-003  8.99999999999999967E-002  2.65413324000000027E-003   5.9316371408658073
  4.46683592150963048E-003  9.40000000000000002E-002  2.67350929999999980E-003   5.9243633249954151
  4.46683592150963048E-003  9.80000000000000038E-002  2.66818572000000016E-003   5.9263565431565342
  4.46683592150963048E-003  0.10199999999999999       2.67436483999999993E-003   5.9240433698188717
  4.46683592150963048E-003  0.10600000000000000       2.67114953999999984E-003   5.9252463598995986
  4.46683592150963048E-003  0.11000000000000000       2.67058351999999990E-003   5.9254582836313761
  4.46683592150963048E-003  0.11400000000000000       2.68310489999999983E-003   5.9207806102783582
  4.46683592150963048E-003  0.11799999999999999       2.70052772000000003E-003   5.9143080732182263
  4.46683592150963048E-003  0.12200000000000000       2.72495824000000032E-003   5.9053021757549971
  4.46683592150963048E-003  0.12600000000000000       2.73009699999999991E-003   5.9034181392809533
  4.46683592150963048E-003  0.13000000000000000       2.74463790000000016E-003   5.8981061252901767
  4.46683592150963048E-003  0.13400000000000001       2.75575325999999994E-003   5.8940644581405097
  4.46683592150963048E-003  0.13800000000000001       2.77924230000000001E-003   5.8855769423860060
  4.46683592150963048E-003  0.14199999999999999       2.79822858000000011E-003   5.8787687120084353
  4.46683592150963048E-003  0.14599999999999999       2.80847469999999984E-003   5.8751137543998180
  4.46683592150963048E-003  0.14999999999999999       2.81272744000000009E-003   5.8736006471656479
  4.46683592150963048E-003  0.15400000000000000       2.83171381999999978E-003   5.8668731605166746
  4.46683592150963048E-003  0.15800000000000000       2.86454138000000018E-003   5.8553470184179215
  4.46683592150963048E-003  0.16200000000000001       2.86884182000000021E-003   5.8538468776959531
  4.46683592150963048E-003  0.16600000000000001       2.87534846000000012E-003   5.8515814085991105
  4.46683592150963048E-003  0.17000000000000001       2.87926333999999990E-003   5.8502208022749960
  4.46683592150963048E-003  0.17399999999999999       2.89287935999999997E-003   5.8455029545143935
  4.46683592150963048E-003  0.17799999999999999       2.89075750000000005E-003   5.8462367004761679
  4.46683592150963048E-003  0.18200000000000000       2.89690542000000002E-003   5.8441122082943151
  4.46683592150963048E-003  0.18600000000000000       2.91355964000000007E-003   5.8383797013658416
  4.46683592150963048E-003  0.19000000000000000       2.92671576000000030E-003   5.8338743856564399
  4.46683592150963048E-003  0.19400000000000001       2.92411579999999997E-003   5.8347631345956206
  4.46683592150963048E-003  0.19800000000000001       2.92228597999999971E-003   5.8353890991217012
  4.46683592150963048E-003  0.20200000000000001       2.95474226000000005E-003   5.8243438535863117
  4.46683592150963048E-003  0.20599999999999999       2.99258237999999992E-003   5.8116185920890020
  4.46683592150963048E-003  0.20999999999999999       3.02347526000000012E-003   5.8013483608543535
  4.46683592150963048E-003  0.21400000000000000       3.02317411999999995E-003   5.8014479664313674
  4.46683592150963048E-003  0.21800000000000000       3.03631268000000010E-003   5.7971114339746013
  4.46683592150963048E-003  0.22200000000000000       3.03316364000000022E-003   5.7981490985494455
  4.46683592150963048E-003  0.22600000000000001       3.04170912000000003E-003   5.7953357110188195
  4.46683592150963048E-003  0.23000000000000001       3.05028022000000025E-003   5.7925218171732675
  4.46683592150963048E-003  0.23400000000000001       3.05770359999999993E-003   5.7900911022683914
  4.46683592150963048E-003  0.23799999999999999       3.05653248000000008E-003   5.7904741820183387
  4.46683592150963048E-003  0.24199999999999999       3.06841946000000008E-003   5.7865926838317163
  4.46683592150963048E-003  0.24600000000000000       3.09944017999999990E-003   5.7765337708956235
  4.46683592150963048E-003  0.25000000000000000       3.11824452000000014E-003   5.7704850893559749
  4.46683592150963048E-003  0.25400000000000000       3.12593322000000000E-003   5.7680224099749546
  4.46683592150963048E-003  0.25800000000000001       3.14470249999999982E-003   5.7620359878986784
  4.46683592150963048E-003  0.26200000000000001       3.14939340000000003E-003   5.7605454161174254
  4.46683592150963048E-003  0.26600000000000001       3.15907193999999999E-003   5.7574769843920510
  4.46683592150963048E-003  0.27000000000000002       3.17320645999999993E-003   5.7530127007386751
  4.46683592150963048E-003  0.27400000000000002       3.16827528000000009E-003   5.7545679148656230
  4.46683592150963048E-003  0.27800000000000002       3.16450338000000015E-003   5.7557591456502584
  4.46683592150963048E-003  0.28199999999999997       3.17028748000000018E-003   5.7539330075076673
  4.46683592150963048E-003  0.28599999999999998       3.17178930000000005E-003   5.7534594023842454
  4.46683592150963048E-003  0.28999999999999998       3.19660411999999998E-003   5.7456662451611278
  4.46683592150963048E-003  0.29399999999999998       3.21303592000000016E-003   5.7405390193279624
  4.46683592150963048E-003  0.29799999999999999       3.23470358000000008E-003   5.7338179842846584
  4.46683592150963048E-003  0.30199999999999999       3.25727886000000020E-003   5.7268631376856236
  4.46683592150963048E-003  0.30599999999999999       3.28365960000000017E-003   5.7187967468448004
  4.46683592150963048E-003  0.31000000000000000       3.28633877999999968E-003   5.7179811666898148
  4.46683592150963048E-003  0.31400000000000000       3.28451961999999976E-003   5.7185348721376377
  4.46683592150963048E-003  0.31800000000000000       3.30531921999999969E-003   5.7122222233533009
  4.46683592150963048E-003  0.32200000000000001       3.30898535999999983E-003   5.7111136743498196
  4.46683592150963048E-003  0.32600000000000001       3.32561892000000003E-003   5.7060994808430880
  4.46683592150963048E-003  0.33000000000000002       3.34676716000000029E-003   5.6997604259490453
  4.46683592150963048E-003  0.33400000000000002       3.36413712000000007E-003   5.6945837767033316
  4.46683592150963048E-003  0.33800000000000002       3.40656183999999990E-003   5.6820517543853084
  4.46683592150963048E-003  0.34200000000000003       3.42274668000000027E-003   5.6773119274311581
  4.46683592150963048E-003  0.34599999999999997       3.41642056000000024E-003   5.6791618958797150
  4.46683592150963048E-003  0.34999999999999998       3.43061176000000008E-003   5.6750166780226419
  4.46683592150963048E-003  0.35399999999999998       3.44483024000000020E-003   5.6708806529440299
  4.46683592150963048E-003  0.35799999999999998       3.45044182000000046E-003   5.6692529923702173
  4.46683592150963048E-003  0.36199999999999999       3.48044283999999994E-003   5.6605957404181506
  4.46683592150963048E-003  0.36599999999999999       3.49433245999999963E-003   5.6566129201082980
  4.46683592150963048E-003  0.37000000000000000       3.49537413999999975E-003   5.6563148589542829
  4.46683592150963048E-003  0.37400000000000000       3.51539056000000011E-003   5.6506046475164977
  4.46683592150963048E-003  0.37800000000000000       3.52967798000000015E-003   5.6465486359941091
  4.46683592150963048E-003  0.38200000000000001       3.53655326000000027E-003   5.6446026815139740
  4.46683592150963048E-003  0.38600000000000001       3.55260266000000016E-003   5.6400748004513730
  4.46683592150963048E-003  0.39000000000000001       3.54676630000000034E-003   5.6417189920260613
  4.46683592150963048E-003  0.39400000000000002       3.55776034000000003E-003   5.6386240500734797
  4.46683592150963048E-003  0.39800000000000002       3.56090135999999986E-003   5.6377415751543971
  4.46683592150963048E-003  0.40200000000000002       3.56416564000000026E-003   5.6368252945837343
  4.46683592150963048E-003  0.40600000000000003       3.57198769999999980E-003   5.6346330594228613
  4.46683592150963048E-003  0.40999999999999998       3.59762898000000027E-003   5.6274802671699735
  4.46683592150963048E-003  0.41399999999999998       3.59585271999999980E-003   5.6279741198299735
  4.46683592150963048E-003  0.41799999999999998       3.61591719999999981E-003   5.6224097349444637
  4.46683592150963048E-003  0.42199999999999999       3.62760063999999997E-003   5.6191838299656922
  4.46683592150963048E-003  0.42599999999999999       3.62302322000000038E-003   5.6204464580364641
  4.46683592150963048E-003  0.42999999999999999       3.61628893999999977E-003   5.6223069336710676
  4.46683592150963048E-003  0.43400000000000000       3.60623715999999978E-003   5.6250903881994718
  4.46683592150963048E-003  0.43800000000000000       3.61183729999999979E-003   5.6235386887387113
  4.46683592150963048E-003  0.44200000000000000       3.62909912000000017E-003   5.6187708378147541
  4.46683592150963048E-003  0.44600000000000001       3.64544271999999977E-003   5.6142774613635202
  4.46683592150963048E-003  0.45000000000000001       3.64253855999999978E-003   5.6150744338150513
  4.46683592150963048E-003  0.45400000000000001       3.64512214000000008E-003   5.6143654051666028
  4.46683592150963048E-003  0.45800000000000002       3.63286334000000001E-003   5.6177341427456557
  4.46683592150963048E-003  0.46200000000000002       3.64530075999999975E-003   5.6143164038939783
  4.46683592150963048E-003  0.46600000000000003       3.63939301999999980E-003   5.6159383639855260
  4.46683592150963048E-003  0.46999999999999997       3.63416366000000012E-003   5.6173762742489846
  4.46683592150963048E-003  0.47399999999999998       3.62169004000000017E-003   5.6208145002121039
  4.46683592150963048E-003  0.47799999999999998       3.61989706000000015E-003   5.6213096900128701
  4.46683592150963048E-003  0.48199999999999998       3.60986345999999951E-003   5.6240853300673264
  4.46683592150963048E-003  0.48599999999999999       3.61029153999999986E-003   5.6239667508954101
  4.46683592150963048E-003  0.48999999999999999       3.60916915999999954E-003   5.6242776827103151
  4.46683592150963048E-003  0.49399999999999999       3.58509033999999992E-003   5.6309716058059340
  4.46683592150963048E-003  0.49800000000000000       3.57357208000000023E-003   5.6341896008066730
  4.46683592150963048E-003  0.50200000000000000       3.57590237999999994E-003   5.6335377207012023
  4.46683592150963048E-003  0.50600000000000001       3.56050942000000039E-003   5.6378516488497654
  4.46683592150963048E-003  0.51000000000000001       3.55278438000000002E-003   5.6400236505283585
  4.46683592150963048E-003  0.51400000000000001       3.54089364000000030E-003   5.6433761430162743
  4.46683592150963048E-003  0.51800000000000002       3.51364764000000000E-003   5.6511005674378669
  4.46683592150963048E-003  0.52200000000000002       3.46921559999999966E-003   5.6638267624501442
  4.46683592150963048E-003  0.52600000000000002       3.45117642000000030E-003   5.6690401147588423
  4.46683592150963048E-003  0.53000000000000003       3.40343609999999974E-003   5.6829697400431733
  4.46683592150963048E-003  0.53400000000000003       3.35359734000000020E-003   5.6977216764554015
  4.46683592150963048E-003  0.53800000000000003       3.31803713999999968E-003   5.7083818937864770
  4.46683592150963048E-003  0.54200000000000004       3.28293585999999988E-003   5.7190171776623648
  4.46683592150963048E-003  0.54600000000000004       3.23594740000000001E-003   5.7334335345533525
  4.46683592150963048E-003  0.55000000000000004       3.18275831999999996E-003   5.7500070619343484
  4.46683592150963048E-003  0.55400000000000005       3.13416263999999984E-003   5.7653932410534079
  4.46683592150963048E-003  0.55800000000000005       3.09571931999999984E-003   5.7777349862791532
  4.46683592150963048E-003  0.56200000000000006       3.05797240000000008E-003   5.7900031970228643
  4.46683592150963048E-003  0.56599999999999995       3.00384020000000031E-003   5.8078637422342068
  4.46683592150963048E-003  0.56999999999999995       2.93733177999999998E-003   5.8302536675346204
  4.46683592150963048E-003  0.57399999999999995       2.88054118000000007E-003   5.8497770927648807
  4.46683592150963048E-003  0.57799999999999996       2.80825600000000029E-003   5.8751916288829618
  4.46683592150963048E-003  0.58199999999999996       2.74472513999999982E-003   5.8980743401816422
  4.46683592150963048E-003  0.58599999999999997       2.68240933999999969E-003   5.9210398808618603
  4.46683592150963048E-003  0.58999999999999997       2.61654199999999991E-003   5.9459016803030105
  4.46683592150963048E-003  0.59399999999999997       2.54070800000000003E-003   5.9753124966350315
  4.46683592150963048E-003  0.59799999999999998       2.47776336000000031E-003   6.0003989967032938
  4.46683592150963048E-003  0.60199999999999998       2.38653108000000001E-003   6.0379143983473105
  4.46683592150963048E-003  0.60599999999999998       2.29825106000000005E-003   6.0756068540000223
  4.46683592150963048E-003  0.60999999999999999       2.21530160000000002E-003   6.1123667222260973
  4.46683592150963048E-003  0.61399999999999999       2.13194248000000020E-003   6.1507217524045901
  4.46683592150963048E-003  0.61799999999999999       2.03145422000000023E-003   6.1990033778630176
  4.46683592150963048E-003  0.62200000000000000       1.93340296000000015E-003   6.2484736369532508
  4.46683592150963048E-003  0.62600000000000000       1.83494038000000018E-003   6.3007432884666450
  4.46683592150963048E-003  0.63000000000000000       1.74603070000000000E-003   6.3504102386723424
  4.46683592150963048E-003  0.63400000000000001       1.65322736000000003E-003   6.4050259257418904
  4.46683592150963048E-003  0.63800000000000001       1.55074134000000017E-003   6.4690221785212874
  4.46683592150963048E-003  0.64200000000000002       1.45960926000000000E-003   6.5295865092182144
  4.46683592150963048E-003  0.64600000000000002       1.35542742000000003E-003   6.6036384352765394
  4.46683592150963048E-003  0.65000000000000002       1.25496130000000007E-003   6.6806505435272356
  4.46683592150963048E-003  0.65400000000000003       1.16133252000000004E-003   6.7581872090046673
  4.46683592150963048E-003  0.65800000000000003       1.06991817999999993E-003   6.8401731007218141
  4.46683592150963048E-003  0.66200000000000003       9.82791219999999991E-004   6.9251138510160892
  4.46683592150963048E-003  0.66600000000000004       8.88315480000000015E-004   7.0261836077953728
  4.46683592150963048E-003  0.67000000000000004       8.16710699999999919E-004   7.1102256261798074
  4.46683592150963048E-003  0.67400000000000004       7.31562760000000053E-004   7.2203275448754338
  4.46683592150963048E-003  0.67800000000000005       6.50568279999999988E-004   7.3376643001089752
  4.46683592150963048E-003  0.68200000000000005       5.78460079999999939E-004   7.4551410197616992
  4.46683592150963048E-003  0.68600000000000005       5.07594620000000009E-004   7.5858274210769796
  4.46683592150963048E-003  0.68999999999999995       4.41064040000000020E-004   7.7263204776406651
  4.46683592150963048E-003  0.69399999999999995       3.78983679999999993E-004   7.8780174144950017
  4.46683592150963048E-003  0.69799999999999995       3.21821799999999969E-004   8.0415125817601734
  4.46683592150963048E-003  0.70199999999999996       2.74448120000000007E-004   8.2007483130556018
  4.46683592150963048E-003  0.70599999999999996       2.25594619999999984E-004   8.3967708861424573
  4.46683592150963048E-003  0.70999999999999996       1.84976159999999983E-004   8.5952836060546041
  4.46683592150963048E-003  0.71399999999999997       1.53065779999999999E-004   8.7846427943267322
  4.46683592150963048E-003  0.71799999999999997       1.23879719999999994E-004   8.9961994631136832
  4.46683592150963048E-003  0.72199999999999998       9.90920000000000060E-005   9.2194618464257445
  4.46683592150963048E-003  0.72599999999999998       7.45766000000000002E-005   9.5036837728824519
  4.46683592150963048E-003  0.72999999999999998       5.69361600000000027E-005   9.7735799177984273
  4.46683592150963048E-003  0.73399999999999999       4.56941599999999976E-005   9.9935400581642995
  4.46683592150963048E-003  0.73799999999999999       3.29528799999999995E-005   10.320431895676034
  4.46683592150963048E-003  0.74199999999999999       2.18012199999999986E-005   10.733544626432366
  4.46683592150963048E-003  0.74600000000000000       1.49961199999999983E-005   11.107719056988723
  4.46683592150963048E-003  0.75000000000000000       1.17585999999999995E-005   11.350925670199571
  4.46683592150963048E-003  0.75400000000000000       8.84821999999999912E-006   11.635294249117278
  4.46683592150963048E-003  0.75800000000000001       6.54409999999999974E-006   11.936946677606990
  4.46683592150963048E-003  0.76200000000000001       4.86077999999999956E-006   12.234311639102467
  4.46683592150963048E-003  0.76600000000000001       3.81041999999999968E-006   12.477771138680758
  4.46683592150963048E-003  0.77000000000000002       2.62478000000000013E-006   12.850513474956712
  4.46683592150963048E-003  0.77400000000000002       1.44966000000000003E-006   13.444181511785793
  4.46683592150963048E-003  0.77800000000000002       6.20420000000000046E-007   14.292869168897356
  4.46683592150963048E-003  0.78200000000000003       4.98839999999999933E-007   14.510980433893865
  4.46683592150963048E-003  0.78600000000000003       2.65739999999999996E-007   15.140747449783250
  4.46683592150963048E-003  0.79000000000000004       1.10160000000000015E-007   16.021331982526011
  4.46683592150963048E-003  0.79400000000000004       7.99999999999999952E-011   23.248994481254666
  4.46683592150963048E-003  0.79800000000000004        0.0000000000000000                      +Infinity
  4.46683592150963048E-003  0.80200000000000005        0.0000000000000000                      +Infinity
  4.46683592150963048E-003  0.80600000000000005        0.0000000000000000                      +Infinity
  4.46683592150963048E-003  0.81000000000000005        0.0000000000000000                      +Infinity
  4.46683592150963048E-003  0.81399999999999995        0.0000000000000000                      +Infinity
  4.46683592150963048E-003  0.81799999999999995        0.0000000000000000                      +Infinity
  4.46683592150963048E-003  0.82199999999999995        0.0000000000000000                      +Infinity
  4.46683592150963048E-003  0.82599999999999996        0.0000000000000000                      +Infinity
  4.46683592150963048E-003  0.82999999999999996        0.0000000000000000                      +Infinity
  4.46683592150963048E-003  0.83399999999999996        0.0000000000000000                      +Infinity
  4.46683592150963048E-003  0.83799999999999997        0.0000000000000000                      +Infinity
  4.46683592150963048E-003  0.84199999999999997        0.0000000000000000                      +Infinity
  4.46683592150963048E-003  0.84599999999999997        0.0000000000000000                      +Infinity
  4.46683592150963048E-003  0.84999999999999998        0.0000000000000000                      +Infinity
  4.46683592150963048E-003  0.85399999999999998        0.0000000000000000                      +Infinity
  4.46683592150963048E-003  0.85799999999999998        0.0000000000000000                      +Infinity
  4.46683592150963048E-003  0.86199999999999999        0.0000000000000000                      +Infinity
  4.46683592150963048E-003  0.86599999999999999        0.0000000000000000                      +Infinity
  4.46683592150963048E-003  0.87000000000000000        0.0000000000000000                      +Infinity
  4.46683592150963048E-003  0.87400000000000000        0.0000000000000000                      +Infinity
  4.46683592150963048E-003  0.87800000000000000        0.0000000000000000                      +Infinity
  4.46683592150963048E-003  0.88200000000000001        0.0000000000000000                      +Infinity
  4.46683592150963048E-003  0.88600000000000001        0.0000000000000000                      +Infinity
  4.46683592150963048E-003  0.89000000000000001        0.0000000000000000                      +Infinity
  4.46683592150963048E-003  0.89400000000000002        0.0000000000000000                      +Infinity
  4.46683592150963048E-003  0.89800000000000002        0.0000000000000000                      +Infinity
  4.46683592150963048E-003  0.90200000000000002        0.0000000000000000                      +Infinity
  4.46683592150963048E-003  0.90600000000000003        0.0000000000000000                      +Infinity
  4.46683592150963048E-003  0.91000000000000003        0.0000000000000000                      +Infinity
  4.46683592150963048E-003  0.91400000000000003        0.0000000000000000                      +Infinity
  4.46683592150963048E-003  0.91800000000000004        0.0000000000000000                      +Infinity
  4.46683592150963048E-003  0.92200000000000004        0.0000000000000000                      +Infinity
  4.46683592150963048E-003  0.92600000000000005        0.0000000000000000                      +Infinity
  4.46683592150963048E-003  0.93000000000000005        0.0000000000000000                      +Infinity
  4.46683592150963048E-003  0.93400000000000005        0.0000000000000000                      +Infinity
  4.46683592150963048E-003  0.93799999999999994        0.0000000000000000                      +Infinity
  4.46683592150963048E-003  0.94199999999999995        0.0000000000000000                      +Infinity
  4.46683592150963048E-003  0.94599999999999995        0.0000000000000000                      +Infinity
  4.46683592150963048E-003  0.94999999999999996        0.0000000000000000                      +Infinity
  4.46683592150963048E-003  0.95399999999999996        0.0000000000000000                      +Infinity
  4.46683592150963048E-003  0.95799999999999996        0.0000000000000000                      +Infinity
  4.46683592150963048E-003  0.96199999999999997        0.0000000000000000                      +Infinity
  4.46683592150963048E-003  0.96599999999999997        0.0000000000000000                      +Infinity
  4.46683592150963048E-003  0.96999999999999997        0.0000000000000000                      +Infinity
  4.46683592150963048E-003  0.97399999999999998        0.0000000000000000                      +Infinity
  4.46683592150963048E-003  0.97799999999999998        0.0000000000000000                      +Infinity
  4.46683592150963048E-003  0.98199999999999998        0.0000000000000000                      +Infinity
  4.46683592150963048E-003  0.98599999999999999        0.0000000000000000                      +Infinity
  4.46683592150963048E-003  0.98999999999999999        0.0000000000000000                      +Infinity
  4.46683592150963048E-003  0.99399999999999999        0.0000000000000000                      +Infinity
  4.46683592150963048E-003  0.99800000000000000        0.0000000000000000                      +Infinity
