 -0.10000000000000001      -0.99800000000000000        0.0000000000000000                      +Infinity
 -0.10000000000000001      -0.99399999999999999        0.0000000000000000                      +Infinity
 -0.10000000000000001      -0.98999999999999999        0.0000000000000000                      +Infinity
 -0.10000000000000001      -0.98599999999999999        0.0000000000000000                      +Infinity
 -0.10000000000000001      -0.98199999999999998        0.0000000000000000                      +Infinity
 -0.10000000000000001      -0.97799999999999998        0.0000000000000000                      +Infinity
 -0.10000000000000001      -0.97399999999999998        0.0000000000000000                      +Infinity
 -0.10000000000000001      -0.96999999999999997        0.0000000000000000                      +Infinity
 -0.10000000000000001      -0.96599999999999997        0.0000000000000000                      +Infinity
 -0.10000000000000001      -0.96199999999999997        0.0000000000000000                      +Infinity
 -0.10000000000000001      -0.95799999999999996        0.0000000000000000                      +Infinity
 -0.10000000000000001      -0.95399999999999996        0.0000000000000000                      +Infinity
 -0.10000000000000001      -0.94999999999999996        0.0000000000000000                      +Infinity
 -0.10000000000000001      -0.94599999999999995        0.0000000000000000                      +Infinity
 -0.10000000000000001      -0.94199999999999995        0.0000000000000000                      +Infinity
 -0.10000000000000001      -0.93799999999999994        0.0000000000000000                      +Infinity
 -0.10000000000000001      -0.93400000000000005        0.0000000000000000                      +Infinity
 -0.10000000000000001      -0.93000000000000005        0.0000000000000000                      +Infinity
 -0.10000000000000001      -0.92600000000000005        0.0000000000000000                      +Infinity
 -0.10000000000000001      -0.92200000000000004        0.0000000000000000                      +Infinity
 -0.10000000000000001      -0.91800000000000004        0.0000000000000000                      +Infinity
 -0.10000000000000001      -0.91400000000000003        0.0000000000000000                      +Infinity
 -0.10000000000000001      -0.91000000000000003        0.0000000000000000                      +Infinity
 -0.10000000000000001      -0.90600000000000003        0.0000000000000000                      +Infinity
 -0.10000000000000001      -0.90200000000000002        0.0000000000000000                      +Infinity
 -0.10000000000000001      -0.89800000000000002        0.0000000000000000                      +Infinity
 -0.10000000000000001      -0.89400000000000002        0.0000000000000000                      +Infinity
 -0.10000000000000001      -0.89000000000000001        0.0000000000000000                      +Infinity
 -0.10000000000000001      -0.88600000000000001        0.0000000000000000                      +Infinity
 -0.10000000000000001      -0.88200000000000001        0.0000000000000000                      +Infinity
 -0.10000000000000001      -0.87800000000000000        0.0000000000000000                      +Infinity
 -0.10000000000000001      -0.87400000000000000        0.0000000000000000                      +Infinity
 -0.10000000000000001      -0.87000000000000000        0.0000000000000000                      +Infinity
 -0.10000000000000001      -0.86599999999999999        0.0000000000000000                      +Infinity
 -0.10000000000000001      -0.86199999999999999        0.0000000000000000                      +Infinity
 -0.10000000000000001      -0.85799999999999998        0.0000000000000000                      +Infinity
 -0.10000000000000001      -0.85399999999999998        0.0000000000000000                      +Infinity
 -0.10000000000000001      -0.84999999999999998        0.0000000000000000                      +Infinity
 -0.10000000000000001      -0.84599999999999997        0.0000000000000000                      +Infinity
 -0.10000000000000001      -0.84199999999999997        0.0000000000000000                      +Infinity
 -0.10000000000000001      -0.83799999999999997        0.0000000000000000                      +Infinity
 -0.10000000000000001      -0.83399999999999996        0.0000000000000000                      +Infinity
 -0.10000000000000001      -0.82999999999999996        0.0000000000000000                      +Infinity
 -0.10000000000000001      -0.82599999999999996        0.0000000000000000                      +Infinity
 -0.10000000000000001      -0.82199999999999995        0.0000000000000000                      +Infinity
 -0.10000000000000001      -0.81799999999999995        0.0000000000000000                      +Infinity
 -0.10000000000000001      -0.81399999999999995        0.0000000000000000                      +Infinity
 -0.10000000000000001      -0.81000000000000005        0.0000000000000000                      +Infinity
 -0.10000000000000001      -0.80600000000000005        0.0000000000000000                      +Infinity
 -0.10000000000000001      -0.80200000000000005        0.0000000000000000                      +Infinity
 -0.10000000000000001      -0.79800000000000004        0.0000000000000000                      +Infinity
 -0.10000000000000001      -0.79400000000000004        0.0000000000000000                      +Infinity
 -0.10000000000000001      -0.79000000000000004        0.0000000000000000                      +Infinity
 -0.10000000000000001      -0.78600000000000003        0.0000000000000000                      +Infinity
 -0.10000000000000001      -0.78200000000000003        0.0000000000000000                      +Infinity
 -0.10000000000000001      -0.77800000000000002        0.0000000000000000                      +Infinity
 -0.10000000000000001      -0.77400000000000002        0.0000000000000000                      +Infinity
 -0.10000000000000001      -0.77000000000000002        0.0000000000000000                      +Infinity
 -0.10000000000000001      -0.76600000000000001        0.0000000000000000                      +Infinity
 -0.10000000000000001      -0.76200000000000001        0.0000000000000000                      +Infinity
 -0.10000000000000001      -0.75800000000000001        0.0000000000000000                      +Infinity
 -0.10000000000000001      -0.75400000000000000        0.0000000000000000                      +Infinity
 -0.10000000000000001      -0.75000000000000000        0.0000000000000000                      +Infinity
 -0.10000000000000001      -0.74600000000000000        0.0000000000000000                      +Infinity
 -0.10000000000000001      -0.74199999999999999        0.0000000000000000                      +Infinity
 -0.10000000000000001      -0.73799999999999999        0.0000000000000000                      +Infinity
 -0.10000000000000001      -0.73399999999999999        0.0000000000000000                      +Infinity
 -0.10000000000000001      -0.72999999999999998        0.0000000000000000                      +Infinity
 -0.10000000000000001      -0.72599999999999998        0.0000000000000000                      +Infinity
 -0.10000000000000001      -0.72199999999999998        0.0000000000000000                      +Infinity
 -0.10000000000000001      -0.71799999999999997        0.0000000000000000                      +Infinity
 -0.10000000000000001      -0.71399999999999997        0.0000000000000000                      +Infinity
 -0.10000000000000001      -0.70999999999999996        0.0000000000000000                      +Infinity
 -0.10000000000000001      -0.70599999999999996        0.0000000000000000                      +Infinity
 -0.10000000000000001      -0.70199999999999996        0.0000000000000000                      +Infinity
 -0.10000000000000001      -0.69799999999999995        0.0000000000000000                      +Infinity
 -0.10000000000000001      -0.69399999999999995        0.0000000000000000                      +Infinity
 -0.10000000000000001      -0.68999999999999995        0.0000000000000000                      +Infinity
 -0.10000000000000001      -0.68600000000000005        0.0000000000000000                      +Infinity
 -0.10000000000000001      -0.68200000000000005        0.0000000000000000                      +Infinity
 -0.10000000000000001      -0.67800000000000005        0.0000000000000000                      +Infinity
 -0.10000000000000001      -0.67400000000000004        0.0000000000000000                      +Infinity
 -0.10000000000000001      -0.67000000000000004        0.0000000000000000                      +Infinity
 -0.10000000000000001      -0.66600000000000004        0.0000000000000000                      +Infinity
 -0.10000000000000001      -0.66200000000000003        0.0000000000000000                      +Infinity
 -0.10000000000000001      -0.65800000000000003        0.0000000000000000                      +Infinity
 -0.10000000000000001      -0.65400000000000003        0.0000000000000000                      +Infinity
 -0.10000000000000001      -0.65000000000000002        0.0000000000000000                      +Infinity
 -0.10000000000000001      -0.64600000000000002        0.0000000000000000                      +Infinity
 -0.10000000000000001      -0.64200000000000002        0.0000000000000000                      +Infinity
 -0.10000000000000001      -0.63800000000000001        0.0000000000000000                      +Infinity
 -0.10000000000000001      -0.63400000000000001        0.0000000000000000                      +Infinity
 -0.10000000000000001      -0.63000000000000000        0.0000000000000000                      +Infinity
 -0.10000000000000001      -0.62600000000000000        0.0000000000000000                      +Infinity
 -0.10000000000000001      -0.62200000000000000        0.0000000000000000                      +Infinity
 -0.10000000000000001      -0.61799999999999999        0.0000000000000000                      +Infinity
 -0.10000000000000001      -0.61399999999999999        0.0000000000000000                      +Infinity
 -0.10000000000000001      -0.60999999999999999        0.0000000000000000                      +Infinity
 -0.10000000000000001      -0.60599999999999998        0.0000000000000000                      +Infinity
 -0.10000000000000001      -0.60199999999999998        0.0000000000000000                      +Infinity
 -0.10000000000000001      -0.59799999999999998        0.0000000000000000                      +Infinity
 -0.10000000000000001      -0.59399999999999997        0.0000000000000000                      +Infinity
 -0.10000000000000001      -0.58999999999999997        0.0000000000000000                      +Infinity
 -0.10000000000000001      -0.58599999999999997        0.0000000000000000                      +Infinity
 -0.10000000000000001      -0.58199999999999996        0.0000000000000000                      +Infinity
 -0.10000000000000001      -0.57799999999999996        0.0000000000000000                      +Infinity
 -0.10000000000000001      -0.57399999999999995        0.0000000000000000                      +Infinity
 -0.10000000000000001      -0.56999999999999995        0.0000000000000000                      +Infinity
 -0.10000000000000001      -0.56599999999999995        0.0000000000000000                      +Infinity
 -0.10000000000000001      -0.56200000000000006        0.0000000000000000                      +Infinity
 -0.10000000000000001      -0.55800000000000005        0.0000000000000000                      +Infinity
 -0.10000000000000001      -0.55400000000000005        0.0000000000000000                      +Infinity
 -0.10000000000000001      -0.55000000000000004        0.0000000000000000                      +Infinity
 -0.10000000000000001      -0.54600000000000004        0.0000000000000000                      +Infinity
 -0.10000000000000001      -0.54200000000000004        0.0000000000000000                      +Infinity
 -0.10000000000000001      -0.53800000000000003        0.0000000000000000                      +Infinity
 -0.10000000000000001      -0.53400000000000003        0.0000000000000000                      +Infinity
 -0.10000000000000001      -0.53000000000000003        0.0000000000000000                      +Infinity
 -0.10000000000000001      -0.52600000000000002        0.0000000000000000                      +Infinity
 -0.10000000000000001      -0.52200000000000002        0.0000000000000000                      +Infinity
 -0.10000000000000001      -0.51800000000000002        0.0000000000000000                      +Infinity
 -0.10000000000000001      -0.51400000000000001        0.0000000000000000                      +Infinity
 -0.10000000000000001      -0.51000000000000001        0.0000000000000000                      +Infinity
 -0.10000000000000001      -0.50600000000000001        0.0000000000000000                      +Infinity
 -0.10000000000000001      -0.50200000000000000        0.0000000000000000                      +Infinity
 -0.10000000000000001      -0.49800000000000000        0.0000000000000000                      +Infinity
 -0.10000000000000001      -0.49399999999999999        0.0000000000000000                      +Infinity
 -0.10000000000000001      -0.48999999999999999        0.0000000000000000                      +Infinity
 -0.10000000000000001      -0.48599999999999999        0.0000000000000000                      +Infinity
 -0.10000000000000001      -0.48199999999999998        0.0000000000000000                      +Infinity
 -0.10000000000000001      -0.47799999999999998        0.0000000000000000                      +Infinity
 -0.10000000000000001      -0.47399999999999998        0.0000000000000000                      +Infinity
 -0.10000000000000001      -0.46999999999999997        0.0000000000000000                      +Infinity
 -0.10000000000000001      -0.46600000000000003        0.0000000000000000                      +Infinity
 -0.10000000000000001      -0.46200000000000002        0.0000000000000000                      +Infinity
 -0.10000000000000001      -0.45800000000000002        0.0000000000000000                      +Infinity
 -0.10000000000000001      -0.45400000000000001        0.0000000000000000                      +Infinity
 -0.10000000000000001      -0.45000000000000001        0.0000000000000000                      +Infinity
 -0.10000000000000001      -0.44600000000000001        0.0000000000000000                      +Infinity
 -0.10000000000000001      -0.44200000000000000        0.0000000000000000                      +Infinity
 -0.10000000000000001      -0.43800000000000000        0.0000000000000000                      +Infinity
 -0.10000000000000001      -0.43400000000000000        0.0000000000000000                      +Infinity
 -0.10000000000000001      -0.42999999999999999        0.0000000000000000                      +Infinity
 -0.10000000000000001      -0.42599999999999999        0.0000000000000000                      +Infinity
 -0.10000000000000001      -0.42199999999999999        0.0000000000000000                      +Infinity
 -0.10000000000000001      -0.41799999999999998        0.0000000000000000                      +Infinity
 -0.10000000000000001      -0.41399999999999998        0.0000000000000000                      +Infinity
 -0.10000000000000001      -0.40999999999999998        0.0000000000000000                      +Infinity
 -0.10000000000000001      -0.40600000000000003        0.0000000000000000                      +Infinity
 -0.10000000000000001      -0.40200000000000002        0.0000000000000000                      +Infinity
 -0.10000000000000001      -0.39800000000000002        0.0000000000000000                      +Infinity
 -0.10000000000000001      -0.39400000000000002        0.0000000000000000                      +Infinity
 -0.10000000000000001      -0.39000000000000001        0.0000000000000000                      +Infinity
 -0.10000000000000001      -0.38600000000000001        0.0000000000000000                      +Infinity
 -0.10000000000000001      -0.38200000000000001        0.0000000000000000                      +Infinity
 -0.10000000000000001      -0.37800000000000000        0.0000000000000000                      +Infinity
 -0.10000000000000001      -0.37400000000000000        0.0000000000000000                      +Infinity
 -0.10000000000000001      -0.37000000000000000        0.0000000000000000                      +Infinity
 -0.10000000000000001      -0.36599999999999999        0.0000000000000000                      +Infinity
 -0.10000000000000001      -0.36199999999999999        0.0000000000000000                      +Infinity
 -0.10000000000000001      -0.35799999999999998        0.0000000000000000                      +Infinity
 -0.10000000000000001      -0.35399999999999998        0.0000000000000000                      +Infinity
 -0.10000000000000001      -0.34999999999999998        0.0000000000000000                      +Infinity
 -0.10000000000000001      -0.34599999999999997        0.0000000000000000                      +Infinity
 -0.10000000000000001      -0.34200000000000003        0.0000000000000000                      +Infinity
 -0.10000000000000001      -0.33800000000000002        0.0000000000000000                      +Infinity
 -0.10000000000000001      -0.33400000000000002        0.0000000000000000                      +Infinity
 -0.10000000000000001      -0.33000000000000002        0.0000000000000000                      +Infinity
 -0.10000000000000001      -0.32600000000000001        0.0000000000000000                      +Infinity
 -0.10000000000000001      -0.32200000000000001        0.0000000000000000                      +Infinity
 -0.10000000000000001      -0.31800000000000000        0.0000000000000000                      +Infinity
 -0.10000000000000001      -0.31400000000000000        0.0000000000000000                      +Infinity
 -0.10000000000000001      -0.31000000000000000        0.0000000000000000                      +Infinity
 -0.10000000000000001      -0.30599999999999999        0.0000000000000000                      +Infinity
 -0.10000000000000001      -0.30199999999999999        0.0000000000000000                      +Infinity
 -0.10000000000000001      -0.29799999999999999        0.0000000000000000                      +Infinity
 -0.10000000000000001      -0.29399999999999998        0.0000000000000000                      +Infinity
 -0.10000000000000001      -0.28999999999999998        0.0000000000000000                      +Infinity
 -0.10000000000000001      -0.28599999999999998        0.0000000000000000                      +Infinity
 -0.10000000000000001      -0.28199999999999997        0.0000000000000000                      +Infinity
 -0.10000000000000001      -0.27800000000000002        0.0000000000000000                      +Infinity
 -0.10000000000000001      -0.27400000000000002        0.0000000000000000                      +Infinity
 -0.10000000000000001      -0.27000000000000002        0.0000000000000000                      +Infinity
 -0.10000000000000001      -0.26600000000000001        0.0000000000000000                      +Infinity
 -0.10000000000000001      -0.26200000000000001        0.0000000000000000                      +Infinity
 -0.10000000000000001      -0.25800000000000001        0.0000000000000000                      +Infinity
 -0.10000000000000001      -0.25400000000000000        0.0000000000000000                      +Infinity
 -0.10000000000000001      -0.25000000000000000        0.0000000000000000                      +Infinity
 -0.10000000000000001      -0.24600000000000000        0.0000000000000000                      +Infinity
 -0.10000000000000001      -0.24199999999999999        0.0000000000000000                      +Infinity
 -0.10000000000000001      -0.23799999999999999        0.0000000000000000                      +Infinity
 -0.10000000000000001      -0.23400000000000001        0.0000000000000000                      +Infinity
 -0.10000000000000001      -0.23000000000000001        0.0000000000000000                      +Infinity
 -0.10000000000000001      -0.22600000000000001        0.0000000000000000                      +Infinity
 -0.10000000000000001      -0.22200000000000000        0.0000000000000000                      +Infinity
 -0.10000000000000001      -0.21800000000000000        0.0000000000000000                      +Infinity
 -0.10000000000000001      -0.21400000000000000        0.0000000000000000                      +Infinity
 -0.10000000000000001      -0.20999999999999999        0.0000000000000000                      +Infinity
 -0.10000000000000001      -0.20599999999999999        0.0000000000000000                      +Infinity
 -0.10000000000000001      -0.20200000000000001        0.0000000000000000                      +Infinity
 -0.10000000000000001      -0.19800000000000001        0.0000000000000000                      +Infinity
 -0.10000000000000001      -0.19400000000000001        0.0000000000000000                      +Infinity
 -0.10000000000000001      -0.19000000000000000        0.0000000000000000                      +Infinity
 -0.10000000000000001      -0.18600000000000000        0.0000000000000000                      +Infinity
 -0.10000000000000001      -0.18200000000000000        0.0000000000000000                      +Infinity
 -0.10000000000000001      -0.17799999999999999        0.0000000000000000                      +Infinity
 -0.10000000000000001      -0.17399999999999999        0.0000000000000000                      +Infinity
 -0.10000000000000001      -0.17000000000000001        0.0000000000000000                      +Infinity
 -0.10000000000000001      -0.16600000000000001        0.0000000000000000                      +Infinity
 -0.10000000000000001      -0.16200000000000001        0.0000000000000000                      +Infinity
 -0.10000000000000001      -0.15800000000000000        0.0000000000000000                      +Infinity
 -0.10000000000000001      -0.15400000000000000        0.0000000000000000                      +Infinity
 -0.10000000000000001      -0.14999999999999999        0.0000000000000000                      +Infinity
 -0.10000000000000001      -0.14599999999999999        0.0000000000000000                      +Infinity
 -0.10000000000000001      -0.14199999999999999        0.0000000000000000                      +Infinity
 -0.10000000000000001      -0.13800000000000001        0.0000000000000000                      +Infinity
 -0.10000000000000001      -0.13400000000000001        0.0000000000000000                      +Infinity
 -0.10000000000000001      -0.13000000000000000        0.0000000000000000                      +Infinity
 -0.10000000000000001      -0.12600000000000000        0.0000000000000000                      +Infinity
 -0.10000000000000001      -0.12200000000000000        0.0000000000000000                      +Infinity
 -0.10000000000000001      -0.11799999999999999        0.0000000000000000                      +Infinity
 -0.10000000000000001      -0.11400000000000000        0.0000000000000000                      +Infinity
 -0.10000000000000001      -0.11000000000000000        0.0000000000000000                      +Infinity
 -0.10000000000000001      -0.10600000000000000        0.0000000000000000                      +Infinity
 -0.10000000000000001      -0.10199999999999999        0.0000000000000000                      +Infinity
 -0.10000000000000001      -9.80000000000000038E-002   0.0000000000000000                      +Infinity
 -0.10000000000000001      -9.40000000000000002E-002   0.0000000000000000                      +Infinity
 -0.10000000000000001      -8.99999999999999967E-002   0.0000000000000000                      +Infinity
 -0.10000000000000001      -8.59999999999999931E-002   0.0000000000000000                      +Infinity
 -0.10000000000000001      -8.20000000000000034E-002   0.0000000000000000                      +Infinity
 -0.10000000000000001      -7.79999999999999999E-002   0.0000000000000000                      +Infinity
 -0.10000000000000001      -7.39999999999999963E-002   0.0000000000000000                      +Infinity
 -0.10000000000000001      -7.00000000000000067E-002   0.0000000000000000                      +Infinity
 -0.10000000000000001      -6.60000000000000031E-002   0.0000000000000000                      +Infinity
 -0.10000000000000001      -6.19999999999999996E-002   0.0000000000000000                      +Infinity
 -0.10000000000000001      -5.80000000000000029E-002   0.0000000000000000                      +Infinity
 -0.10000000000000001      -5.39999999999999994E-002   0.0000000000000000                      +Infinity
 -0.10000000000000001      -5.00000000000000028E-002   0.0000000000000000                      +Infinity
 -0.10000000000000001      -4.59999999999999992E-002   0.0000000000000000                      +Infinity
 -0.10000000000000001      -4.20000000000000026E-002   0.0000000000000000                      +Infinity
 -0.10000000000000001      -3.79999999999999991E-002   0.0000000000000000                      +Infinity
 -0.10000000000000001      -3.40000000000000024E-002   0.0000000000000000                      +Infinity
 -0.10000000000000001      -2.99999999999999989E-002   0.0000000000000000                      +Infinity
 -0.10000000000000001      -2.59999999999999988E-002   0.0000000000000000                      +Infinity
 -0.10000000000000001      -2.19999999999999987E-002   0.0000000000000000                      +Infinity
 -0.10000000000000001      -1.79999999999999986E-002   0.0000000000000000                      +Infinity
 -0.10000000000000001      -1.40000000000000003E-002   0.0000000000000000                      +Infinity
 -0.10000000000000001      -1.00000000000000002E-002   0.0000000000000000                      +Infinity
 -0.10000000000000001      -6.00000000000000012E-003   0.0000000000000000                      +Infinity
 -0.10000000000000001      -2.00000000000000004E-003   0.0000000000000000                      +Infinity
 -0.10000000000000001       2.00000000000000004E-003   0.0000000000000000                      +Infinity
 -0.10000000000000001       6.00000000000000012E-003   0.0000000000000000                      +Infinity
 -0.10000000000000001       1.00000000000000002E-002   0.0000000000000000                      +Infinity
 -0.10000000000000001       1.40000000000000003E-002   0.0000000000000000                      +Infinity
 -0.10000000000000001       1.79999999999999986E-002   0.0000000000000000                      +Infinity
 -0.10000000000000001       2.19999999999999987E-002   0.0000000000000000                      +Infinity
 -0.10000000000000001       2.59999999999999988E-002   0.0000000000000000                      +Infinity
 -0.10000000000000001       2.99999999999999989E-002   0.0000000000000000                      +Infinity
 -0.10000000000000001       3.40000000000000024E-002   0.0000000000000000                      +Infinity
 -0.10000000000000001       3.79999999999999991E-002   0.0000000000000000                      +Infinity
 -0.10000000000000001       4.20000000000000026E-002   0.0000000000000000                      +Infinity
 -0.10000000000000001       4.59999999999999992E-002   0.0000000000000000                      +Infinity
 -0.10000000000000001       5.00000000000000028E-002   0.0000000000000000                      +Infinity
 -0.10000000000000001       5.39999999999999994E-002   0.0000000000000000                      +Infinity
 -0.10000000000000001       5.80000000000000029E-002   0.0000000000000000                      +Infinity
 -0.10000000000000001       6.19999999999999996E-002   0.0000000000000000                      +Infinity
 -0.10000000000000001       6.60000000000000031E-002   0.0000000000000000                      +Infinity
 -0.10000000000000001       7.00000000000000067E-002   0.0000000000000000                      +Infinity
 -0.10000000000000001       7.39999999999999963E-002   0.0000000000000000                      +Infinity
 -0.10000000000000001       7.79999999999999999E-002   0.0000000000000000                      +Infinity
 -0.10000000000000001       8.20000000000000034E-002   0.0000000000000000                      +Infinity
 -0.10000000000000001       8.59999999999999931E-002   0.0000000000000000                      +Infinity
 -0.10000000000000001       8.99999999999999967E-002   0.0000000000000000                      +Infinity
 -0.10000000000000001       9.40000000000000002E-002   0.0000000000000000                      +Infinity
 -0.10000000000000001       9.80000000000000038E-002   0.0000000000000000                      +Infinity
 -0.10000000000000001       0.10199999999999999        0.0000000000000000                      +Infinity
 -0.10000000000000001       0.10600000000000000        0.0000000000000000                      +Infinity
 -0.10000000000000001       0.11000000000000000        0.0000000000000000                      +Infinity
 -0.10000000000000001       0.11400000000000000        0.0000000000000000                      +Infinity
 -0.10000000000000001       0.11799999999999999        0.0000000000000000                      +Infinity
 -0.10000000000000001       0.12200000000000000        0.0000000000000000                      +Infinity
 -0.10000000000000001       0.12600000000000000        0.0000000000000000                      +Infinity
 -0.10000000000000001       0.13000000000000000        0.0000000000000000                      +Infinity
 -0.10000000000000001       0.13400000000000001        0.0000000000000000                      +Infinity
 -0.10000000000000001       0.13800000000000001        0.0000000000000000                      +Infinity
 -0.10000000000000001       0.14199999999999999        0.0000000000000000                      +Infinity
 -0.10000000000000001       0.14599999999999999        0.0000000000000000                      +Infinity
 -0.10000000000000001       0.14999999999999999        0.0000000000000000                      +Infinity
 -0.10000000000000001       0.15400000000000000        0.0000000000000000                      +Infinity
 -0.10000000000000001       0.15800000000000000        0.0000000000000000                      +Infinity
 -0.10000000000000001       0.16200000000000001        0.0000000000000000                      +Infinity
 -0.10000000000000001       0.16600000000000001        0.0000000000000000                      +Infinity
 -0.10000000000000001       0.17000000000000001        0.0000000000000000                      +Infinity
 -0.10000000000000001       0.17399999999999999        0.0000000000000000                      +Infinity
 -0.10000000000000001       0.17799999999999999        0.0000000000000000                      +Infinity
 -0.10000000000000001       0.18200000000000000        0.0000000000000000                      +Infinity
 -0.10000000000000001       0.18600000000000000        0.0000000000000000                      +Infinity
 -0.10000000000000001       0.19000000000000000        0.0000000000000000                      +Infinity
 -0.10000000000000001       0.19400000000000001        0.0000000000000000                      +Infinity
 -0.10000000000000001       0.19800000000000001        0.0000000000000000                      +Infinity
 -0.10000000000000001       0.20200000000000001        0.0000000000000000                      +Infinity
 -0.10000000000000001       0.20599999999999999        0.0000000000000000                      +Infinity
 -0.10000000000000001       0.20999999999999999        0.0000000000000000                      +Infinity
 -0.10000000000000001       0.21400000000000000        0.0000000000000000                      +Infinity
 -0.10000000000000001       0.21800000000000000        0.0000000000000000                      +Infinity
 -0.10000000000000001       0.22200000000000000        0.0000000000000000                      +Infinity
 -0.10000000000000001       0.22600000000000001        0.0000000000000000                      +Infinity
 -0.10000000000000001       0.23000000000000001        0.0000000000000000                      +Infinity
 -0.10000000000000001       0.23400000000000001        0.0000000000000000                      +Infinity
 -0.10000000000000001       0.23799999999999999        0.0000000000000000                      +Infinity
 -0.10000000000000001       0.24199999999999999        0.0000000000000000                      +Infinity
 -0.10000000000000001       0.24600000000000000        0.0000000000000000                      +Infinity
 -0.10000000000000001       0.25000000000000000        0.0000000000000000                      +Infinity
 -0.10000000000000001       0.25400000000000000        0.0000000000000000                      +Infinity
 -0.10000000000000001       0.25800000000000001        0.0000000000000000                      +Infinity
 -0.10000000000000001       0.26200000000000001        0.0000000000000000                      +Infinity
 -0.10000000000000001       0.26600000000000001        0.0000000000000000                      +Infinity
 -0.10000000000000001       0.27000000000000002        0.0000000000000000                      +Infinity
 -0.10000000000000001       0.27400000000000002        0.0000000000000000                      +Infinity
 -0.10000000000000001       0.27800000000000002        0.0000000000000000                      +Infinity
 -0.10000000000000001       0.28199999999999997        0.0000000000000000                      +Infinity
 -0.10000000000000001       0.28599999999999998        0.0000000000000000                      +Infinity
 -0.10000000000000001       0.28999999999999998        0.0000000000000000                      +Infinity
 -0.10000000000000001       0.29399999999999998        0.0000000000000000                      +Infinity
 -0.10000000000000001       0.29799999999999999        0.0000000000000000                      +Infinity
 -0.10000000000000001       0.30199999999999999        0.0000000000000000                      +Infinity
 -0.10000000000000001       0.30599999999999999        0.0000000000000000                      +Infinity
 -0.10000000000000001       0.31000000000000000        0.0000000000000000                      +Infinity
 -0.10000000000000001       0.31400000000000000        0.0000000000000000                      +Infinity
 -0.10000000000000001       0.31800000000000000        0.0000000000000000                      +Infinity
 -0.10000000000000001       0.32200000000000001        0.0000000000000000                      +Infinity
 -0.10000000000000001       0.32600000000000001        0.0000000000000000                      +Infinity
 -0.10000000000000001       0.33000000000000002        0.0000000000000000                      +Infinity
 -0.10000000000000001       0.33400000000000002        0.0000000000000000                      +Infinity
 -0.10000000000000001       0.33800000000000002        0.0000000000000000                      +Infinity
 -0.10000000000000001       0.34200000000000003        0.0000000000000000                      +Infinity
 -0.10000000000000001       0.34599999999999997        0.0000000000000000                      +Infinity
 -0.10000000000000001       0.34999999999999998        0.0000000000000000                      +Infinity
 -0.10000000000000001       0.35399999999999998        0.0000000000000000                      +Infinity
 -0.10000000000000001       0.35799999999999998        0.0000000000000000                      +Infinity
 -0.10000000000000001       0.36199999999999999        0.0000000000000000                      +Infinity
 -0.10000000000000001       0.36599999999999999        0.0000000000000000                      +Infinity
 -0.10000000000000001       0.37000000000000000        0.0000000000000000                      +Infinity
 -0.10000000000000001       0.37400000000000000        0.0000000000000000                      +Infinity
 -0.10000000000000001       0.37800000000000000        0.0000000000000000                      +Infinity
 -0.10000000000000001       0.38200000000000001       7.67999999999999995E-009   18.684646289786830
 -0.10000000000000001       0.38600000000000001       3.51199999999999995E-008   17.164495068179495
 -0.10000000000000001       0.39000000000000001       9.59999999999999994E-009   18.461502738472621
 -0.10000000000000001       0.39400000000000002       2.87199999999999984E-008   17.365672092766388
 -0.10000000000000001       0.39800000000000002       3.50400000000000014E-008   17.166775570878219
 -0.10000000000000001       0.40200000000000002       9.81600000000000002E-008   16.136667036543756
 -0.10000000000000001       0.40600000000000003       9.38399999999999985E-008   16.181674632601190
 -0.10000000000000001       0.40999999999999998       8.72000000000000000E-008   16.255061506031478
 -0.10000000000000001       0.41399999999999998       9.76000000000000005E-008   16.142388343527365
 -0.10000000000000001       0.41799999999999998       9.99999999999999955E-008   16.118095650958320
 -0.10000000000000001       0.42199999999999999       4.55200000000000000E-008   16.905114047128336
 -0.10000000000000001       0.42599999999999999       6.03200000000000002E-008   16.623602113246712
 -0.10000000000000001       0.42999999999999999       7.95200000000000000E-008   16.347257274598093
 -0.10000000000000001       0.43400000000000000       1.36239999999999981E-007   15.808847800591979
 -0.10000000000000001       0.43800000000000000       2.78159999999999997E-007   15.095069349246804
 -0.10000000000000001       0.44200000000000000       3.07519999999999990E-007   14.994725711164483
 -0.10000000000000001       0.44600000000000001       3.80399999999999992E-007   14.782042506275175
 -0.10000000000000001       0.45000000000000001       3.68000000000000013E-007   14.815182898777481
 -0.10000000000000001       0.45400000000000001       3.69199999999999997E-007   14.811927334317714
 -0.10000000000000001       0.45800000000000002       3.59360000000000010E-007   14.838941165396333
 -0.10000000000000001       0.46200000000000002       4.72320000000000037E-007   14.565609114974357
 -0.10000000000000001       0.46600000000000003       5.44959999999999925E-007   14.422553439472088
 -0.10000000000000001       0.46999999999999997       4.03200000000000011E-007   14.723833120189251
 -0.10000000000000001       0.47399999999999998       4.70079999999999985E-007   14.570362943960898
 -0.10000000000000001       0.47799999999999998       5.40399999999999942E-007   14.430956230860367
 -0.10000000000000001       0.48199999999999998       5.63280000000000052E-007   14.389488996735533
 -0.10000000000000001       0.48599999999999999       6.87119999999999975E-007   14.190756887488442
 -0.10000000000000001       0.48999999999999999       8.02560000000000114E-007   14.035459218381964
 -0.10000000000000001       0.49399999999999999       1.22024000000000003E-006   13.616462997254734
 -0.10000000000000001       0.49800000000000000       1.23847999999999996E-006   13.601625736714201
 -0.10000000000000001       0.50200000000000000       1.38016000000000010E-006   13.493311123486933
 -0.10000000000000001       0.50600000000000001       1.73360000000000001E-006   13.265310386724261
 -0.10000000000000001       0.51000000000000001       1.60176000000000002E-006   13.344407533275238
 -0.10000000000000001       0.51400000000000001       1.51151999999999997E-006   13.402394790925587
 -0.10000000000000001       0.51800000000000002       1.84472000000000002E-006   13.203183053506343
 -0.10000000000000001       0.52200000000000002       1.73776000000000007E-006   13.262913630414685
 -0.10000000000000001       0.52600000000000002       1.62279999999999995E-006   13.331357505614118
 -0.10000000000000001       0.53000000000000003       1.77416000000000005E-006   13.242183486486638
 -0.10000000000000001       0.53400000000000003       1.93400000000000003E-006   13.155920160933171
 -0.10000000000000001       0.53800000000000003       2.20896000000000011E-006   13.022988741431300
 -0.10000000000000001       0.54200000000000004       1.78728000000000011E-006   13.234815646875912
 -0.10000000000000001       0.54600000000000004       1.48711999999999983E-006   13.418669194347522
 -0.10000000000000001       0.55000000000000004       1.41359999999999990E-006   13.469370915940925
 -0.10000000000000001       0.55400000000000005       1.95031999999999990E-006   13.147517096287869
 -0.10000000000000001       0.55800000000000005       2.04935999999999998E-006   13.097983008678950
 -0.10000000000000001       0.56200000000000006       2.07368000000000002E-006   13.086185751285740
 -0.10000000000000001       0.56599999999999995       2.07455999999999975E-006   13.085761474959780
 -0.10000000000000001       0.56999999999999995       2.00327999999999982E-006   13.120724720735820
 -0.10000000000000001       0.57399999999999995       2.17240000000000016E-006   13.039678010785721
 -0.10000000000000001       0.57799999999999996       2.38672000000000008E-006   12.945590519540790
 -0.10000000000000001       0.58199999999999996       2.61752000000000006E-006   12.853283253352210
 -0.10000000000000001       0.58599999999999997       3.28120000000000003E-006   12.627301348817817
 -0.10000000000000001       0.58999999999999997       3.87759999999999994E-006   12.460294152415244
 -0.10000000000000001       0.59399999999999997       3.69712000000000027E-006   12.507956419786215
 -0.10000000000000001       0.59799999999999998       4.86255999999999957E-006   12.233945509764219
 -0.10000000000000001       0.60199999999999998       5.06143999999999977E-006   12.193859530171288
 -0.10000000000000001       0.60599999999999998       5.26471999999999946E-006   12.154482595179029
 -0.10000000000000001       0.60999999999999999       5.80496000000000007E-006   12.056797833449702
 -0.10000000000000001       0.61399999999999999       5.62904000000000006E-006   12.087571645449717
 -0.10000000000000001       0.61799999999999999       5.64911999999999954E-006   12.084010777148949
 -0.10000000000000001       0.62200000000000000       6.30528000000000073E-006   11.974123180334402
 -0.10000000000000001       0.62600000000000000       6.58784000000000010E-006   11.930285032525468
 -0.10000000000000001       0.63000000000000000       7.27248000000000055E-006   11.831413196666777
 -0.10000000000000001       0.63400000000000001       8.43472000000000045E-006   11.683154037538056
 -0.10000000000000001       0.63800000000000001       9.52415999999999997E-006   11.561678829816763
 -0.10000000000000001       0.64200000000000002       1.04868799999999998E-005   11.465385605916104
 -0.10000000000000001       0.64600000000000002       1.13167999999999998E-005   11.389222210664686
 -0.10000000000000001       0.65000000000000002       1.26051200000000004E-005   11.281407477337973
 -0.10000000000000001       0.65400000000000003       1.39222399999999997E-005   11.182022996463932
 -0.10000000000000001       0.65800000000000003       1.62675999999999999E-005   11.026335158370102
 -0.10000000000000001       0.66200000000000003       1.88776799999999991E-005   10.877530286153384
 -0.10000000000000001       0.66600000000000004       2.09798399999999980E-005   10.771948581335975
 -0.10000000000000001       0.67000000000000004       2.33215200000000016E-005   10.666134018503197
 -0.10000000000000001       0.67400000000000004       2.62736800000000008E-005   10.546942880331919
 -0.10000000000000001       0.67800000000000005       3.06696800000000008E-005   10.392236013541062
 -0.10000000000000001       0.68200000000000005       3.60210399999999955E-005   10.231407345784859
 -0.10000000000000001       0.68600000000000005       4.04851999999999965E-005   10.114574082737127
 -0.10000000000000001       0.68999999999999995       4.74703999999999987E-005   9.9554041990619968
 -0.10000000000000001       0.69399999999999995       5.31240799999999937E-005   9.8428802485167051
 -0.10000000000000001       0.69799999999999995       5.94751200000000039E-005   9.7299524841228120
 -0.10000000000000001       0.70199999999999996       6.71272800000000022E-005   9.6089200392316467
 -0.10000000000000001       0.70599999999999996       7.92193599999999997E-005   9.4432898445711242
 -0.10000000000000001       0.70999999999999996       9.12956800000000061E-005   9.3014070880216959
 -0.10000000000000001       0.71399999999999997       1.03303600000000012E-004   9.1778383324943285
 -0.10000000000000001       0.71799999999999997       1.19900640000000005E-004   9.0288471581635665
 -0.10000000000000001       0.72199999999999998       1.39340880000000012E-004   8.8785872528949472
 -0.10000000000000001       0.72599999999999998       1.61746960000000006E-004   8.7294774191957387
 -0.10000000000000001       0.72999999999999998       1.85216000000000010E-004   8.5939878463953097
 -0.10000000000000001       0.73399999999999999       2.17629120000000008E-004   8.4327182284066442
 -0.10000000000000001       0.73799999999999999       2.53327040000000025E-004   8.2808292557658412
 -0.10000000000000001       0.74199999999999999       2.95316639999999994E-004   8.1274624213268591
 -0.10000000000000001       0.74600000000000000       3.46720000000000014E-004   7.9669930201762256
 -0.10000000000000001       0.75000000000000000       4.06876560000000011E-004   7.8070007109074080
 -0.10000000000000001       0.75400000000000000       4.80467119999999947E-004   7.6407517606153617
 -0.10000000000000001       0.75800000000000001       5.70219759999999955E-004   7.4694887275789661
 -0.10000000000000001       0.76200000000000001       6.67832879999999992E-004   7.3114725953684943
 -0.10000000000000001       0.76600000000000001       7.94651680000000053E-004   7.1376066776853806
 -0.10000000000000001       0.77000000000000002       9.44013039999999897E-004   6.9653705783548574
 -0.10000000000000001       0.77400000000000002       1.12186280000000000E-003   6.7927647609985708
 -0.10000000000000001       0.77800000000000002       1.35034551999999985E-003   6.6073947785383025
 -0.10000000000000001       0.78200000000000003       1.62170431999999988E-003   6.4242776333712470
 -0.10000000000000001       0.78600000000000003       1.95458032000000006E-003   6.2375797786664533
 -0.10000000000000001       0.79000000000000004       2.36014784000000005E-003   6.0490310178388791
 -0.10000000000000001       0.79400000000000004       2.84380623999999985E-003   5.8626118987572733
 -0.10000000000000001       0.79800000000000004       3.42544680000000023E-003   5.6765233632213983
 -0.10000000000000001       0.80200000000000005       4.12726704000000028E-003   5.4901398247077227
 -0.10000000000000001       0.80600000000000005       5.02738904000000000E-003   5.2928545071726623
 -0.10000000000000001       0.81000000000000005       6.09256584000000042E-003   5.1006859657937191
 -0.10000000000000001       0.81399999999999995       7.37761215999999977E-003   4.9093052482807042
 -0.10000000000000001       0.81799999999999995       8.93465264000000044E-003   4.7178180074554925
 -0.10000000000000001       0.82199999999999995       1.07774269599999993E-002   4.5303014284478325
 -0.10000000000000001       0.82599999999999996       1.30297645600000005E-002   4.3405189570800049
 -0.10000000000000001       0.82999999999999996       1.56501233600000005E-002   4.1572764795989263
 -0.10000000000000001       0.83399999999999996       1.87060140000000000E-002   3.9789102025470919
 -0.10000000000000001       0.83799999999999997       2.22483239200000002E-002   3.8054886026454948
 -0.10000000000000001       0.84199999999999997       2.62576175200000018E-002   3.6397991408037424
 -0.10000000000000001       0.84599999999999997       3.07677386400000002E-002   3.4812885847115735
 -0.10000000000000001       0.84999999999999998       3.57002629599999996E-002   3.3325972243973405
 -0.10000000000000001       0.85399999999999998       4.09751764000000004E-002   3.1947888492974470
 -0.10000000000000001       0.85799999999999998       4.63961401600000017E-002   3.0705390094169882
 -0.10000000000000001       0.86199999999999999       5.16903827200000041E-002   2.9624835356615336
 -0.10000000000000001       0.86599999999999999       5.65644490399999991E-002   2.8723745999499153
 -0.10000000000000001       0.87000000000000000       6.07106184800000059E-002   2.8016366624431601
 -0.10000000000000001       0.87400000000000000       6.37083508000000076E-002   2.7534396292349363
 -0.10000000000000001       0.87800000000000000       6.50731516000000038E-002   2.7322432326539721
 -0.10000000000000001       0.88200000000000001       6.46701980800000048E-002   2.7384548005934262
 -0.10000000000000001       0.88600000000000001       6.21839663999999986E-002   2.7776580873862828
 -0.10000000000000001       0.89000000000000001       5.75949398399999979E-002   2.8543205651393286
 -0.10000000000000001       0.89400000000000002       5.11938807200000012E-002   2.9721352712669229
 -0.10000000000000001       0.89800000000000002       4.34447675199999966E-002   3.1362648598389025
 -0.10000000000000001       0.90200000000000002       3.51051253600000029E-002   3.3494081375180191
 -0.10000000000000001       0.90600000000000003       2.67729394399999973E-002   3.6203636239664472
 -0.10000000000000001       0.91000000000000003       1.91582936800000006E-002   3.9550195667726085
 -0.10000000000000001       0.91400000000000003       1.27407436799999996E-002   4.3629502569154202
 -0.10000000000000001       0.91800000000000004       7.82921055999999914E-003   4.8498935965400030
 -0.10000000000000001       0.92200000000000004       4.41015816000000019E-003   5.4238447262209002
 -0.10000000000000001       0.92600000000000005       2.25578831999999991E-003   6.0942557795358487
 -0.10000000000000001       0.93000000000000005       1.04460256000000009E-003   6.8641187912662467
 -0.10000000000000001       0.93400000000000005       4.21025199999999961E-004   7.7728178685910949
 -0.10000000000000001       0.93799999999999994       1.47714640000000006E-004   8.8202282535014778
 -0.10000000000000001       0.94199999999999995       4.34800799999999959E-005   10.043207655786555
 -0.10000000000000001       0.94599999999999995       1.16596799999999998E-005   11.359373821672387
 -0.10000000000000001       0.94999999999999996       2.19168000000000000E-006   13.030842184936871
 -0.10000000000000001       0.95399999999999996       3.41120000000000026E-007   14.891031515408987
 -0.10000000000000001       0.95799999999999996       1.31199999999999994E-008   18.149128053430470
 -0.10000000000000001       0.96199999999999997        0.0000000000000000                      +Infinity
 -0.10000000000000001       0.96599999999999997        0.0000000000000000                      +Infinity
 -0.10000000000000001       0.96999999999999997        0.0000000000000000                      +Infinity
 -0.10000000000000001       0.97399999999999998        0.0000000000000000                      +Infinity
 -0.10000000000000001       0.97799999999999998        0.0000000000000000                      +Infinity
 -0.10000000000000001       0.98199999999999998        0.0000000000000000                      +Infinity
 -0.10000000000000001       0.98599999999999999        0.0000000000000000                      +Infinity
 -0.10000000000000001       0.98999999999999999        0.0000000000000000                      +Infinity
 -0.10000000000000001       0.99399999999999999        0.0000000000000000                      +Infinity
 -0.10000000000000001       0.99800000000000000        0.0000000000000000                      +Infinity
