 -1.77827941003892275E-003 -0.99800000000000000        0.0000000000000000                      +Infinity
 -1.77827941003892275E-003 -0.99399999999999999        0.0000000000000000                      +Infinity
 -1.77827941003892275E-003 -0.98999999999999999        0.0000000000000000                      +Infinity
 -1.77827941003892275E-003 -0.98599999999999999        0.0000000000000000                      +Infinity
 -1.77827941003892275E-003 -0.98199999999999998        0.0000000000000000                      +Infinity
 -1.77827941003892275E-003 -0.97799999999999998        0.0000000000000000                      +Infinity
 -1.77827941003892275E-003 -0.97399999999999998        0.0000000000000000                      +Infinity
 -1.77827941003892275E-003 -0.96999999999999997        0.0000000000000000                      +Infinity
 -1.77827941003892275E-003 -0.96599999999999997        0.0000000000000000                      +Infinity
 -1.77827941003892275E-003 -0.96199999999999997        0.0000000000000000                      +Infinity
 -1.77827941003892275E-003 -0.95799999999999996        0.0000000000000000                      +Infinity
 -1.77827941003892275E-003 -0.95399999999999996        0.0000000000000000                      +Infinity
 -1.77827941003892275E-003 -0.94999999999999996        0.0000000000000000                      +Infinity
 -1.77827941003892275E-003 -0.94599999999999995        0.0000000000000000                      +Infinity
 -1.77827941003892275E-003 -0.94199999999999995        0.0000000000000000                      +Infinity
 -1.77827941003892275E-003 -0.93799999999999994        0.0000000000000000                      +Infinity
 -1.77827941003892275E-003 -0.93400000000000005        0.0000000000000000                      +Infinity
 -1.77827941003892275E-003 -0.93000000000000005        0.0000000000000000                      +Infinity
 -1.77827941003892275E-003 -0.92600000000000005        0.0000000000000000                      +Infinity
 -1.77827941003892275E-003 -0.92200000000000004        0.0000000000000000                      +Infinity
 -1.77827941003892275E-003 -0.91800000000000004        0.0000000000000000                      +Infinity
 -1.77827941003892275E-003 -0.91400000000000003        0.0000000000000000                      +Infinity
 -1.77827941003892275E-003 -0.91000000000000003        0.0000000000000000                      +Infinity
 -1.77827941003892275E-003 -0.90600000000000003        0.0000000000000000                      +Infinity
 -1.77827941003892275E-003 -0.90200000000000002        0.0000000000000000                      +Infinity
 -1.77827941003892275E-003 -0.89800000000000002        0.0000000000000000                      +Infinity
 -1.77827941003892275E-003 -0.89400000000000002        0.0000000000000000                      +Infinity
 -1.77827941003892275E-003 -0.89000000000000001        0.0000000000000000                      +Infinity
 -1.77827941003892275E-003 -0.88600000000000001       1.19999999999999999E-009   20.540944280152456
 -1.77827941003892275E-003 -0.88200000000000001       3.46400000000000045E-008   17.178256753252178
 -1.77827941003892275E-003 -0.87800000000000000       1.11279999999999988E-007   16.011216289331223
 -1.77827941003892275E-003 -0.87400000000000000       2.00239999999999998E-007   15.423749189822892
 -1.77827941003892275E-003 -0.87000000000000000       3.34800000000000007E-007   14.909732498331090
 -1.77827941003892275E-003 -0.86599999999999999       5.62640000000000067E-007   14.390625844946648
 -1.77827941003892275E-003 -0.86199999999999999       8.01040000000000084E-007   14.037354953546863
 -1.77827941003892275E-003 -0.85799999999999998       1.79488000000000004E-006   13.230572390626438
 -1.77827941003892275E-003 -0.85399999999999998       3.79624000000000001E-006   12.481499454768388
 -1.77827941003892275E-003 -0.84999999999999998       6.47776000000000064E-006   11.947135786373199
 -1.77827941003892275E-003 -0.84599999999999997       9.96224000000000035E-006   11.516708612055497
 -1.77827941003892275E-003 -0.84199999999999997       1.53827199999999990E-005   11.082265756467518
 -1.77827941003892275E-003 -0.83799999999999997       2.38360800000000024E-005   10.644310158817344
 -1.77827941003892275E-003 -0.83399999999999996       3.39907999999999999E-005   10.289420658199008
 -1.77827941003892275E-003 -0.82999999999999996       4.81713600000000016E-005   9.9407459043804440
 -1.77827941003892275E-003 -0.82599999999999996       6.88674400000000069E-005   9.5833270605810466
 -1.77827941003892275E-003 -0.82199999999999995       9.11441599999999910E-005   9.3030681291061192
 -1.77827941003892275E-003 -0.81799999999999995       1.20843520000000004E-004   9.0210140724427141
 -1.77827941003892275E-003 -0.81399999999999995       1.61800639999999993E-004   8.7291455978470882
 -1.77827941003892275E-003 -0.81000000000000005       2.06873840000000001E-004   8.4834014190994225
 -1.77827941003892275E-003 -0.80600000000000005       2.58227360000000004E-004   8.2616701207968521
 -1.77827941003892275E-003 -0.80200000000000005       3.21266720000000006E-004   8.0432388764166198
 -1.77827941003892275E-003 -0.79800000000000004       3.91094879999999987E-004   7.8465603675694995
 -1.77827941003892275E-003 -0.79400000000000004       4.69682959999999979E-004   7.6634526440650275
 -1.77827941003892275E-003 -0.79000000000000004       5.64269600000000043E-004   7.4799784064942028
 -1.77827941003892275E-003 -0.78600000000000003       6.64161760000000025E-004   7.3169848236991921
 -1.77827941003892275E-003 -0.78200000000000003       7.68836320000000086E-004   7.1706324589683055
 -1.77827941003892275E-003 -0.77800000000000002       8.94084399999999987E-004   7.0197103800879983
 -1.77827941003892275E-003 -0.77400000000000002       1.01992472000000012E-003   6.8880264583311694
 -1.77827941003892275E-003 -0.77000000000000002       1.15361799999999992E-003   6.7648521882266097
 -1.77827941003892275E-003 -0.76600000000000001       1.29835552000000004E-003   6.6466567998984472
 -1.77827941003892275E-003 -0.76200000000000001       1.44534935999999993E-003   6.5394042150134934
 -1.77827941003892275E-003 -0.75800000000000001       1.60734640000000008E-003   6.4331706585174260
 -1.77827941003892275E-003 -0.75400000000000000       1.76790688000000003E-003   6.3379589858370400
 -1.77827941003892275E-003 -0.75000000000000000       1.92778711999999999E-003   6.2513825038277204
 -1.77827941003892275E-003 -0.74600000000000000       2.07692760000000032E-003   6.1768655926639378
 -1.77827941003892275E-003 -0.74199999999999999       2.22893320000000028E-003   6.1062321936232555
 -1.77827941003892275E-003 -0.73799999999999999       2.38757200000000013E-003   6.0374783289960412
 -1.77827941003892275E-003 -0.73399999999999999       2.54510639999999981E-003   5.9735828223879404
 -1.77827941003892275E-003 -0.72999999999999998       2.70335352000000001E-003   5.9132622322265149
 -1.77827941003892275E-003 -0.72599999999999998       2.85924928000000009E-003   5.8571961781172668
 -1.77827941003892275E-003 -0.72199999999999998       2.99599847999999997E-003   5.8104777206704172
 -1.77827941003892275E-003 -0.71799999999999997       3.12971344000000009E-003   5.7668138313369361
 -1.77827941003892275E-003 -0.71399999999999997       3.27451096000000007E-003   5.7215867462358778
 -1.77827941003892275E-003 -0.70999999999999996       3.41516328000000032E-003   5.6795299745108609
 -1.77827941003892275E-003 -0.70599999999999996       3.52624688000000019E-003   5.6475211804410863
 -1.77827941003892275E-003 -0.70199999999999996       3.64003784000000016E-003   5.6157612017831262
 -1.77827941003892275E-003 -0.69799999999999995       3.74270520000000032E-003   5.5879466135142630
 -1.77827941003892275E-003 -0.69399999999999995       3.85027288000000002E-003   5.5596112552720873
 -1.77827941003892275E-003 -0.68999999999999995       3.94481904000000029E-003   5.5353521964588266
 -1.77827941003892275E-003 -0.68600000000000005       4.01264880000000001E-003   5.5183037071014516
 -1.77827941003892275E-003 -0.68200000000000005       4.08664023999999980E-003   5.5000321037210016
 -1.77827941003892275E-003 -0.67800000000000005       4.14957896000000062E-003   5.4847484053081663
 -1.77827941003892275E-003 -0.67400000000000004       4.21643287999999995E-003   5.4687657974920247
 -1.77827941003892275E-003 -0.67000000000000004       4.26947047999999985E-003   5.4562654687990824
 -1.77827941003892275E-003 -0.66600000000000004       4.33276248000000024E-003   5.4415499542511929
 -1.77827941003892275E-003 -0.66200000000000003       4.37509527999999960E-003   5.4318269811239883
 -1.77827941003892275E-003 -0.65800000000000003       4.40520527999999946E-003   5.4249684190907113
 -1.77827941003892275E-003 -0.65400000000000003       4.44905440000000017E-003   5.4150636997661410
 -1.77827941003892275E-003 -0.65000000000000002       4.47784007999999997E-003   5.4086144738148700
 -1.77827941003892275E-003 -0.64600000000000002       4.47949879999999957E-003   5.4082441138137183
 -1.77827941003892275E-003 -0.64200000000000002       4.49257160000000010E-003   5.4053300017596628
 -1.77827941003892275E-003 -0.63800000000000001       4.50972184000000050E-003   5.4015198036445540
 -1.77827941003892275E-003 -0.63400000000000001       4.50877216000000053E-003   5.4017304108708846
 -1.77827941003892275E-003 -0.63000000000000000       4.50180784000000014E-003   5.4032762206604401
 -1.77827941003892275E-003 -0.62600000000000000       4.48755408000000005E-003   5.4064474739868738
 -1.77827941003892275E-003 -0.62200000000000000       4.47828816000000064E-003   5.4085144127196365
 -1.77827941003892275E-003 -0.61799999999999999       4.47064504000000036E-003   5.4102225765169569
 -1.77827941003892275E-003 -0.61399999999999999       4.45924671999999977E-003   5.4127754240758321
 -1.77827941003892275E-003 -0.60999999999999999       4.45060783999999977E-003   5.4147145988735712
 -1.77827941003892275E-003 -0.60599999999999998       4.43724663999999977E-003   5.4177212210218642
 -1.77827941003892275E-003 -0.60199999999999998       4.42172696000000046E-003   5.4212249442696061
 -1.77827941003892275E-003 -0.59799999999999998       4.38410247999999978E-003   5.4297703536972266
 -1.77827941003892275E-003 -0.59399999999999997       4.34850264000000066E-003   5.4379237138287397
 -1.77827941003892275E-003 -0.58999999999999997       4.30824808000000031E-003   5.4472239354592764
 -1.77827941003892275E-003 -0.58599999999999997       4.27750904000000036E-003   5.4543844388161729
 -1.77827941003892275E-003 -0.58199999999999996       4.24428800000000057E-003   5.4621812000238670
 -1.77827941003892275E-003 -0.57799999999999996       4.21587704000000053E-003   5.4688976332537740
 -1.77827941003892275E-003 -0.57399999999999995       4.18161887999999975E-003   5.4770568155575798
 -1.77827941003892275E-003 -0.56999999999999995       4.14281239999999933E-003   5.4863803981092971
 -1.77827941003892275E-003 -0.56599999999999995       4.11690552000000022E-003   5.4926534852067848
 -1.77827941003892275E-003 -0.56200000000000006       4.08642672000000037E-003   5.5000843533847066
 -1.77827941003892275E-003 -0.55800000000000005       4.04180015999999927E-003   5.5110651020938040
 -1.77827941003892275E-003 -0.55400000000000005       4.00883079999999996E-003   5.5192556512510880
 -1.77827941003892275E-003 -0.55000000000000004       3.97063168000000039E-003   5.5288300835900985
 -1.77827941003892275E-003 -0.54600000000000004       3.93083664000000010E-003   5.5389029902616853
 -1.77827941003892275E-003 -0.54200000000000004       3.89828096000000013E-003   5.5472196025055496
 -1.77827941003892275E-003 -0.53800000000000003       3.86228008000000017E-003   5.5564975755960866
 -1.77827941003892275E-003 -0.53400000000000003       3.83128191999999998E-003   5.5645558268299569
 -1.77827941003892275E-003 -0.53000000000000003       3.78622751999999974E-003   5.5763851329134804
 -1.77827941003892275E-003 -0.52600000000000002       3.74236592000000033E-003   5.5880372686315738
 -1.77827941003892275E-003 -0.52200000000000002       3.69307439999999989E-003   5.6012959970920599
 -1.77827941003892275E-003 -0.51800000000000002       3.64618191999999987E-003   5.6140747081942255
 -1.77827941003892275E-003 -0.51400000000000001       3.60807664000000004E-003   5.6245804353222173
 -1.77827941003892275E-003 -0.51000000000000001       3.56673728000000013E-003   5.6361040282475257
 -1.77827941003892275E-003 -0.50600000000000001       3.52543688000000023E-003   5.6477509128088812
 -1.77827941003892275E-003 -0.50200000000000000       3.48158231999999958E-003   5.6602683988805991
 -1.77827941003892275E-003 -0.49800000000000000       3.44240879999999994E-003   5.6715838200871209
 -1.77827941003892275E-003 -0.49399999999999999       3.40777727999999960E-003   5.6816950242632860
 -1.77827941003892275E-003 -0.48999999999999999       3.37195103999999961E-003   5.6922637585208919
 -1.77827941003892275E-003 -0.48599999999999999       3.33963135999999989E-003   5.7018948493423682
 -1.77827941003892275E-003 -0.48199999999999998       3.30932687999999954E-003   5.7110104697901320
 -1.77827941003892275E-003 -0.47799999999999998       3.27649639999999997E-003   5.7209805982187305
 -1.77827941003892275E-003 -0.47399999999999998       3.24243919999999981E-003   5.7314293929132392
 -1.77827941003892275E-003 -0.46999999999999997       3.20583591999999999E-003   5.7427824051437693
 -1.77827941003892275E-003 -0.46600000000000003       3.17089551999999962E-003   5.7537412325654014
 -1.77827941003892275E-003 -0.46200000000000002       3.14316472000000010E-003   5.7625251140131004
 -1.77827941003892275E-003 -0.45800000000000002       3.11219351999999973E-003   5.7724274895094299
 -1.77827941003892275E-003 -0.45400000000000001       3.07942159999999993E-003   5.7830134918396103
 -1.77827941003892275E-003 -0.45000000000000001       3.04615687999999990E-003   5.7938745222241392
 -1.77827941003892275E-003 -0.44600000000000001       3.01496687999999995E-003   5.8041664339379517
 -1.77827941003892275E-003 -0.44200000000000000       2.96858967999999966E-003   5.8196682941658278
 -1.77827941003892275E-003 -0.43800000000000000       2.92692823999999999E-003   5.8338017881427913
 -1.77827941003892275E-003 -0.43400000000000000       2.89492672000000008E-003   5.8447954808854927
 -1.77827941003892275E-003 -0.42999999999999999       2.86068463999999967E-003   5.8566942981829166
 -1.77827941003892275E-003 -0.42599999999999999       2.83206320000000018E-003   5.8667497870154897
 -1.77827941003892275E-003 -0.42199999999999999       2.80129488000000013E-003   5.8776735115584691
 -1.77827941003892275E-003 -0.41799999999999998       2.76504960000000010E-003   5.8906967056515533
 -1.77827941003892275E-003 -0.41399999999999998       2.73747631999999999E-003   5.9007188341052421
 -1.77827941003892275E-003 -0.40999999999999998       2.70802384000000005E-003   5.9115361204258079
 -1.77827941003892275E-003 -0.40600000000000003       2.68313583999999980E-003   5.9207690789283873
 -1.77827941003892275E-003 -0.40200000000000002       2.65390024000000018E-003   5.9317249323241796
 -1.77827941003892275E-003 -0.39800000000000002       2.62112240000000017E-003   5.9441526559983400
 -1.77827941003892275E-003 -0.39400000000000002       2.59743831999999968E-003   5.9532295811823586
 -1.77827941003892275E-003 -0.39000000000000001       2.56275247999999999E-003   5.9666734105907642
 -1.77827941003892275E-003 -0.38600000000000001       2.52228959999999981E-003   5.9825882185314150
 -1.77827941003892275E-003 -0.38200000000000001       2.49066560000000018E-003   5.9952052949893213
 -1.77827941003892275E-003 -0.37800000000000000       2.45639696000000008E-003   6.0090596530932512
 -1.77827941003892275E-003 -0.37400000000000000       2.42965679999999993E-003   6.0200052661721219
 -1.77827941003892275E-003 -0.37000000000000000       2.40083519999999967E-003   6.0319386021661927
 -1.77827941003892275E-003 -0.36599999999999999       2.37671352000000001E-003   6.0420366195333655
 -1.77827941003892275E-003 -0.36199999999999999       2.35107960000000005E-003   6.0528806520645766
 -1.77827941003892275E-003 -0.35799999999999998       2.32599127999999966E-003   6.0636089738178853
 -1.77827941003892275E-003 -0.35399999999999998       2.30753599999999979E-003   6.0715749904088581
 -1.77827941003892275E-003 -0.34999999999999998       2.28356935999999991E-003   6.0820155513752896
 -1.77827941003892275E-003 -0.34599999999999997       2.26153680000000003E-003   6.0917106967931849
 -1.77827941003892275E-003 -0.34200000000000003       2.23506240000000004E-003   6.1034861318432583
 -1.77827941003892275E-003 -0.33800000000000002       2.21576927999999999E-003   6.1121556310409630
 -1.77827941003892275E-003 -0.33400000000000002       2.19761440000000021E-003   6.1203828706018388
 -1.77827941003892275E-003 -0.33000000000000002       2.18051768000000019E-003   6.1281929624822675
 -1.77827941003892275E-003 -0.32600000000000001       2.15989311999999992E-003   6.1376965399917935
 -1.77827941003892275E-003 -0.32200000000000001       2.13847312000000006E-003   6.1476631999344100
 -1.77827941003892275E-003 -0.31800000000000000       2.12179672000000017E-003   6.1554920397975890
 -1.77827941003892275E-003 -0.31400000000000000       2.09738392000000020E-003   6.1670644632282396
 -1.77827941003892275E-003 -0.31000000000000000       2.06508871999999980E-003   6.1825820898116666
 -1.77827941003892275E-003 -0.30599999999999999       2.04350400000000024E-003   6.1930892975358729
 -1.77827941003892275E-003 -0.30199999999999999       2.02977568000000004E-003   6.1998299944973425
 -1.77827941003892275E-003 -0.29799999999999999       2.01064895999999993E-003   6.2092977433494161
 -1.77827941003892275E-003 -0.29399999999999998       1.99475903999999987E-003   6.2172320178899252
 -1.77827941003892275E-003 -0.28999999999999998       1.97446736000000001E-003   6.2274566081414875
 -1.77827941003892275E-003 -0.28599999999999998       1.95757511999999998E-003   6.2360487553567090
 -1.77827941003892275E-003 -0.28199999999999997       1.93277807999999991E-003   6.2487968913476912
 -1.77827941003892275E-003 -0.27800000000000002       1.91523232000000024E-003   6.2579163477808164
 -1.77827941003892275E-003 -0.27400000000000002       1.89248264000000006E-003   6.2698657457462623
 -1.77827941003892275E-003 -0.27000000000000002       1.88021688000000005E-003   6.2763681470918007
 -1.77827941003892275E-003 -0.26600000000000001       1.87339616000000006E-003   6.2800023669404634
 -1.77827941003892275E-003 -0.26200000000000001       1.85438152000000009E-003   6.2902040509159320
 -1.77827941003892275E-003 -0.25800000000000001       1.84411352000000018E-003   6.2957565939204603
 -1.77827941003892275E-003 -0.25400000000000000       1.83444760000000011E-003   6.3010118782182047
 -1.77827941003892275E-003 -0.25000000000000000       1.82423320000000004E-003   6.3065955446250310
 -1.77827941003892275E-003 -0.24600000000000000       1.80457807999999994E-003   6.3174284652137649
 -1.77827941003892275E-003 -0.24199999999999999       1.78457240000000003E-003   6.3285764442683830
 -1.77827941003892275E-003 -0.23799999999999999       1.76205439999999980E-003   6.3412748779379315
 -1.77827941003892275E-003 -0.23400000000000001       1.75128480000000014E-003   6.3474055889901511
 -1.77827941003892275E-003 -0.23000000000000001       1.74083935999999996E-003   6.3533878912641422
 -1.77827941003892275E-003 -0.22600000000000001       1.72414136000000008E-003   6.3630261147424427
 -1.77827941003892275E-003 -0.22200000000000000       1.70859127999999994E-003   6.3720860608533645
 -1.77827941003892275E-003 -0.21800000000000000       1.68855831999999997E-003   6.3838801792029987
 -1.77827941003892275E-003 -0.21400000000000000       1.67573408000000024E-003   6.3915039529951150
 -1.77827941003892275E-003 -0.20999999999999999       1.66819384000000000E-003   6.3960137707663858
 -1.77827941003892275E-003 -0.20599999999999999       1.65976919999999981E-003   6.4010767224246843
 -1.77827941003892275E-003 -0.20200000000000001       1.64280440000000002E-003   6.4113504975314273
 -1.77827941003892275E-003 -0.19800000000000001       1.62887880000000011E-003   6.4198633536034526
 -1.77827941003892275E-003 -0.19400000000000001       1.60939831999999997E-003   6.4318948841200658
 -1.77827941003892275E-003 -0.19000000000000000       1.60525968000000004E-003   6.4344697410949356
 -1.77827941003892275E-003 -0.18600000000000000       1.59475776000000003E-003   6.4410334288875957
 -1.77827941003892275E-003 -0.18200000000000000       1.58043791999999987E-003   6.4500533057892993
 -1.77827941003892275E-003 -0.17799999999999999       1.57782072000000012E-003   6.4517106751801059
 -1.77827941003892275E-003 -0.17399999999999999       1.57330535999999997E-003   6.4545765478718602
 -1.77827941003892275E-003 -0.17000000000000001       1.56341415999999996E-003   6.4608832850359974
 -1.77827941003892275E-003 -0.16600000000000001       1.55195047999999989E-003   6.4682427649466510
 -1.77827941003892275E-003 -0.16200000000000001       1.54265640000000002E-003   6.4742494134835722
 -1.77827941003892275E-003 -0.15800000000000000       1.52993832000000002E-003   6.4825278581159029
 -1.77827941003892275E-003 -0.15400000000000000       1.52307792000000008E-003   6.4870220441979436
 -1.77827941003892275E-003 -0.14999999999999999       1.51969119999999995E-003   6.4892481226580498
 -1.77827941003892275E-003 -0.14599999999999999       1.51702872000000007E-003   6.4910016466921174
 -1.77827941003892275E-003 -0.14199999999999999       1.51091311999999997E-003   6.4950410956900946
 -1.77827941003892275E-003 -0.13800000000000001       1.49867648000000003E-003   6.5031729070375901
 -1.77827941003892275E-003 -0.13400000000000001       1.49490856000000002E-003   6.5056902378896719
 -1.77827941003892275E-003 -0.13000000000000000       1.48435080000000000E-003   6.5127777740320605
 -1.77827941003892275E-003 -0.12600000000000000       1.47805408000000003E-003   6.5170288671390564
 -1.77827941003892275E-003 -0.12200000000000000       1.47946096000000000E-003   6.5160774737651650
 -1.77827941003892275E-003 -0.11799999999999999       1.48176071999999988E-003   6.5145242226337841
 -1.77827941003892275E-003 -0.11400000000000000       1.47147160000000001E-003   6.5214922905109738
 -1.77827941003892275E-003 -0.11000000000000000       1.46598368000000001E-003   6.5252288079125211
 -1.77827941003892275E-003 -0.10600000000000000       1.46635176000000007E-003   6.5249777588702367
 -1.77827941003892275E-003 -0.10199999999999999       1.45708199999999995E-003   6.5313194733252766
 -1.77827941003892275E-003 -9.80000000000000038E-002  1.44928304000000005E-003   6.5366863000053375
 -1.77827941003892275E-003 -9.40000000000000002E-002  1.43729119999999990E-003   6.5449950480168004
 -1.77827941003892275E-003 -8.99999999999999967E-002  1.43467512000000001E-003   6.5468168526148141
 -1.77827941003892275E-003 -8.59999999999999931E-002  1.42532224000000004E-003   6.5533573574924784
 -1.77827941003892275E-003 -8.20000000000000034E-002  1.42560752000000005E-003   6.5531572262897004
 -1.77827941003892275E-003 -7.79999999999999999E-002  1.42459336000000012E-003   6.5538688673883447
 -1.77827941003892275E-003 -7.39999999999999963E-002  1.41192008000000000E-003   6.5628047420795319
 -1.77827941003892275E-003 -7.00000000000000067E-002  1.39604000000000008E-003   6.5741156217573256
 -1.77827941003892275E-003 -6.60000000000000031E-002  1.39235295999999998E-003   6.5767601859932379
 -1.77827941003892275E-003 -6.19999999999999996E-002  1.39256784000000005E-003   6.5766058692166700
 -1.77827941003892275E-003 -5.80000000000000029E-002  1.39738495999999985E-003   6.5731526747491280
 -1.77827941003892275E-003 -5.39999999999999994E-002  1.40122088000000007E-003   6.5704113652389795
 -1.77827941003892275E-003 -5.00000000000000028E-002  1.38965311999999998E-003   6.5787011169401417
 -1.77827941003892275E-003 -4.59999999999999992E-002  1.38841479999999998E-003   6.5795926142812249
 -1.77827941003892275E-003 -4.20000000000000026E-002  1.39209992000000017E-003   6.5769419380368896
 -1.77827941003892275E-003 -3.79999999999999991E-002  1.39123631999999993E-003   6.5775624883069597
 -1.77827941003892275E-003 -3.40000000000000024E-002  1.38226648000000008E-003   6.5840307502273250
 -1.77827941003892275E-003 -2.99999999999999989E-002  1.38472440000000007E-003   6.5822541483134822
 -1.77827941003892275E-003 -2.59999999999999988E-002  1.38659336000000006E-003   6.5809053601591136
 -1.77827941003892275E-003 -2.19999999999999987E-002  1.38660688000000003E-003   6.5808956096911855
 -1.77827941003892275E-003 -1.79999999999999986E-002  1.38421344000000000E-003   6.5826232140241085
 -1.77827941003892275E-003 -1.40000000000000003E-002  1.38401520000000001E-003   6.5827664391880090
 -1.77827941003892275E-003 -1.00000000000000002E-002  1.38624992000000000E-003   6.5811530770093469
 -1.77827941003892275E-003 -6.00000000000000012E-003  1.38048360000000005E-003   6.5853214064183421
 -1.77827941003892275E-003 -2.00000000000000004E-003  1.38048160000000001E-003   6.5853228551870551
 -1.77827941003892275E-003  2.00000000000000004E-003  1.38179288000000013E-003   6.5843734346222327
 -1.77827941003892275E-003  6.00000000000000012E-003  1.37969495999999995E-003   6.5858928477249954
 -1.77827941003892275E-003  1.00000000000000002E-002  1.38140760000000007E-003   6.5846522996595578
 -1.77827941003892275E-003  1.40000000000000003E-002  1.38310175999999986E-003   6.5834266498306260
 -1.77827941003892275E-003  1.79999999999999986E-002  1.38001167999999988E-003   6.5856633160807254
 -1.77827941003892275E-003  2.19999999999999987E-002  1.38130767999999991E-003   6.5847246342940871
 -1.77827941003892275E-003  2.59999999999999988E-002  1.37712383999999996E-003   6.5877581286389741
 -1.77827941003892275E-003  2.99999999999999989E-002  1.38331599999999989E-003   6.5832717636066240
 -1.77827941003892275E-003  3.40000000000000024E-002  1.39428056000000006E-003   6.5753767243405932
 -1.77827941003892275E-003  3.79999999999999991E-002  1.39990632000000005E-003   6.5713499588854987
 -1.77827941003892275E-003  4.20000000000000026E-002  1.40128552000000003E-003   6.5703652351034618
 -1.77827941003892275E-003  4.59999999999999992E-002  1.39836600000000006E-003   6.5724508668597252
 -1.77827941003892275E-003  5.00000000000000028E-002  1.39404656000000006E-003   6.5755445669146377
 -1.77827941003892275E-003  5.39999999999999994E-002  1.40068208000000000E-003   6.5707959610043103
 -1.77827941003892275E-003  5.80000000000000029E-002  1.39573288000000018E-003   6.5743356396559438
 -1.77827941003892275E-003  6.19999999999999996E-002  1.39580416000000007E-003   6.5742845710159834
 -1.77827941003892275E-003  6.60000000000000031E-002  1.39986751999999983E-003   6.5713776754099182
 -1.77827941003892275E-003  7.00000000000000067E-002  1.40176063999999999E-003   6.5700262324774394
 -1.77827941003892275E-003  7.39999999999999963E-002  1.40269936000000017E-003   6.5693567845016743
 -1.77827941003892275E-003  7.79999999999999999E-002  1.40784920000000015E-003   6.5656921292548711
 -1.77827941003892275E-003  8.20000000000000034E-002  1.41377199999999999E-003   6.5614939692049781
 -1.77827941003892275E-003  8.59999999999999931E-002  1.41945720000000012E-003   6.5574807339675951
 -1.77827941003892275E-003  8.99999999999999967E-002  1.42586823999999997E-003   6.5529743595759911
 -1.77827941003892275E-003  9.40000000000000002E-002  1.42009079999999999E-003   6.5570344657513049
 -1.77827941003892275E-003  9.80000000000000038E-002  1.42279872000000002E-003   6.5551294175249017
 -1.77827941003892275E-003  0.10199999999999999       1.42634743999999988E-003   6.5526383401032220
 -1.77827941003892275E-003  0.10600000000000000       1.43436736000000006E-003   6.5470313910912052
 -1.77827941003892275E-003  0.11000000000000000       1.43632919999999993E-003   6.5456645867185284
 -1.77827941003892275E-003  0.11400000000000000       1.44035536000000001E-003   6.5428654180610772
 -1.77827941003892275E-003  0.11799999999999999       1.44238767999999994E-003   6.5414554274316661
 -1.77827941003892275E-003  0.12200000000000000       1.44049232000000005E-003   6.5427703349360273
 -1.77827941003892275E-003  0.12600000000000000       1.44540520000000015E-003   6.5393655815018290
 -1.77827941003892275E-003  0.13000000000000000       1.45873263999999996E-003   6.5301872750341499
 -1.77827941003892275E-003  0.13400000000000001       1.47210439999999982E-003   6.5210623372773906
 -1.77827941003892275E-003  0.13800000000000001       1.48045376000000006E-003   6.5154066436020370
 -1.77827941003892275E-003  0.14199999999999999       1.48464576000000015E-003   6.5125790806385115
 -1.77827941003892275E-003  0.14599999999999999       1.49129807999999996E-003   6.5081083436636771
 -1.77827941003892275E-003  0.14999999999999999       1.50527759999999995E-003   6.4987779459632025
 -1.77827941003892275E-003  0.15400000000000000       1.50108384000000017E-003   6.5015678717947694
 -1.77827941003892275E-003  0.15800000000000000       1.50903240000000013E-003   6.4962866282539649
 -1.77827941003892275E-003  0.16200000000000001       1.51716311999999993E-003   6.4909130563806441
 -1.77827941003892275E-003  0.16600000000000001       1.52064623999999997E-003   6.4886198765832237
 -1.77827941003892275E-003  0.17000000000000001       1.53316280000000008E-003   6.4804224877316141
 -1.77827941003892275E-003  0.17399999999999999       1.54047047999999998E-003   6.4756674027206991
 -1.77827941003892275E-003  0.17799999999999999       1.55520504000000010E-003   6.4661478835226101
 -1.77827941003892275E-003  0.18200000000000000       1.56025799999999991E-003   6.4629040867798349
 -1.77827941003892275E-003  0.18600000000000000       1.57191176000000005E-003   6.4554627188661211
 -1.77827941003892275E-003  0.19000000000000000       1.57844464000000007E-003   6.4513153218514327
 -1.77827941003892275E-003  0.19400000000000001       1.58645360000000003E-003   6.4462541941383380
 -1.77827941003892275E-003  0.19800000000000001       1.59529696000000002E-003   6.4406953782568310
 -1.77827941003892275E-003  0.20200000000000001       1.60536127999999999E-003   6.4344064511573817
 -1.77827941003892275E-003  0.20599999999999999       1.60996535999999996E-003   6.4315426157451778
 -1.77827941003892275E-003  0.20999999999999999       1.61917271999999983E-003   6.4258399268391413
 -1.77827941003892275E-003  0.21400000000000000       1.62996863999999991E-003   6.4191945036123466
 -1.77827941003892275E-003  0.21800000000000000       1.63746608000000008E-003   6.4146053051732324
 -1.77827941003892275E-003  0.22200000000000000       1.64691784000000003E-003   6.4088497136696505
 -1.77827941003892275E-003  0.22600000000000001       1.66053543999999985E-003   6.4006151744062452
 -1.77827941003892275E-003  0.23000000000000001       1.67025551999999992E-003   6.3947786582696713
 -1.77827941003892275E-003  0.23400000000000001       1.68654159999999994E-003   6.3850752372977633
 -1.77827941003892275E-003  0.23799999999999999       1.69670640000000000E-003   6.3790663188944396
 -1.77827941003892275E-003  0.24199999999999999       1.71802032000000003E-003   6.3665826277833846
 -1.77827941003892275E-003  0.24600000000000000       1.72959087999999999E-003   6.3598703839886994
 -1.77827941003892275E-003  0.25000000000000000       1.74579264000000018E-003   6.3505465915041945
 -1.77827941003892275E-003  0.25400000000000000       1.75938544000000022E-003   6.3427907127284247
 -1.77827941003892275E-003  0.25800000000000001       1.77055727999999983E-003   6.3364609344928322
 -1.77827941003892275E-003  0.26200000000000001       1.77758904000000005E-003   6.3324973047144777
 -1.77827941003892275E-003  0.26600000000000001       1.78832631999999983E-003   6.3264751132900932
 -1.77827941003892275E-003  0.27000000000000002       1.80816728000000003E-003   6.3154414991681662
 -1.77827941003892275E-003  0.27400000000000002       1.82708623999999981E-003   6.3050327996351632
 -1.77827941003892275E-003  0.27800000000000002       1.84041023999999991E-003   6.2977667756906150
 -1.77827941003892275E-003  0.28199999999999997       1.85740711999999989E-003   6.2885737853143260
 -1.77827941003892275E-003  0.28599999999999998       1.87560560000000001E-003   6.2788236850420613
 -1.77827941003892275E-003  0.28999999999999998       1.89801256000000007E-003   6.2669479613241998
 -1.77827941003892275E-003  0.29399999999999998       1.92334215999999999E-003   6.2536908978860035
 -1.77827941003892275E-003  0.29799999999999999       1.93756455999999984E-003   6.2463234760015913
 -1.77827941003892275E-003  0.30199999999999999       1.95181584000000009E-003   6.2389951397042314
 -1.77827941003892275E-003  0.30599999999999999       1.97377943999999970E-003   6.2278050767361872
 -1.77827941003892275E-003  0.31000000000000000       1.98762095999999991E-003   6.2208168529103460
 -1.77827941003892275E-003  0.31400000000000000       1.99979584000000007E-003   6.2147101836327092
 -1.77827941003892275E-003  0.31800000000000000       2.02171656000000016E-003   6.2038083462512601
 -1.77827941003892275E-003  0.32200000000000001       2.04340927999999969E-003   6.1931356503667399
 -1.77827941003892275E-003  0.32600000000000001       2.06594991999999988E-003   6.1821651486559297
 -1.77827941003892275E-003  0.33000000000000002       2.08655695999999989E-003   6.1722399590002297
 -1.77827941003892275E-003  0.33400000000000002       2.10754767999999986E-003   6.1622302443821413
 -1.77827941003892275E-003  0.33800000000000002       2.12695504000000009E-003   6.1530638807401452
 -1.77827941003892275E-003  0.34200000000000003       2.14468791999999995E-003   6.1447612290286129
 -1.77827941003892275E-003  0.34599999999999997       2.16250791999999994E-003   6.1364866567372012
 -1.77827941003892275E-003  0.34999999999999998       2.18168000000000008E-003   6.1276600567715356
 -1.77827941003892275E-003  0.35399999999999998       2.20656032000000023E-003   6.1163203922161413
 -1.77827941003892275E-003  0.35799999999999998       2.21689935999999990E-003   6.1116457440558243
 -1.77827941003892275E-003  0.36199999999999999       2.23974199999999986E-003   6.1013945983201783
 -1.77827941003892275E-003  0.36599999999999999       2.26189703999999997E-003   6.0915514195655289
 -1.77827941003892275E-003  0.37000000000000000       2.29325304000000015E-003   6.0777839279458226
 -1.77827941003892275E-003  0.37400000000000000       2.31931448000000009E-003   6.0664836197261707
 -1.77827941003892275E-003  0.37800000000000000       2.34476368000000003E-003   6.0555706582815514
 -1.77827941003892275E-003  0.38200000000000001       2.37022632000000004E-003   6.0447698347234411
 -1.77827941003892275E-003  0.38600000000000001       2.39630672000000012E-003   6.0338265935663520
 -1.77827941003892275E-003  0.39000000000000001       2.41383032000000008E-003   6.0265404487523986
 -1.77827941003892275E-003  0.39400000000000002       2.43283416000000027E-003   6.0186983802659606
 -1.77827941003892275E-003  0.39800000000000002       2.46436175999999998E-003   6.0058224259057802
 -1.77827941003892275E-003  0.40200000000000002       2.49496384000000033E-003   5.9934810428696510
 -1.77827941003892275E-003  0.40600000000000003       2.52078168000000003E-003   5.9831862350817344
 -1.77827941003892275E-003  0.40999999999999998       2.54946015999999972E-003   5.9718736441846101
 -1.77827941003892275E-003  0.41399999999999998       2.58979448000000011E-003   5.9561767577705274
 -1.77827941003892275E-003  0.41799999999999998       2.61676399999999972E-003   5.9458168390955084
 -1.77827941003892275E-003  0.42199999999999999       2.64630024000000021E-003   5.9345927503387816
 -1.77827941003892275E-003  0.42599999999999999       2.69065600000000004E-003   5.9179702489279071
 -1.77827941003892275E-003  0.42999999999999999       2.71816184000000030E-003   5.9077994212436531
 -1.77827941003892275E-003  0.43400000000000000       2.75408151999999989E-003   5.8946712785327895
 -1.77827941003892275E-003  0.43800000000000000       2.79318103999999989E-003   5.8805741749289364
 -1.77827941003892275E-003  0.44200000000000000       2.82048448000000009E-003   5.8708466073698489
 -1.77827941003892275E-003  0.44600000000000001       2.85074576000000001E-003   5.8601746487558088
 -1.77827941003892275E-003  0.45000000000000001       2.89420168000000021E-003   5.8450459641892625
 -1.77827941003892275E-003  0.45400000000000001       2.93142912000000011E-003   5.8322652206003962
 -1.77827941003892275E-003  0.45800000000000002       2.96816152000000007E-003   5.8198125346725691
 -1.77827941003892275E-003  0.46200000000000002       2.99739744000000015E-003   5.8100108868272731
 -1.77827941003892275E-003  0.46600000000000003       3.03227015999999990E-003   5.7984437122690649
 -1.77827941003892275E-003  0.46999999999999997       3.06636424000000015E-003   5.7872627058495709
 -1.77827941003892275E-003  0.47399999999999998       3.09423151999999990E-003   5.7782157009300796
 -1.77827941003892275E-003  0.47799999999999998       3.13365319999999977E-003   5.7655557984782355
 -1.77827941003892275E-003  0.48199999999999998       3.16969784000000008E-003   5.7541190142480430
 -1.77827941003892275E-003  0.48599999999999999       3.21147968000000004E-003   5.7410234885478486
 -1.77827941003892275E-003  0.48999999999999999       3.25837488000000003E-003   5.7265267109649685
 -1.77827941003892275E-003  0.49399999999999999       3.30203879999999960E-003   5.7132151830989670
 -1.77827941003892275E-003  0.49800000000000000       3.34393519999999977E-003   5.7006069619378685
 -1.77827941003892275E-003  0.50200000000000000       3.37368176000000033E-003   5.6917506205872712
 -1.77827941003892275E-003  0.50600000000000001       3.40656215999999993E-003   5.6820516604489582
 -1.77827941003892275E-003  0.51000000000000001       3.46379575999999998E-003   5.6653902507592306
 -1.77827941003892275E-003  0.51400000000000001       3.49961711999999996E-003   5.6551017107564743
 -1.77827941003892275E-003  0.51800000000000002       3.54248192000000033E-003   5.6429276901527592
 -1.77827941003892275E-003  0.52200000000000002       3.58361224000000025E-003   5.6313839816869118
 -1.77827941003892275E-003  0.52600000000000002       3.62121024000000005E-003   5.6209469885750947
 -1.77827941003892275E-003  0.53000000000000003       3.64607064000000000E-003   5.6141052282561938
 -1.77827941003892275E-003  0.53400000000000003       3.67848472000000025E-003   5.6052543724676474
 -1.77827941003892275E-003  0.53800000000000003       3.71447119999999964E-003   5.5955189528013136
 -1.77827941003892275E-003  0.54200000000000004       3.74903264000000028E-003   5.5862574349445762
 -1.77827941003892275E-003  0.54600000000000004       3.77722551999999960E-003   5.5787655282707460
 -1.77827941003892275E-003  0.55000000000000004       3.83099831999999998E-003   5.5646298517915209
 -1.77827941003892275E-003  0.55400000000000005       3.87079215999999986E-003   5.5542961003806397
 -1.77827941003892275E-003  0.55800000000000005       3.90693952000000042E-003   5.5450009429368761
 -1.77827941003892275E-003  0.56200000000000006       3.96418623999999966E-003   5.5304546807724444
 -1.77827941003892275E-003  0.56599999999999995       3.99669999999999973E-003   5.5222862583620342
 -1.77827941003892275E-003  0.56999999999999995       4.02731527999999981E-003   5.5146553086452839
 -1.77827941003892275E-003  0.57399999999999995       4.06079080000000016E-003   5.5063775460102073
 -1.77827941003892275E-003  0.57799999999999996       4.09168487999999990E-003   5.4987984426557404
 -1.77827941003892275E-003  0.58199999999999996       4.10205431999999953E-003   5.4962673770988077
 -1.77827941003892275E-003  0.58599999999999997       4.12625640000000016E-003   5.4903847237529364
 -1.77827941003892275E-003  0.58999999999999997       4.16052511999999951E-003   5.4821139819061679
 -1.77827941003892275E-003  0.59399999999999997       4.18245208000000025E-003   5.4768575824313332
 -1.77827941003892275E-003  0.59799999999999998       4.20882000000000027E-003   5.4705729556106686
 -1.77827941003892275E-003  0.60199999999999998       4.22712384000000028E-003   5.4662334604526199
 -1.77827941003892275E-003  0.60599999999999998       4.25050383999999934E-003   5.4607177524841424
 -1.77827941003892275E-003  0.60999999999999999       4.25900576000000017E-003   5.4587195356118272
 -1.77827941003892275E-003  0.61399999999999999       4.26287591999999996E-003   5.4578112478858545
 -1.77827941003892275E-003  0.61799999999999999       4.28512208000000026E-003   5.4526062372565480
 -1.77827941003892275E-003  0.62200000000000000       4.29869935999999987E-003   5.4494427764558386
 -1.77827941003892275E-003  0.62600000000000000       4.30733439999999961E-003   5.4474360348746194
 -1.77827941003892275E-003  0.63000000000000000       4.30039680000000001E-003   5.4490479814703043
 -1.77827941003892275E-003  0.63400000000000001       4.28233776000000021E-003   5.4532562128969415
 -1.77827941003892275E-003  0.63800000000000001       4.28644815999999935E-003   5.4522968237014009
 -1.77827941003892275E-003  0.64200000000000002       4.28342248000000009E-003   5.4530029440742318
 -1.77827941003892275E-003  0.64600000000000002       4.27400591999999978E-003   5.4552037369668147
 -1.77827941003892275E-003  0.65000000000000002       4.26322904000000016E-003   5.4577284152203269
 -1.77827941003892275E-003  0.65400000000000003       4.23743440000000013E-003   5.4637972872213565
 -1.77827941003892275E-003  0.65800000000000003       4.19337800000000021E-003   5.4742486646063835
 -1.77827941003892275E-003  0.66200000000000003       4.16249936000000036E-003   5.4816395774293403
 -1.77827941003892275E-003  0.66600000000000004       4.12669175999999960E-003   5.4902792196368404
 -1.77827941003892275E-003  0.67000000000000004       4.09183143999999974E-003   5.4987626243120644
 -1.77827941003892275E-003  0.67400000000000004       4.05319543999999986E-003   5.5082497114277524
 -1.77827941003892275E-003  0.67800000000000005       4.00137679999999947E-003   5.5211167770854770
 -1.77827941003892275E-003  0.68200000000000005       3.93076640000000060E-003   5.5389208593908297
 -1.77827941003892275E-003  0.68600000000000005       3.84208751999999976E-003   5.5617394350930418
 -1.77827941003892275E-003  0.68999999999999995       3.76658824000000031E-003   5.5815856633876546
 -1.77827941003892275E-003  0.69399999999999995       3.66788856000000016E-003   5.6081391067288404
 -1.77827941003892275E-003  0.69799999999999995       3.58321136000000007E-003   5.6314958527256849
 -1.77827941003892275E-003  0.70199999999999996       3.48611008000000028E-003   5.6589687546433449
 -1.77827941003892275E-003  0.70599999999999996       3.37669536000000017E-003   5.6908577518936756
 -1.77827941003892275E-003  0.70999999999999996       3.25863152000000020E-003   5.7264479508765538
 -1.77827941003892275E-003  0.71399999999999997       3.15205079999999983E-003   5.7597019903651088
 -1.77827941003892275E-003  0.71799999999999997       3.01999127999999983E-003   5.8025013350167463
 -1.77827941003892275E-003  0.72199999999999998       2.88520095999999972E-003   5.8481607246022458
 -1.77827941003892275E-003  0.72599999999999998       2.75280839999999995E-003   5.8951336520471243
 -1.77827941003892275E-003  0.72999999999999998       2.61404711999999994E-003   5.9468556379288016
 -1.77827941003892275E-003  0.73399999999999999       2.46569600000000029E-003   6.0052811584003969
 -1.77827941003892275E-003  0.73799999999999999       2.31407848000000005E-003   6.0687437354875780
 -1.77827941003892275E-003  0.74199999999999999       2.16990255999999996E-003   6.1330730156637552
 -1.77827941003892275E-003  0.74600000000000000       2.02085960000000005E-003   6.2042323135329731
 -1.77827941003892275E-003  0.75000000000000000       1.86837127999999993E-003   6.2826882008952678
 -1.77827941003892275E-003  0.75400000000000000       1.71723303999999992E-003   6.3670409811746946
 -1.77827941003892275E-003  0.75800000000000001       1.56441808000000004E-003   6.4602413580031888
 -1.77827941003892275E-003  0.76200000000000001       1.41062264000000009E-003   6.5637240834111532
 -1.77827941003892275E-003  0.76600000000000001       1.26235192000000011E-003   6.6747786947830061
 -1.77827941003892275E-003  0.77000000000000002       1.13101064000000005E-003   6.7846436742885148
 -1.77827941003892275E-003  0.77400000000000002       1.00800808000000002E-003   6.8997790934920715
 -1.77827941003892275E-003  0.77800000000000002       8.82308560000000090E-004   7.0329687218678298
 -1.77827941003892275E-003  0.78200000000000003       7.71399839999999982E-004   7.1673037196052576
 -1.77827941003892275E-003  0.78600000000000003       6.58858560000000052E-004   7.3250016747222828
 -1.77827941003892275E-003  0.79000000000000004       5.61316960000000031E-004   7.4852248209016059
 -1.77827941003892275E-003  0.79400000000000004       4.67598720000000001E-004   7.6679000657524856
 -1.77827941003892275E-003  0.79800000000000004       3.87887439999999985E-004   7.8547953635218262
 -1.77827941003892275E-003  0.80200000000000005       3.18424320000000008E-004   8.0521257250014475
 -1.77827941003892275E-003  0.80600000000000005       2.57760320000000021E-004   8.2634803970714525
 -1.77827941003892275E-003  0.81000000000000005       2.10509040000000003E-004   8.4659819603957924
 -1.77827941003892275E-003  0.81399999999999995       1.63889200000000003E-004   8.7163199682232904
 -1.77827941003892275E-003  0.81799999999999995       1.25980479999999990E-004   8.9793835836491578
 -1.77827941003892275E-003  0.82199999999999995       9.39003200000000009E-005   9.2732767638751401
 -1.77827941003892275E-003  0.82599999999999996       6.93190399999999942E-005   9.5767909420298452
 -1.77827941003892275E-003  0.82999999999999996       4.99568000000000025E-005   9.9043519259992578
 -1.77827941003892275E-003  0.83399999999999996       3.49677599999999981E-005   10.261084063844796
 -1.77827941003892275E-003  0.83799999999999997       2.61534399999999987E-005   10.551529827347951
 -1.77827941003892275E-003  0.84199999999999997       1.75916800000000016E-005   10.948084494963659
 -1.77827941003892275E-003  0.84599999999999997       1.12988000000000010E-005   11.390814032575300
 -1.77827941003892275E-003  0.84999999999999998       7.55375999999999932E-006   11.793465105425748
 -1.77827941003892275E-003  0.85399999999999998       4.81008000000000020E-006   12.244796841968283
 -1.77827941003892275E-003  0.85799999999999998       3.04120000000000021E-006   12.703258383592129
 -1.77827941003892275E-003  0.86199999999999999       1.72975999999999989E-006   13.267527887401950
 -1.77827941003892275E-003  0.86599999999999999       7.74320000000000067E-007   14.071280612105578
 -1.77827941003892275E-003  0.87000000000000000       5.27120000000000024E-007   14.455837610340847
 -1.77827941003892275E-003  0.87400000000000000       2.78719999999999997E-007   15.093058143282272
 -1.77827941003892275E-003  0.87800000000000000       1.58000000000000012E-007   15.660670803919444
 -1.77827941003892275E-003  0.88200000000000001       4.84000000000000033E-008   16.843766023223825
 -1.77827941003892275E-003  0.88600000000000001       3.41600000000000028E-008   17.192210468026040
 -1.77827941003892275E-003  0.89000000000000001       5.29599999999999991E-008   16.753728925317660
 -1.77827941003892275E-003  0.89400000000000002       1.60799999999999991E-008   17.945689573195590
 -1.77827941003892275E-003  0.89800000000000002       3.52000000000000025E-009   19.464804847336406
 -1.77827941003892275E-003  0.90200000000000002        0.0000000000000000                      +Infinity
 -1.77827941003892275E-003  0.90600000000000003        0.0000000000000000                      +Infinity
 -1.77827941003892275E-003  0.91000000000000003        0.0000000000000000                      +Infinity
 -1.77827941003892275E-003  0.91400000000000003        0.0000000000000000                      +Infinity
 -1.77827941003892275E-003  0.91800000000000004        0.0000000000000000                      +Infinity
 -1.77827941003892275E-003  0.92200000000000004        0.0000000000000000                      +Infinity
 -1.77827941003892275E-003  0.92600000000000005        0.0000000000000000                      +Infinity
 -1.77827941003892275E-003  0.93000000000000005        0.0000000000000000                      +Infinity
 -1.77827941003892275E-003  0.93400000000000005        0.0000000000000000                      +Infinity
 -1.77827941003892275E-003  0.93799999999999994        0.0000000000000000                      +Infinity
 -1.77827941003892275E-003  0.94199999999999995        0.0000000000000000                      +Infinity
 -1.77827941003892275E-003  0.94599999999999995        0.0000000000000000                      +Infinity
 -1.77827941003892275E-003  0.94999999999999996        0.0000000000000000                      +Infinity
 -1.77827941003892275E-003  0.95399999999999996        0.0000000000000000                      +Infinity
 -1.77827941003892275E-003  0.95799999999999996        0.0000000000000000                      +Infinity
 -1.77827941003892275E-003  0.96199999999999997        0.0000000000000000                      +Infinity
 -1.77827941003892275E-003  0.96599999999999997        0.0000000000000000                      +Infinity
 -1.77827941003892275E-003  0.96999999999999997        0.0000000000000000                      +Infinity
 -1.77827941003892275E-003  0.97399999999999998        0.0000000000000000                      +Infinity
 -1.77827941003892275E-003  0.97799999999999998        0.0000000000000000                      +Infinity
 -1.77827941003892275E-003  0.98199999999999998        0.0000000000000000                      +Infinity
 -1.77827941003892275E-003  0.98599999999999999        0.0000000000000000                      +Infinity
 -1.77827941003892275E-003  0.98999999999999999        0.0000000000000000                      +Infinity
 -1.77827941003892275E-003  0.99399999999999999        0.0000000000000000                      +Infinity
 -1.77827941003892275E-003  0.99800000000000000        0.0000000000000000                      +Infinity
