 -6.30957344480193305E-002 -0.99800000000000000        0.0000000000000000                      +Infinity
 -6.30957344480193305E-002 -0.99399999999999999        0.0000000000000000                      +Infinity
 -6.30957344480193305E-002 -0.98999999999999999        0.0000000000000000                      +Infinity
 -6.30957344480193305E-002 -0.98599999999999999        0.0000000000000000                      +Infinity
 -6.30957344480193305E-002 -0.98199999999999998        0.0000000000000000                      +Infinity
 -6.30957344480193305E-002 -0.97799999999999998        0.0000000000000000                      +Infinity
 -6.30957344480193305E-002 -0.97399999999999998        0.0000000000000000                      +Infinity
 -6.30957344480193305E-002 -0.96999999999999997        0.0000000000000000                      +Infinity
 -6.30957344480193305E-002 -0.96599999999999997        0.0000000000000000                      +Infinity
 -6.30957344480193305E-002 -0.96199999999999997        0.0000000000000000                      +Infinity
 -6.30957344480193305E-002 -0.95799999999999996        0.0000000000000000                      +Infinity
 -6.30957344480193305E-002 -0.95399999999999996        0.0000000000000000                      +Infinity
 -6.30957344480193305E-002 -0.94999999999999996        0.0000000000000000                      +Infinity
 -6.30957344480193305E-002 -0.94599999999999995        0.0000000000000000                      +Infinity
 -6.30957344480193305E-002 -0.94199999999999995        0.0000000000000000                      +Infinity
 -6.30957344480193305E-002 -0.93799999999999994        0.0000000000000000                      +Infinity
 -6.30957344480193305E-002 -0.93400000000000005        0.0000000000000000                      +Infinity
 -6.30957344480193305E-002 -0.93000000000000005        0.0000000000000000                      +Infinity
 -6.30957344480193305E-002 -0.92600000000000005        0.0000000000000000                      +Infinity
 -6.30957344480193305E-002 -0.92200000000000004        0.0000000000000000                      +Infinity
 -6.30957344480193305E-002 -0.91800000000000004        0.0000000000000000                      +Infinity
 -6.30957344480193305E-002 -0.91400000000000003        0.0000000000000000                      +Infinity
 -6.30957344480193305E-002 -0.91000000000000003        0.0000000000000000                      +Infinity
 -6.30957344480193305E-002 -0.90600000000000003        0.0000000000000000                      +Infinity
 -6.30957344480193305E-002 -0.90200000000000002        0.0000000000000000                      +Infinity
 -6.30957344480193305E-002 -0.89800000000000002        0.0000000000000000                      +Infinity
 -6.30957344480193305E-002 -0.89400000000000002        0.0000000000000000                      +Infinity
 -6.30957344480193305E-002 -0.89000000000000001        0.0000000000000000                      +Infinity
 -6.30957344480193305E-002 -0.88600000000000001        0.0000000000000000                      +Infinity
 -6.30957344480193305E-002 -0.88200000000000001        0.0000000000000000                      +Infinity
 -6.30957344480193305E-002 -0.87800000000000000        0.0000000000000000                      +Infinity
 -6.30957344480193305E-002 -0.87400000000000000        0.0000000000000000                      +Infinity
 -6.30957344480193305E-002 -0.87000000000000000        0.0000000000000000                      +Infinity
 -6.30957344480193305E-002 -0.86599999999999999        0.0000000000000000                      +Infinity
 -6.30957344480193305E-002 -0.86199999999999999        0.0000000000000000                      +Infinity
 -6.30957344480193305E-002 -0.85799999999999998        0.0000000000000000                      +Infinity
 -6.30957344480193305E-002 -0.85399999999999998        0.0000000000000000                      +Infinity
 -6.30957344480193305E-002 -0.84999999999999998        0.0000000000000000                      +Infinity
 -6.30957344480193305E-002 -0.84599999999999997        0.0000000000000000                      +Infinity
 -6.30957344480193305E-002 -0.84199999999999997        0.0000000000000000                      +Infinity
 -6.30957344480193305E-002 -0.83799999999999997        0.0000000000000000                      +Infinity
 -6.30957344480193305E-002 -0.83399999999999996        0.0000000000000000                      +Infinity
 -6.30957344480193305E-002 -0.82999999999999996        0.0000000000000000                      +Infinity
 -6.30957344480193305E-002 -0.82599999999999996        0.0000000000000000                      +Infinity
 -6.30957344480193305E-002 -0.82199999999999995        0.0000000000000000                      +Infinity
 -6.30957344480193305E-002 -0.81799999999999995        0.0000000000000000                      +Infinity
 -6.30957344480193305E-002 -0.81399999999999995        0.0000000000000000                      +Infinity
 -6.30957344480193305E-002 -0.81000000000000005        0.0000000000000000                      +Infinity
 -6.30957344480193305E-002 -0.80600000000000005        0.0000000000000000                      +Infinity
 -6.30957344480193305E-002 -0.80200000000000005        0.0000000000000000                      +Infinity
 -6.30957344480193305E-002 -0.79800000000000004        0.0000000000000000                      +Infinity
 -6.30957344480193305E-002 -0.79400000000000004        0.0000000000000000                      +Infinity
 -6.30957344480193305E-002 -0.79000000000000004        0.0000000000000000                      +Infinity
 -6.30957344480193305E-002 -0.78600000000000003        0.0000000000000000                      +Infinity
 -6.30957344480193305E-002 -0.78200000000000003        0.0000000000000000                      +Infinity
 -6.30957344480193305E-002 -0.77800000000000002        0.0000000000000000                      +Infinity
 -6.30957344480193305E-002 -0.77400000000000002        0.0000000000000000                      +Infinity
 -6.30957344480193305E-002 -0.77000000000000002        0.0000000000000000                      +Infinity
 -6.30957344480193305E-002 -0.76600000000000001        0.0000000000000000                      +Infinity
 -6.30957344480193305E-002 -0.76200000000000001        0.0000000000000000                      +Infinity
 -6.30957344480193305E-002 -0.75800000000000001        0.0000000000000000                      +Infinity
 -6.30957344480193305E-002 -0.75400000000000000        0.0000000000000000                      +Infinity
 -6.30957344480193305E-002 -0.75000000000000000        0.0000000000000000                      +Infinity
 -6.30957344480193305E-002 -0.74600000000000000        0.0000000000000000                      +Infinity
 -6.30957344480193305E-002 -0.74199999999999999        0.0000000000000000                      +Infinity
 -6.30957344480193305E-002 -0.73799999999999999        0.0000000000000000                      +Infinity
 -6.30957344480193305E-002 -0.73399999999999999        0.0000000000000000                      +Infinity
 -6.30957344480193305E-002 -0.72999999999999998        0.0000000000000000                      +Infinity
 -6.30957344480193305E-002 -0.72599999999999998        0.0000000000000000                      +Infinity
 -6.30957344480193305E-002 -0.72199999999999998        0.0000000000000000                      +Infinity
 -6.30957344480193305E-002 -0.71799999999999997        0.0000000000000000                      +Infinity
 -6.30957344480193305E-002 -0.71399999999999997        0.0000000000000000                      +Infinity
 -6.30957344480193305E-002 -0.70999999999999996        0.0000000000000000                      +Infinity
 -6.30957344480193305E-002 -0.70599999999999996        0.0000000000000000                      +Infinity
 -6.30957344480193305E-002 -0.70199999999999996        0.0000000000000000                      +Infinity
 -6.30957344480193305E-002 -0.69799999999999995        0.0000000000000000                      +Infinity
 -6.30957344480193305E-002 -0.69399999999999995        0.0000000000000000                      +Infinity
 -6.30957344480193305E-002 -0.68999999999999995        0.0000000000000000                      +Infinity
 -6.30957344480193305E-002 -0.68600000000000005        0.0000000000000000                      +Infinity
 -6.30957344480193305E-002 -0.68200000000000005        0.0000000000000000                      +Infinity
 -6.30957344480193305E-002 -0.67800000000000005        0.0000000000000000                      +Infinity
 -6.30957344480193305E-002 -0.67400000000000004        0.0000000000000000                      +Infinity
 -6.30957344480193305E-002 -0.67000000000000004        0.0000000000000000                      +Infinity
 -6.30957344480193305E-002 -0.66600000000000004        0.0000000000000000                      +Infinity
 -6.30957344480193305E-002 -0.66200000000000003        0.0000000000000000                      +Infinity
 -6.30957344480193305E-002 -0.65800000000000003        0.0000000000000000                      +Infinity
 -6.30957344480193305E-002 -0.65400000000000003        0.0000000000000000                      +Infinity
 -6.30957344480193305E-002 -0.65000000000000002        0.0000000000000000                      +Infinity
 -6.30957344480193305E-002 -0.64600000000000002        0.0000000000000000                      +Infinity
 -6.30957344480193305E-002 -0.64200000000000002        0.0000000000000000                      +Infinity
 -6.30957344480193305E-002 -0.63800000000000001        0.0000000000000000                      +Infinity
 -6.30957344480193305E-002 -0.63400000000000001        0.0000000000000000                      +Infinity
 -6.30957344480193305E-002 -0.63000000000000000        0.0000000000000000                      +Infinity
 -6.30957344480193305E-002 -0.62600000000000000        0.0000000000000000                      +Infinity
 -6.30957344480193305E-002 -0.62200000000000000        0.0000000000000000                      +Infinity
 -6.30957344480193305E-002 -0.61799999999999999        0.0000000000000000                      +Infinity
 -6.30957344480193305E-002 -0.61399999999999999        0.0000000000000000                      +Infinity
 -6.30957344480193305E-002 -0.60999999999999999        0.0000000000000000                      +Infinity
 -6.30957344480193305E-002 -0.60599999999999998        0.0000000000000000                      +Infinity
 -6.30957344480193305E-002 -0.60199999999999998        0.0000000000000000                      +Infinity
 -6.30957344480193305E-002 -0.59799999999999998        0.0000000000000000                      +Infinity
 -6.30957344480193305E-002 -0.59399999999999997        0.0000000000000000                      +Infinity
 -6.30957344480193305E-002 -0.58999999999999997        0.0000000000000000                      +Infinity
 -6.30957344480193305E-002 -0.58599999999999997        0.0000000000000000                      +Infinity
 -6.30957344480193305E-002 -0.58199999999999996        0.0000000000000000                      +Infinity
 -6.30957344480193305E-002 -0.57799999999999996        0.0000000000000000                      +Infinity
 -6.30957344480193305E-002 -0.57399999999999995        0.0000000000000000                      +Infinity
 -6.30957344480193305E-002 -0.56999999999999995        0.0000000000000000                      +Infinity
 -6.30957344480193305E-002 -0.56599999999999995        0.0000000000000000                      +Infinity
 -6.30957344480193305E-002 -0.56200000000000006        0.0000000000000000                      +Infinity
 -6.30957344480193305E-002 -0.55800000000000005        0.0000000000000000                      +Infinity
 -6.30957344480193305E-002 -0.55400000000000005        0.0000000000000000                      +Infinity
 -6.30957344480193305E-002 -0.55000000000000004        0.0000000000000000                      +Infinity
 -6.30957344480193305E-002 -0.54600000000000004        0.0000000000000000                      +Infinity
 -6.30957344480193305E-002 -0.54200000000000004        0.0000000000000000                      +Infinity
 -6.30957344480193305E-002 -0.53800000000000003        0.0000000000000000                      +Infinity
 -6.30957344480193305E-002 -0.53400000000000003        0.0000000000000000                      +Infinity
 -6.30957344480193305E-002 -0.53000000000000003        0.0000000000000000                      +Infinity
 -6.30957344480193305E-002 -0.52600000000000002        0.0000000000000000                      +Infinity
 -6.30957344480193305E-002 -0.52200000000000002        0.0000000000000000                      +Infinity
 -6.30957344480193305E-002 -0.51800000000000002        0.0000000000000000                      +Infinity
 -6.30957344480193305E-002 -0.51400000000000001        0.0000000000000000                      +Infinity
 -6.30957344480193305E-002 -0.51000000000000001        0.0000000000000000                      +Infinity
 -6.30957344480193305E-002 -0.50600000000000001        0.0000000000000000                      +Infinity
 -6.30957344480193305E-002 -0.50200000000000000        0.0000000000000000                      +Infinity
 -6.30957344480193305E-002 -0.49800000000000000        0.0000000000000000                      +Infinity
 -6.30957344480193305E-002 -0.49399999999999999        0.0000000000000000                      +Infinity
 -6.30957344480193305E-002 -0.48999999999999999        0.0000000000000000                      +Infinity
 -6.30957344480193305E-002 -0.48599999999999999        0.0000000000000000                      +Infinity
 -6.30957344480193305E-002 -0.48199999999999998        0.0000000000000000                      +Infinity
 -6.30957344480193305E-002 -0.47799999999999998        0.0000000000000000                      +Infinity
 -6.30957344480193305E-002 -0.47399999999999998        0.0000000000000000                      +Infinity
 -6.30957344480193305E-002 -0.46999999999999997        0.0000000000000000                      +Infinity
 -6.30957344480193305E-002 -0.46600000000000003        0.0000000000000000                      +Infinity
 -6.30957344480193305E-002 -0.46200000000000002        0.0000000000000000                      +Infinity
 -6.30957344480193305E-002 -0.45800000000000002        0.0000000000000000                      +Infinity
 -6.30957344480193305E-002 -0.45400000000000001        0.0000000000000000                      +Infinity
 -6.30957344480193305E-002 -0.45000000000000001        0.0000000000000000                      +Infinity
 -6.30957344480193305E-002 -0.44600000000000001        0.0000000000000000                      +Infinity
 -6.30957344480193305E-002 -0.44200000000000000        0.0000000000000000                      +Infinity
 -6.30957344480193305E-002 -0.43800000000000000        0.0000000000000000                      +Infinity
 -6.30957344480193305E-002 -0.43400000000000000        0.0000000000000000                      +Infinity
 -6.30957344480193305E-002 -0.42999999999999999        0.0000000000000000                      +Infinity
 -6.30957344480193305E-002 -0.42599999999999999        0.0000000000000000                      +Infinity
 -6.30957344480193305E-002 -0.42199999999999999        0.0000000000000000                      +Infinity
 -6.30957344480193305E-002 -0.41799999999999998        0.0000000000000000                      +Infinity
 -6.30957344480193305E-002 -0.41399999999999998        0.0000000000000000                      +Infinity
 -6.30957344480193305E-002 -0.40999999999999998        0.0000000000000000                      +Infinity
 -6.30957344480193305E-002 -0.40600000000000003        0.0000000000000000                      +Infinity
 -6.30957344480193305E-002 -0.40200000000000002        0.0000000000000000                      +Infinity
 -6.30957344480193305E-002 -0.39800000000000002        0.0000000000000000                      +Infinity
 -6.30957344480193305E-002 -0.39400000000000002        0.0000000000000000                      +Infinity
 -6.30957344480193305E-002 -0.39000000000000001        0.0000000000000000                      +Infinity
 -6.30957344480193305E-002 -0.38600000000000001        0.0000000000000000                      +Infinity
 -6.30957344480193305E-002 -0.38200000000000001        0.0000000000000000                      +Infinity
 -6.30957344480193305E-002 -0.37800000000000000        0.0000000000000000                      +Infinity
 -6.30957344480193305E-002 -0.37400000000000000        0.0000000000000000                      +Infinity
 -6.30957344480193305E-002 -0.37000000000000000        0.0000000000000000                      +Infinity
 -6.30957344480193305E-002 -0.36599999999999999        0.0000000000000000                      +Infinity
 -6.30957344480193305E-002 -0.36199999999999999        0.0000000000000000                      +Infinity
 -6.30957344480193305E-002 -0.35799999999999998        0.0000000000000000                      +Infinity
 -6.30957344480193305E-002 -0.35399999999999998        0.0000000000000000                      +Infinity
 -6.30957344480193305E-002 -0.34999999999999998        0.0000000000000000                      +Infinity
 -6.30957344480193305E-002 -0.34599999999999997        0.0000000000000000                      +Infinity
 -6.30957344480193305E-002 -0.34200000000000003        0.0000000000000000                      +Infinity
 -6.30957344480193305E-002 -0.33800000000000002        0.0000000000000000                      +Infinity
 -6.30957344480193305E-002 -0.33400000000000002        0.0000000000000000                      +Infinity
 -6.30957344480193305E-002 -0.33000000000000002        0.0000000000000000                      +Infinity
 -6.30957344480193305E-002 -0.32600000000000001        0.0000000000000000                      +Infinity
 -6.30957344480193305E-002 -0.32200000000000001        0.0000000000000000                      +Infinity
 -6.30957344480193305E-002 -0.31800000000000000        0.0000000000000000                      +Infinity
 -6.30957344480193305E-002 -0.31400000000000000        0.0000000000000000                      +Infinity
 -6.30957344480193305E-002 -0.31000000000000000        0.0000000000000000                      +Infinity
 -6.30957344480193305E-002 -0.30599999999999999        0.0000000000000000                      +Infinity
 -6.30957344480193305E-002 -0.30199999999999999        0.0000000000000000                      +Infinity
 -6.30957344480193305E-002 -0.29799999999999999        0.0000000000000000                      +Infinity
 -6.30957344480193305E-002 -0.29399999999999998        0.0000000000000000                      +Infinity
 -6.30957344480193305E-002 -0.28999999999999998        0.0000000000000000                      +Infinity
 -6.30957344480193305E-002 -0.28599999999999998        0.0000000000000000                      +Infinity
 -6.30957344480193305E-002 -0.28199999999999997        0.0000000000000000                      +Infinity
 -6.30957344480193305E-002 -0.27800000000000002        0.0000000000000000                      +Infinity
 -6.30957344480193305E-002 -0.27400000000000002        0.0000000000000000                      +Infinity
 -6.30957344480193305E-002 -0.27000000000000002        0.0000000000000000                      +Infinity
 -6.30957344480193305E-002 -0.26600000000000001        0.0000000000000000                      +Infinity
 -6.30957344480193305E-002 -0.26200000000000001        0.0000000000000000                      +Infinity
 -6.30957344480193305E-002 -0.25800000000000001        0.0000000000000000                      +Infinity
 -6.30957344480193305E-002 -0.25400000000000000        0.0000000000000000                      +Infinity
 -6.30957344480193305E-002 -0.25000000000000000        0.0000000000000000                      +Infinity
 -6.30957344480193305E-002 -0.24600000000000000        0.0000000000000000                      +Infinity
 -6.30957344480193305E-002 -0.24199999999999999        0.0000000000000000                      +Infinity
 -6.30957344480193305E-002 -0.23799999999999999        0.0000000000000000                      +Infinity
 -6.30957344480193305E-002 -0.23400000000000001        0.0000000000000000                      +Infinity
 -6.30957344480193305E-002 -0.23000000000000001        0.0000000000000000                      +Infinity
 -6.30957344480193305E-002 -0.22600000000000001        0.0000000000000000                      +Infinity
 -6.30957344480193305E-002 -0.22200000000000000        0.0000000000000000                      +Infinity
 -6.30957344480193305E-002 -0.21800000000000000        0.0000000000000000                      +Infinity
 -6.30957344480193305E-002 -0.21400000000000000        0.0000000000000000                      +Infinity
 -6.30957344480193305E-002 -0.20999999999999999        0.0000000000000000                      +Infinity
 -6.30957344480193305E-002 -0.20599999999999999        0.0000000000000000                      +Infinity
 -6.30957344480193305E-002 -0.20200000000000001        0.0000000000000000                      +Infinity
 -6.30957344480193305E-002 -0.19800000000000001        0.0000000000000000                      +Infinity
 -6.30957344480193305E-002 -0.19400000000000001        0.0000000000000000                      +Infinity
 -6.30957344480193305E-002 -0.19000000000000000        0.0000000000000000                      +Infinity
 -6.30957344480193305E-002 -0.18600000000000000        0.0000000000000000                      +Infinity
 -6.30957344480193305E-002 -0.18200000000000000        0.0000000000000000                      +Infinity
 -6.30957344480193305E-002 -0.17799999999999999        0.0000000000000000                      +Infinity
 -6.30957344480193305E-002 -0.17399999999999999        0.0000000000000000                      +Infinity
 -6.30957344480193305E-002 -0.17000000000000001        0.0000000000000000                      +Infinity
 -6.30957344480193305E-002 -0.16600000000000001        0.0000000000000000                      +Infinity
 -6.30957344480193305E-002 -0.16200000000000001        0.0000000000000000                      +Infinity
 -6.30957344480193305E-002 -0.15800000000000000        0.0000000000000000                      +Infinity
 -6.30957344480193305E-002 -0.15400000000000000        0.0000000000000000                      +Infinity
 -6.30957344480193305E-002 -0.14999999999999999        0.0000000000000000                      +Infinity
 -6.30957344480193305E-002 -0.14599999999999999        0.0000000000000000                      +Infinity
 -6.30957344480193305E-002 -0.14199999999999999        0.0000000000000000                      +Infinity
 -6.30957344480193305E-002 -0.13800000000000001        0.0000000000000000                      +Infinity
 -6.30957344480193305E-002 -0.13400000000000001        0.0000000000000000                      +Infinity
 -6.30957344480193305E-002 -0.13000000000000000        0.0000000000000000                      +Infinity
 -6.30957344480193305E-002 -0.12600000000000000        0.0000000000000000                      +Infinity
 -6.30957344480193305E-002 -0.12200000000000000        0.0000000000000000                      +Infinity
 -6.30957344480193305E-002 -0.11799999999999999        0.0000000000000000                      +Infinity
 -6.30957344480193305E-002 -0.11400000000000000        0.0000000000000000                      +Infinity
 -6.30957344480193305E-002 -0.11000000000000000        0.0000000000000000                      +Infinity
 -6.30957344480193305E-002 -0.10600000000000000        0.0000000000000000                      +Infinity
 -6.30957344480193305E-002 -0.10199999999999999        0.0000000000000000                      +Infinity
 -6.30957344480193305E-002 -9.80000000000000038E-002   0.0000000000000000                      +Infinity
 -6.30957344480193305E-002 -9.40000000000000002E-002   0.0000000000000000                      +Infinity
 -6.30957344480193305E-002 -8.99999999999999967E-002   0.0000000000000000                      +Infinity
 -6.30957344480193305E-002 -8.59999999999999931E-002   0.0000000000000000                      +Infinity
 -6.30957344480193305E-002 -8.20000000000000034E-002   0.0000000000000000                      +Infinity
 -6.30957344480193305E-002 -7.79999999999999999E-002   0.0000000000000000                      +Infinity
 -6.30957344480193305E-002 -7.39999999999999963E-002   0.0000000000000000                      +Infinity
 -6.30957344480193305E-002 -7.00000000000000067E-002   0.0000000000000000                      +Infinity
 -6.30957344480193305E-002 -6.60000000000000031E-002   0.0000000000000000                      +Infinity
 -6.30957344480193305E-002 -6.19999999999999996E-002   0.0000000000000000                      +Infinity
 -6.30957344480193305E-002 -5.80000000000000029E-002   0.0000000000000000                      +Infinity
 -6.30957344480193305E-002 -5.39999999999999994E-002   0.0000000000000000                      +Infinity
 -6.30957344480193305E-002 -5.00000000000000028E-002   0.0000000000000000                      +Infinity
 -6.30957344480193305E-002 -4.59999999999999992E-002   0.0000000000000000                      +Infinity
 -6.30957344480193305E-002 -4.20000000000000026E-002   0.0000000000000000                      +Infinity
 -6.30957344480193305E-002 -3.79999999999999991E-002   0.0000000000000000                      +Infinity
 -6.30957344480193305E-002 -3.40000000000000024E-002   0.0000000000000000                      +Infinity
 -6.30957344480193305E-002 -2.99999999999999989E-002   0.0000000000000000                      +Infinity
 -6.30957344480193305E-002 -2.59999999999999988E-002   0.0000000000000000                      +Infinity
 -6.30957344480193305E-002 -2.19999999999999987E-002   0.0000000000000000                      +Infinity
 -6.30957344480193305E-002 -1.79999999999999986E-002   0.0000000000000000                      +Infinity
 -6.30957344480193305E-002 -1.40000000000000003E-002   0.0000000000000000                      +Infinity
 -6.30957344480193305E-002 -1.00000000000000002E-002   0.0000000000000000                      +Infinity
 -6.30957344480193305E-002 -6.00000000000000012E-003   0.0000000000000000                      +Infinity
 -6.30957344480193305E-002 -2.00000000000000004E-003   0.0000000000000000                      +Infinity
 -6.30957344480193305E-002  2.00000000000000004E-003   0.0000000000000000                      +Infinity
 -6.30957344480193305E-002  6.00000000000000012E-003   0.0000000000000000                      +Infinity
 -6.30957344480193305E-002  1.00000000000000002E-002   0.0000000000000000                      +Infinity
 -6.30957344480193305E-002  1.40000000000000003E-002   0.0000000000000000                      +Infinity
 -6.30957344480193305E-002  1.79999999999999986E-002   0.0000000000000000                      +Infinity
 -6.30957344480193305E-002  2.19999999999999987E-002   0.0000000000000000                      +Infinity
 -6.30957344480193305E-002  2.59999999999999988E-002   0.0000000000000000                      +Infinity
 -6.30957344480193305E-002  2.99999999999999989E-002   0.0000000000000000                      +Infinity
 -6.30957344480193305E-002  3.40000000000000024E-002   0.0000000000000000                      +Infinity
 -6.30957344480193305E-002  3.79999999999999991E-002   0.0000000000000000                      +Infinity
 -6.30957344480193305E-002  4.20000000000000026E-002   0.0000000000000000                      +Infinity
 -6.30957344480193305E-002  4.59999999999999992E-002   0.0000000000000000                      +Infinity
 -6.30957344480193305E-002  5.00000000000000028E-002   0.0000000000000000                      +Infinity
 -6.30957344480193305E-002  5.39999999999999994E-002   0.0000000000000000                      +Infinity
 -6.30957344480193305E-002  5.80000000000000029E-002   0.0000000000000000                      +Infinity
 -6.30957344480193305E-002  6.19999999999999996E-002   0.0000000000000000                      +Infinity
 -6.30957344480193305E-002  6.60000000000000031E-002   0.0000000000000000                      +Infinity
 -6.30957344480193305E-002  7.00000000000000067E-002   0.0000000000000000                      +Infinity
 -6.30957344480193305E-002  7.39999999999999963E-002   0.0000000000000000                      +Infinity
 -6.30957344480193305E-002  7.79999999999999999E-002   0.0000000000000000                      +Infinity
 -6.30957344480193305E-002  8.20000000000000034E-002   0.0000000000000000                      +Infinity
 -6.30957344480193305E-002  8.59999999999999931E-002   0.0000000000000000                      +Infinity
 -6.30957344480193305E-002  8.99999999999999967E-002   0.0000000000000000                      +Infinity
 -6.30957344480193305E-002  9.40000000000000002E-002   0.0000000000000000                      +Infinity
 -6.30957344480193305E-002  9.80000000000000038E-002   0.0000000000000000                      +Infinity
 -6.30957344480193305E-002  0.10199999999999999        0.0000000000000000                      +Infinity
 -6.30957344480193305E-002  0.10600000000000000        0.0000000000000000                      +Infinity
 -6.30957344480193305E-002  0.11000000000000000        0.0000000000000000                      +Infinity
 -6.30957344480193305E-002  0.11400000000000000        0.0000000000000000                      +Infinity
 -6.30957344480193305E-002  0.11799999999999999        0.0000000000000000                      +Infinity
 -6.30957344480193305E-002  0.12200000000000000        0.0000000000000000                      +Infinity
 -6.30957344480193305E-002  0.12600000000000000        0.0000000000000000                      +Infinity
 -6.30957344480193305E-002  0.13000000000000000        0.0000000000000000                      +Infinity
 -6.30957344480193305E-002  0.13400000000000001        0.0000000000000000                      +Infinity
 -6.30957344480193305E-002  0.13800000000000001        0.0000000000000000                      +Infinity
 -6.30957344480193305E-002  0.14199999999999999        0.0000000000000000                      +Infinity
 -6.30957344480193305E-002  0.14599999999999999        0.0000000000000000                      +Infinity
 -6.30957344480193305E-002  0.14999999999999999        0.0000000000000000                      +Infinity
 -6.30957344480193305E-002  0.15400000000000000        0.0000000000000000                      +Infinity
 -6.30957344480193305E-002  0.15800000000000000        0.0000000000000000                      +Infinity
 -6.30957344480193305E-002  0.16200000000000001        0.0000000000000000                      +Infinity
 -6.30957344480193305E-002  0.16600000000000001        0.0000000000000000                      +Infinity
 -6.30957344480193305E-002  0.17000000000000001        0.0000000000000000                      +Infinity
 -6.30957344480193305E-002  0.17399999999999999        0.0000000000000000                      +Infinity
 -6.30957344480193305E-002  0.17799999999999999        0.0000000000000000                      +Infinity
 -6.30957344480193305E-002  0.18200000000000000        0.0000000000000000                      +Infinity
 -6.30957344480193305E-002  0.18600000000000000        0.0000000000000000                      +Infinity
 -6.30957344480193305E-002  0.19000000000000000        0.0000000000000000                      +Infinity
 -6.30957344480193305E-002  0.19400000000000001        0.0000000000000000                      +Infinity
 -6.30957344480193305E-002  0.19800000000000001        0.0000000000000000                      +Infinity
 -6.30957344480193305E-002  0.20200000000000001        0.0000000000000000                      +Infinity
 -6.30957344480193305E-002  0.20599999999999999        0.0000000000000000                      +Infinity
 -6.30957344480193305E-002  0.20999999999999999        0.0000000000000000                      +Infinity
 -6.30957344480193305E-002  0.21400000000000000        0.0000000000000000                      +Infinity
 -6.30957344480193305E-002  0.21800000000000000        0.0000000000000000                      +Infinity
 -6.30957344480193305E-002  0.22200000000000000        0.0000000000000000                      +Infinity
 -6.30957344480193305E-002  0.22600000000000001        0.0000000000000000                      +Infinity
 -6.30957344480193305E-002  0.23000000000000001        0.0000000000000000                      +Infinity
 -6.30957344480193305E-002  0.23400000000000001        0.0000000000000000                      +Infinity
 -6.30957344480193305E-002  0.23799999999999999        0.0000000000000000                      +Infinity
 -6.30957344480193305E-002  0.24199999999999999        0.0000000000000000                      +Infinity
 -6.30957344480193305E-002  0.24600000000000000        0.0000000000000000                      +Infinity
 -6.30957344480193305E-002  0.25000000000000000        0.0000000000000000                      +Infinity
 -6.30957344480193305E-002  0.25400000000000000        0.0000000000000000                      +Infinity
 -6.30957344480193305E-002  0.25800000000000001        0.0000000000000000                      +Infinity
 -6.30957344480193305E-002  0.26200000000000001        0.0000000000000000                      +Infinity
 -6.30957344480193305E-002  0.26600000000000001        0.0000000000000000                      +Infinity
 -6.30957344480193305E-002  0.27000000000000002        0.0000000000000000                      +Infinity
 -6.30957344480193305E-002  0.27400000000000002        0.0000000000000000                      +Infinity
 -6.30957344480193305E-002  0.27800000000000002        0.0000000000000000                      +Infinity
 -6.30957344480193305E-002  0.28199999999999997        0.0000000000000000                      +Infinity
 -6.30957344480193305E-002  0.28599999999999998        0.0000000000000000                      +Infinity
 -6.30957344480193305E-002  0.28999999999999998        0.0000000000000000                      +Infinity
 -6.30957344480193305E-002  0.29399999999999998        0.0000000000000000                      +Infinity
 -6.30957344480193305E-002  0.29799999999999999        0.0000000000000000                      +Infinity
 -6.30957344480193305E-002  0.30199999999999999        0.0000000000000000                      +Infinity
 -6.30957344480193305E-002  0.30599999999999999        0.0000000000000000                      +Infinity
 -6.30957344480193305E-002  0.31000000000000000        0.0000000000000000                      +Infinity
 -6.30957344480193305E-002  0.31400000000000000        0.0000000000000000                      +Infinity
 -6.30957344480193305E-002  0.31800000000000000        0.0000000000000000                      +Infinity
 -6.30957344480193305E-002  0.32200000000000001        0.0000000000000000                      +Infinity
 -6.30957344480193305E-002  0.32600000000000001        0.0000000000000000                      +Infinity
 -6.30957344480193305E-002  0.33000000000000002        0.0000000000000000                      +Infinity
 -6.30957344480193305E-002  0.33400000000000002        0.0000000000000000                      +Infinity
 -6.30957344480193305E-002  0.33800000000000002        0.0000000000000000                      +Infinity
 -6.30957344480193305E-002  0.34200000000000003        0.0000000000000000                      +Infinity
 -6.30957344480193305E-002  0.34599999999999997        0.0000000000000000                      +Infinity
 -6.30957344480193305E-002  0.34999999999999998        0.0000000000000000                      +Infinity
 -6.30957344480193305E-002  0.35399999999999998        0.0000000000000000                      +Infinity
 -6.30957344480193305E-002  0.35799999999999998        0.0000000000000000                      +Infinity
 -6.30957344480193305E-002  0.36199999999999999        0.0000000000000000                      +Infinity
 -6.30957344480193305E-002  0.36599999999999999        0.0000000000000000                      +Infinity
 -6.30957344480193305E-002  0.37000000000000000        0.0000000000000000                      +Infinity
 -6.30957344480193305E-002  0.37400000000000000        0.0000000000000000                      +Infinity
 -6.30957344480193305E-002  0.37800000000000000        0.0000000000000000                      +Infinity
 -6.30957344480193305E-002  0.38200000000000001        0.0000000000000000                      +Infinity
 -6.30957344480193305E-002  0.38600000000000001        0.0000000000000000                      +Infinity
 -6.30957344480193305E-002  0.39000000000000001        0.0000000000000000                      +Infinity
 -6.30957344480193305E-002  0.39400000000000002        0.0000000000000000                      +Infinity
 -6.30957344480193305E-002  0.39800000000000002        0.0000000000000000                      +Infinity
 -6.30957344480193305E-002  0.40200000000000002        0.0000000000000000                      +Infinity
 -6.30957344480193305E-002  0.40600000000000003        0.0000000000000000                      +Infinity
 -6.30957344480193305E-002  0.40999999999999998        0.0000000000000000                      +Infinity
 -6.30957344480193305E-002  0.41399999999999998        0.0000000000000000                      +Infinity
 -6.30957344480193305E-002  0.41799999999999998        0.0000000000000000                      +Infinity
 -6.30957344480193305E-002  0.42199999999999999        0.0000000000000000                      +Infinity
 -6.30957344480193305E-002  0.42599999999999999        0.0000000000000000                      +Infinity
 -6.30957344480193305E-002  0.42999999999999999        0.0000000000000000                      +Infinity
 -6.30957344480193305E-002  0.43400000000000000        0.0000000000000000                      +Infinity
 -6.30957344480193305E-002  0.43800000000000000        0.0000000000000000                      +Infinity
 -6.30957344480193305E-002  0.44200000000000000        0.0000000000000000                      +Infinity
 -6.30957344480193305E-002  0.44600000000000001        0.0000000000000000                      +Infinity
 -6.30957344480193305E-002  0.45000000000000001        0.0000000000000000                      +Infinity
 -6.30957344480193305E-002  0.45400000000000001        0.0000000000000000                      +Infinity
 -6.30957344480193305E-002  0.45800000000000002        0.0000000000000000                      +Infinity
 -6.30957344480193305E-002  0.46200000000000002        0.0000000000000000                      +Infinity
 -6.30957344480193305E-002  0.46600000000000003        0.0000000000000000                      +Infinity
 -6.30957344480193305E-002  0.46999999999999997        0.0000000000000000                      +Infinity
 -6.30957344480193305E-002  0.47399999999999998        0.0000000000000000                      +Infinity
 -6.30957344480193305E-002  0.47799999999999998        0.0000000000000000                      +Infinity
 -6.30957344480193305E-002  0.48199999999999998        0.0000000000000000                      +Infinity
 -6.30957344480193305E-002  0.48599999999999999        0.0000000000000000                      +Infinity
 -6.30957344480193305E-002  0.48999999999999999        0.0000000000000000                      +Infinity
 -6.30957344480193305E-002  0.49399999999999999        0.0000000000000000                      +Infinity
 -6.30957344480193305E-002  0.49800000000000000        0.0000000000000000                      +Infinity
 -6.30957344480193305E-002  0.50200000000000000        0.0000000000000000                      +Infinity
 -6.30957344480193305E-002  0.50600000000000001        0.0000000000000000                      +Infinity
 -6.30957344480193305E-002  0.51000000000000001        0.0000000000000000                      +Infinity
 -6.30957344480193305E-002  0.51400000000000001        0.0000000000000000                      +Infinity
 -6.30957344480193305E-002  0.51800000000000002        0.0000000000000000                      +Infinity
 -6.30957344480193305E-002  0.52200000000000002        0.0000000000000000                      +Infinity
 -6.30957344480193305E-002  0.52600000000000002        0.0000000000000000                      +Infinity
 -6.30957344480193305E-002  0.53000000000000003        0.0000000000000000                      +Infinity
 -6.30957344480193305E-002  0.53400000000000003        0.0000000000000000                      +Infinity
 -6.30957344480193305E-002  0.53800000000000003        0.0000000000000000                      +Infinity
 -6.30957344480193305E-002  0.54200000000000004        0.0000000000000000                      +Infinity
 -6.30957344480193305E-002  0.54600000000000004        0.0000000000000000                      +Infinity
 -6.30957344480193305E-002  0.55000000000000004        0.0000000000000000                      +Infinity
 -6.30957344480193305E-002  0.55400000000000005        0.0000000000000000                      +Infinity
 -6.30957344480193305E-002  0.55800000000000005        0.0000000000000000                      +Infinity
 -6.30957344480193305E-002  0.56200000000000006        0.0000000000000000                      +Infinity
 -6.30957344480193305E-002  0.56599999999999995        0.0000000000000000                      +Infinity
 -6.30957344480193305E-002  0.56999999999999995        0.0000000000000000                      +Infinity
 -6.30957344480193305E-002  0.57399999999999995        0.0000000000000000                      +Infinity
 -6.30957344480193305E-002  0.57799999999999996        0.0000000000000000                      +Infinity
 -6.30957344480193305E-002  0.58199999999999996        0.0000000000000000                      +Infinity
 -6.30957344480193305E-002  0.58599999999999997        0.0000000000000000                      +Infinity
 -6.30957344480193305E-002  0.58999999999999997        0.0000000000000000                      +Infinity
 -6.30957344480193305E-002  0.59399999999999997       1.48600000000000004E-008   18.024592797656798
 -6.30957344480193305E-002  0.59799999999999998       3.05599999999999970E-008   17.303573872648091
 -6.30957344480193305E-002  0.60199999999999998       3.19000000000000011E-008   17.260659827155614
 -6.30957344480193305E-002  0.60599999999999998       5.88200000000000000E-008   16.648783903820561
 -6.30957344480193305E-002  0.60999999999999999       1.41479999999999994E-007   15.771107472609131
 -6.30957344480193305E-002  0.61399999999999999       3.71600000000000019E-007   14.805447830006727
 -6.30957344480193305E-002  0.61799999999999999       8.82780000000000021E-007   13.940189818008500
 -6.30957344480193305E-002  0.62200000000000000       1.17937999999999996E-006   13.650521681298931
 -6.30957344480193305E-002  0.62600000000000000       1.47846000000000007E-006   13.424509552466931
 -6.30957344480193305E-002  0.63000000000000000       1.69483999999999990E-006   13.287922216867612
 -6.30957344480193305E-002  0.63400000000000001       1.95788000000000022E-006   13.143648302761662
 -6.30957344480193305E-002  0.63800000000000001       2.82052000000000006E-006   12.778589292850198
 -6.30957344480193305E-002  0.64200000000000002       2.89038000000000018E-006   12.754122576594435
 -6.30957344480193305E-002  0.64600000000000002       3.01550000000000018E-006   12.711744904055370
 -6.30957344480193305E-002  0.65000000000000002       3.81372000000000014E-006   12.476905467219824
 -6.30957344480193305E-002  0.65400000000000003       4.35103999999999976E-006   12.345095660979091
 -6.30957344480193305E-002  0.65800000000000003       5.61966000000000033E-006   12.089239394109406
 -6.30957344480193305E-002  0.66200000000000003       7.93473999999999986E-006   11.744259970748310
 -6.30957344480193305E-002  0.66600000000000004       1.00611799999999998E-005   11.506826103948681
 -6.30957344480193305E-002  0.67000000000000004       1.11065800000000000E-005   11.407972832485434
 -6.30957344480193305E-002  0.67400000000000004       1.25659999999999996E-005   11.284515803983519
 -6.30957344480193305E-002  0.67800000000000005       1.22022599999999989E-005   11.313889377479327
 -6.30957344480193305E-002  0.68200000000000005       1.44751600000000005E-005   11.143076481025718
 -6.30957344480193305E-002  0.68600000000000005       1.89050999999999996E-005   10.876078831029444
 -6.30957344480193305E-002  0.68999999999999995       2.15812200000000007E-005   10.743687065904643
 -6.30957344480193305E-002  0.69399999999999995       2.39724999999999979E-005   10.638603217918575
 -6.30957344480193305E-002  0.69799999999999995       3.11467400000000006E-005   10.376800973103183
 -6.30957344480193305E-002  0.70199999999999996       3.61558600000000011E-005   10.227671520145353
 -6.30957344480193305E-002  0.70599999999999996       3.93488999999999986E-005   10.143042537748260
 -6.30957344480193305E-002  0.70999999999999996       4.30690000000000039E-005   10.052707077184978
 -6.30957344480193305E-002  0.71399999999999997       5.09571799999999992E-005   9.8845248857511656
 -6.30957344480193305E-002  0.71799999999999997       6.36095400000000042E-005   9.6627470988670723
 -6.30957344480193305E-002  0.72199999999999998       8.09976800000000041E-005   9.4210900456773334
 -6.30957344480193305E-002  0.72599999999999998       1.04691660000000010E-004   9.1644910994209621
 -6.30957344480193305E-002  0.72999999999999998       1.31717359999999998E-004   8.9348521431713888
 -6.30957344480193305E-002  0.73399999999999999       1.64037660000000007E-004   8.7154145223556192
 -6.30957344480193305E-002  0.73799999999999999       2.10201880000000010E-004   8.4674421556984321
 -6.30957344480193305E-002  0.74199999999999999       2.76007680000000036E-004   8.1950818665473051
 -6.30957344480193305E-002  0.74600000000000000       3.55266019999999998E-004   7.9426436970002943
 -6.30957344480193305E-002  0.75000000000000000       4.61619820000000057E-004   7.6807689060838582
 -6.30957344480193305E-002  0.75400000000000000       6.13827719999999999E-004   7.3957962555080563
 -6.30957344480193305E-002  0.75800000000000001       8.16556680000000068E-004   7.1104142297144675
 -6.30957344480193305E-002  0.76200000000000001       1.08083456000000007E-003   6.8300217955156750
 -6.30957344480193305E-002  0.76600000000000001       1.44266623999999991E-003   6.5412623218547239
 -6.30957344480193305E-002  0.77000000000000002       1.91997162000000004E-003   6.2554448743016904
 -6.30957344480193305E-002  0.77400000000000002       2.55518851999999999E-003   5.9696292733126173
 -6.30957344480193305E-002  0.77800000000000002       3.44583215999999960E-003   5.6705898478083547
 -6.30957344480193305E-002  0.78200000000000003       4.63901713999999993E-003   5.3732527584575536
 -6.30957344480193305E-002  0.78600000000000003       6.18207705999999999E-003   5.0861009701282915
 -6.30957344480193305E-002  0.79000000000000004       8.23864309999999996E-003   4.7989196209508309
 -6.30957344480193305E-002  0.79400000000000004       1.09613223000000013E-002   4.5133823569294105
 -6.30957344480193305E-002  0.79800000000000004       1.43875169999999990E-002   4.2413943233536004
 -6.30957344480193305E-002  0.80200000000000005       1.88188256599999999E-002   3.9728975452839927
 -6.30957344480193305E-002  0.80600000000000005       2.43713201799999994E-002   3.7143482404692461
 -6.30957344480193305E-002  0.81000000000000005       3.10614829999999974E-002   3.4717867161039258
 -6.30957344480193305E-002  0.81399999999999995       3.89334281800000001E-002   3.2459020611289504
 -6.30957344480193305E-002  0.81799999999999995       4.77662771400000005E-002   3.0414353876295523
 -6.30957344480193305E-002  0.82199999999999995       5.73692635799999961E-002   2.8582465967763495
 -6.30957344480193305E-002  0.82599999999999996       6.70118881200000016E-002   2.7028852407039667
 -6.30957344480193305E-002  0.82999999999999996       7.56622147199999956E-002   2.5814763881993263
 -6.30957344480193305E-002  0.83399999999999996       8.23713662000000041E-002   2.4965174000307990
 -6.30957344480193305E-002  0.83799999999999997       8.59966305600000092E-002   2.4534471630310510
 -6.30957344480193305E-002  0.84199999999999997       8.53141527200000083E-002   2.4614149212483789
 -6.30957344480193305E-002  0.84599999999999997       8.03046330400000036E-002   2.5219279630561990
 -6.30957344480193305E-002  0.84999999999999998       7.10839908000000104E-002   2.6438931320832486
 -6.30957344480193305E-002  0.85399999999999998       5.85611529199999981E-002   2.8376837216813540
 -6.30957344480193305E-002  0.85799999999999998       4.46502844400000001E-002   3.1088946012431902
 -6.30957344480193305E-002  0.86199999999999999       3.12580546200000031E-002   3.4654781881709944
 -6.30957344480193305E-002  0.86599999999999999       1.98727948399999993E-002   3.9184035760438496
 -6.30957344480193305E-002  0.87000000000000000       1.13346554800000006E-002   4.4798903898383342
 -6.30957344480193305E-002  0.87400000000000000       5.76834974000000038E-003   5.1553692463023202
 -6.30957344480193305E-002  0.87800000000000000       2.55148189999999985E-003   5.9710809513517624
 -6.30957344480193305E-002  0.88200000000000001       9.96068039999999967E-004   6.9116949894599076
 -6.30957344480193305E-002  0.88600000000000001       3.28876480000000007E-004   8.0198283184239010
 -6.30957344480193305E-002  0.89000000000000001       9.07381999999999980E-005   9.3075321208218380
 -6.30957344480193305E-002  0.89400000000000002       2.16203799999999992E-005   10.741874169589449
 -6.30957344480193305E-002  0.89800000000000002       4.08556000000000006E-006   12.408051752144553
 -6.30957344480193305E-002  0.90200000000000002       6.50100000000000031E-007   14.246139639735988
 -6.30957344480193305E-002  0.90600000000000003       2.65860000000000026E-007   15.140295982506958
 -6.30957344480193305E-002  0.91000000000000003       8.33999999999999891E-009   18.602202620575756
 -6.30957344480193305E-002  0.91400000000000003        0.0000000000000000                      +Infinity
 -6.30957344480193305E-002  0.91800000000000004        0.0000000000000000                      +Infinity
 -6.30957344480193305E-002  0.92200000000000004        0.0000000000000000                      +Infinity
 -6.30957344480193305E-002  0.92600000000000005        0.0000000000000000                      +Infinity
 -6.30957344480193305E-002  0.93000000000000005        0.0000000000000000                      +Infinity
 -6.30957344480193305E-002  0.93400000000000005        0.0000000000000000                      +Infinity
 -6.30957344480193305E-002  0.93799999999999994        0.0000000000000000                      +Infinity
 -6.30957344480193305E-002  0.94199999999999995        0.0000000000000000                      +Infinity
 -6.30957344480193305E-002  0.94599999999999995        0.0000000000000000                      +Infinity
 -6.30957344480193305E-002  0.94999999999999996        0.0000000000000000                      +Infinity
 -6.30957344480193305E-002  0.95399999999999996        0.0000000000000000                      +Infinity
 -6.30957344480193305E-002  0.95799999999999996        0.0000000000000000                      +Infinity
 -6.30957344480193305E-002  0.96199999999999997        0.0000000000000000                      +Infinity
 -6.30957344480193305E-002  0.96599999999999997        0.0000000000000000                      +Infinity
 -6.30957344480193305E-002  0.96999999999999997        0.0000000000000000                      +Infinity
 -6.30957344480193305E-002  0.97399999999999998        0.0000000000000000                      +Infinity
 -6.30957344480193305E-002  0.97799999999999998        0.0000000000000000                      +Infinity
 -6.30957344480193305E-002  0.98199999999999998        0.0000000000000000                      +Infinity
 -6.30957344480193305E-002  0.98599999999999999        0.0000000000000000                      +Infinity
 -6.30957344480193305E-002  0.98999999999999999        0.0000000000000000                      +Infinity
 -6.30957344480193305E-002  0.99399999999999999        0.0000000000000000                      +Infinity
 -6.30957344480193305E-002  0.99800000000000000        0.0000000000000000                      +Infinity
