 -0.20999999999999999      -0.99800000000000000        0.0000000000000000                      +Infinity
 -0.20999999999999999      -0.99399999999999999        0.0000000000000000                      +Infinity
 -0.20999999999999999      -0.98999999999999999        0.0000000000000000                      +Infinity
 -0.20999999999999999      -0.98599999999999999        0.0000000000000000                      +Infinity
 -0.20999999999999999      -0.98199999999999998        0.0000000000000000                      +Infinity
 -0.20999999999999999      -0.97799999999999998        0.0000000000000000                      +Infinity
 -0.20999999999999999      -0.97399999999999998        0.0000000000000000                      +Infinity
 -0.20999999999999999      -0.96999999999999997        0.0000000000000000                      +Infinity
 -0.20999999999999999      -0.96599999999999997        0.0000000000000000                      +Infinity
 -0.20999999999999999      -0.96199999999999997        0.0000000000000000                      +Infinity
 -0.20999999999999999      -0.95799999999999996        0.0000000000000000                      +Infinity
 -0.20999999999999999      -0.95399999999999996        0.0000000000000000                      +Infinity
 -0.20999999999999999      -0.94999999999999996        0.0000000000000000                      +Infinity
 -0.20999999999999999      -0.94599999999999995        0.0000000000000000                      +Infinity
 -0.20999999999999999      -0.94199999999999995        0.0000000000000000                      +Infinity
 -0.20999999999999999      -0.93799999999999994        0.0000000000000000                      +Infinity
 -0.20999999999999999      -0.93400000000000005        0.0000000000000000                      +Infinity
 -0.20999999999999999      -0.93000000000000005        0.0000000000000000                      +Infinity
 -0.20999999999999999      -0.92600000000000005        0.0000000000000000                      +Infinity
 -0.20999999999999999      -0.92200000000000004        0.0000000000000000                      +Infinity
 -0.20999999999999999      -0.91800000000000004        0.0000000000000000                      +Infinity
 -0.20999999999999999      -0.91400000000000003        0.0000000000000000                      +Infinity
 -0.20999999999999999      -0.91000000000000003        0.0000000000000000                      +Infinity
 -0.20999999999999999      -0.90600000000000003        0.0000000000000000                      +Infinity
 -0.20999999999999999      -0.90200000000000002        0.0000000000000000                      +Infinity
 -0.20999999999999999      -0.89800000000000002        0.0000000000000000                      +Infinity
 -0.20999999999999999      -0.89400000000000002        0.0000000000000000                      +Infinity
 -0.20999999999999999      -0.89000000000000001        0.0000000000000000                      +Infinity
 -0.20999999999999999      -0.88600000000000001        0.0000000000000000                      +Infinity
 -0.20999999999999999      -0.88200000000000001        0.0000000000000000                      +Infinity
 -0.20999999999999999      -0.87800000000000000        0.0000000000000000                      +Infinity
 -0.20999999999999999      -0.87400000000000000        0.0000000000000000                      +Infinity
 -0.20999999999999999      -0.87000000000000000        0.0000000000000000                      +Infinity
 -0.20999999999999999      -0.86599999999999999        0.0000000000000000                      +Infinity
 -0.20999999999999999      -0.86199999999999999        0.0000000000000000                      +Infinity
 -0.20999999999999999      -0.85799999999999998        0.0000000000000000                      +Infinity
 -0.20999999999999999      -0.85399999999999998        0.0000000000000000                      +Infinity
 -0.20999999999999999      -0.84999999999999998        0.0000000000000000                      +Infinity
 -0.20999999999999999      -0.84599999999999997        0.0000000000000000                      +Infinity
 -0.20999999999999999      -0.84199999999999997        0.0000000000000000                      +Infinity
 -0.20999999999999999      -0.83799999999999997        0.0000000000000000                      +Infinity
 -0.20999999999999999      -0.83399999999999996        0.0000000000000000                      +Infinity
 -0.20999999999999999      -0.82999999999999996        0.0000000000000000                      +Infinity
 -0.20999999999999999      -0.82599999999999996        0.0000000000000000                      +Infinity
 -0.20999999999999999      -0.82199999999999995        0.0000000000000000                      +Infinity
 -0.20999999999999999      -0.81799999999999995        0.0000000000000000                      +Infinity
 -0.20999999999999999      -0.81399999999999995        0.0000000000000000                      +Infinity
 -0.20999999999999999      -0.81000000000000005        0.0000000000000000                      +Infinity
 -0.20999999999999999      -0.80600000000000005        0.0000000000000000                      +Infinity
 -0.20999999999999999      -0.80200000000000005        0.0000000000000000                      +Infinity
 -0.20999999999999999      -0.79800000000000004        0.0000000000000000                      +Infinity
 -0.20999999999999999      -0.79400000000000004        0.0000000000000000                      +Infinity
 -0.20999999999999999      -0.79000000000000004        0.0000000000000000                      +Infinity
 -0.20999999999999999      -0.78600000000000003        0.0000000000000000                      +Infinity
 -0.20999999999999999      -0.78200000000000003        0.0000000000000000                      +Infinity
 -0.20999999999999999      -0.77800000000000002        0.0000000000000000                      +Infinity
 -0.20999999999999999      -0.77400000000000002        0.0000000000000000                      +Infinity
 -0.20999999999999999      -0.77000000000000002        0.0000000000000000                      +Infinity
 -0.20999999999999999      -0.76600000000000001        0.0000000000000000                      +Infinity
 -0.20999999999999999      -0.76200000000000001        0.0000000000000000                      +Infinity
 -0.20999999999999999      -0.75800000000000001        0.0000000000000000                      +Infinity
 -0.20999999999999999      -0.75400000000000000        0.0000000000000000                      +Infinity
 -0.20999999999999999      -0.75000000000000000        0.0000000000000000                      +Infinity
 -0.20999999999999999      -0.74600000000000000        0.0000000000000000                      +Infinity
 -0.20999999999999999      -0.74199999999999999        0.0000000000000000                      +Infinity
 -0.20999999999999999      -0.73799999999999999        0.0000000000000000                      +Infinity
 -0.20999999999999999      -0.73399999999999999        0.0000000000000000                      +Infinity
 -0.20999999999999999      -0.72999999999999998        0.0000000000000000                      +Infinity
 -0.20999999999999999      -0.72599999999999998        0.0000000000000000                      +Infinity
 -0.20999999999999999      -0.72199999999999998        0.0000000000000000                      +Infinity
 -0.20999999999999999      -0.71799999999999997        0.0000000000000000                      +Infinity
 -0.20999999999999999      -0.71399999999999997        0.0000000000000000                      +Infinity
 -0.20999999999999999      -0.70999999999999996        0.0000000000000000                      +Infinity
 -0.20999999999999999      -0.70599999999999996        0.0000000000000000                      +Infinity
 -0.20999999999999999      -0.70199999999999996        0.0000000000000000                      +Infinity
 -0.20999999999999999      -0.69799999999999995        0.0000000000000000                      +Infinity
 -0.20999999999999999      -0.69399999999999995        0.0000000000000000                      +Infinity
 -0.20999999999999999      -0.68999999999999995        0.0000000000000000                      +Infinity
 -0.20999999999999999      -0.68600000000000005        0.0000000000000000                      +Infinity
 -0.20999999999999999      -0.68200000000000005        0.0000000000000000                      +Infinity
 -0.20999999999999999      -0.67800000000000005        0.0000000000000000                      +Infinity
 -0.20999999999999999      -0.67400000000000004        0.0000000000000000                      +Infinity
 -0.20999999999999999      -0.67000000000000004        0.0000000000000000                      +Infinity
 -0.20999999999999999      -0.66600000000000004        0.0000000000000000                      +Infinity
 -0.20999999999999999      -0.66200000000000003        0.0000000000000000                      +Infinity
 -0.20999999999999999      -0.65800000000000003        0.0000000000000000                      +Infinity
 -0.20999999999999999      -0.65400000000000003        0.0000000000000000                      +Infinity
 -0.20999999999999999      -0.65000000000000002        0.0000000000000000                      +Infinity
 -0.20999999999999999      -0.64600000000000002        0.0000000000000000                      +Infinity
 -0.20999999999999999      -0.64200000000000002        0.0000000000000000                      +Infinity
 -0.20999999999999999      -0.63800000000000001        0.0000000000000000                      +Infinity
 -0.20999999999999999      -0.63400000000000001        0.0000000000000000                      +Infinity
 -0.20999999999999999      -0.63000000000000000        0.0000000000000000                      +Infinity
 -0.20999999999999999      -0.62600000000000000        0.0000000000000000                      +Infinity
 -0.20999999999999999      -0.62200000000000000        0.0000000000000000                      +Infinity
 -0.20999999999999999      -0.61799999999999999        0.0000000000000000                      +Infinity
 -0.20999999999999999      -0.61399999999999999        0.0000000000000000                      +Infinity
 -0.20999999999999999      -0.60999999999999999        0.0000000000000000                      +Infinity
 -0.20999999999999999      -0.60599999999999998        0.0000000000000000                      +Infinity
 -0.20999999999999999      -0.60199999999999998        0.0000000000000000                      +Infinity
 -0.20999999999999999      -0.59799999999999998        0.0000000000000000                      +Infinity
 -0.20999999999999999      -0.59399999999999997        0.0000000000000000                      +Infinity
 -0.20999999999999999      -0.58999999999999997        0.0000000000000000                      +Infinity
 -0.20999999999999999      -0.58599999999999997        0.0000000000000000                      +Infinity
 -0.20999999999999999      -0.58199999999999996        0.0000000000000000                      +Infinity
 -0.20999999999999999      -0.57799999999999996        0.0000000000000000                      +Infinity
 -0.20999999999999999      -0.57399999999999995        0.0000000000000000                      +Infinity
 -0.20999999999999999      -0.56999999999999995        0.0000000000000000                      +Infinity
 -0.20999999999999999      -0.56599999999999995        0.0000000000000000                      +Infinity
 -0.20999999999999999      -0.56200000000000006        0.0000000000000000                      +Infinity
 -0.20999999999999999      -0.55800000000000005        0.0000000000000000                      +Infinity
 -0.20999999999999999      -0.55400000000000005        0.0000000000000000                      +Infinity
 -0.20999999999999999      -0.55000000000000004        0.0000000000000000                      +Infinity
 -0.20999999999999999      -0.54600000000000004        0.0000000000000000                      +Infinity
 -0.20999999999999999      -0.54200000000000004        0.0000000000000000                      +Infinity
 -0.20999999999999999      -0.53800000000000003        0.0000000000000000                      +Infinity
 -0.20999999999999999      -0.53400000000000003        0.0000000000000000                      +Infinity
 -0.20999999999999999      -0.53000000000000003        0.0000000000000000                      +Infinity
 -0.20999999999999999      -0.52600000000000002        0.0000000000000000                      +Infinity
 -0.20999999999999999      -0.52200000000000002        0.0000000000000000                      +Infinity
 -0.20999999999999999      -0.51800000000000002        0.0000000000000000                      +Infinity
 -0.20999999999999999      -0.51400000000000001        0.0000000000000000                      +Infinity
 -0.20999999999999999      -0.51000000000000001        0.0000000000000000                      +Infinity
 -0.20999999999999999      -0.50600000000000001        0.0000000000000000                      +Infinity
 -0.20999999999999999      -0.50200000000000000        0.0000000000000000                      +Infinity
 -0.20999999999999999      -0.49800000000000000        0.0000000000000000                      +Infinity
 -0.20999999999999999      -0.49399999999999999        0.0000000000000000                      +Infinity
 -0.20999999999999999      -0.48999999999999999        0.0000000000000000                      +Infinity
 -0.20999999999999999      -0.48599999999999999        0.0000000000000000                      +Infinity
 -0.20999999999999999      -0.48199999999999998        0.0000000000000000                      +Infinity
 -0.20999999999999999      -0.47799999999999998        0.0000000000000000                      +Infinity
 -0.20999999999999999      -0.47399999999999998        0.0000000000000000                      +Infinity
 -0.20999999999999999      -0.46999999999999997        0.0000000000000000                      +Infinity
 -0.20999999999999999      -0.46600000000000003        0.0000000000000000                      +Infinity
 -0.20999999999999999      -0.46200000000000002        0.0000000000000000                      +Infinity
 -0.20999999999999999      -0.45800000000000002        0.0000000000000000                      +Infinity
 -0.20999999999999999      -0.45400000000000001        0.0000000000000000                      +Infinity
 -0.20999999999999999      -0.45000000000000001        0.0000000000000000                      +Infinity
 -0.20999999999999999      -0.44600000000000001        0.0000000000000000                      +Infinity
 -0.20999999999999999      -0.44200000000000000        0.0000000000000000                      +Infinity
 -0.20999999999999999      -0.43800000000000000        0.0000000000000000                      +Infinity
 -0.20999999999999999      -0.43400000000000000        0.0000000000000000                      +Infinity
 -0.20999999999999999      -0.42999999999999999        0.0000000000000000                      +Infinity
 -0.20999999999999999      -0.42599999999999999        0.0000000000000000                      +Infinity
 -0.20999999999999999      -0.42199999999999999        0.0000000000000000                      +Infinity
 -0.20999999999999999      -0.41799999999999998        0.0000000000000000                      +Infinity
 -0.20999999999999999      -0.41399999999999998        0.0000000000000000                      +Infinity
 -0.20999999999999999      -0.40999999999999998        0.0000000000000000                      +Infinity
 -0.20999999999999999      -0.40600000000000003        0.0000000000000000                      +Infinity
 -0.20999999999999999      -0.40200000000000002        0.0000000000000000                      +Infinity
 -0.20999999999999999      -0.39800000000000002        0.0000000000000000                      +Infinity
 -0.20999999999999999      -0.39400000000000002        0.0000000000000000                      +Infinity
 -0.20999999999999999      -0.39000000000000001        0.0000000000000000                      +Infinity
 -0.20999999999999999      -0.38600000000000001        0.0000000000000000                      +Infinity
 -0.20999999999999999      -0.38200000000000001        0.0000000000000000                      +Infinity
 -0.20999999999999999      -0.37800000000000000        0.0000000000000000                      +Infinity
 -0.20999999999999999      -0.37400000000000000        0.0000000000000000                      +Infinity
 -0.20999999999999999      -0.37000000000000000        0.0000000000000000                      +Infinity
 -0.20999999999999999      -0.36599999999999999        0.0000000000000000                      +Infinity
 -0.20999999999999999      -0.36199999999999999        0.0000000000000000                      +Infinity
 -0.20999999999999999      -0.35799999999999998        0.0000000000000000                      +Infinity
 -0.20999999999999999      -0.35399999999999998        0.0000000000000000                      +Infinity
 -0.20999999999999999      -0.34999999999999998        0.0000000000000000                      +Infinity
 -0.20999999999999999      -0.34599999999999997        0.0000000000000000                      +Infinity
 -0.20999999999999999      -0.34200000000000003        0.0000000000000000                      +Infinity
 -0.20999999999999999      -0.33800000000000002        0.0000000000000000                      +Infinity
 -0.20999999999999999      -0.33400000000000002        0.0000000000000000                      +Infinity
 -0.20999999999999999      -0.33000000000000002        0.0000000000000000                      +Infinity
 -0.20999999999999999      -0.32600000000000001        0.0000000000000000                      +Infinity
 -0.20999999999999999      -0.32200000000000001        0.0000000000000000                      +Infinity
 -0.20999999999999999      -0.31800000000000000        0.0000000000000000                      +Infinity
 -0.20999999999999999      -0.31400000000000000        0.0000000000000000                      +Infinity
 -0.20999999999999999      -0.31000000000000000        0.0000000000000000                      +Infinity
 -0.20999999999999999      -0.30599999999999999        0.0000000000000000                      +Infinity
 -0.20999999999999999      -0.30199999999999999        0.0000000000000000                      +Infinity
 -0.20999999999999999      -0.29799999999999999        0.0000000000000000                      +Infinity
 -0.20999999999999999      -0.29399999999999998        0.0000000000000000                      +Infinity
 -0.20999999999999999      -0.28999999999999998        0.0000000000000000                      +Infinity
 -0.20999999999999999      -0.28599999999999998        0.0000000000000000                      +Infinity
 -0.20999999999999999      -0.28199999999999997        0.0000000000000000                      +Infinity
 -0.20999999999999999      -0.27800000000000002        0.0000000000000000                      +Infinity
 -0.20999999999999999      -0.27400000000000002        0.0000000000000000                      +Infinity
 -0.20999999999999999      -0.27000000000000002        0.0000000000000000                      +Infinity
 -0.20999999999999999      -0.26600000000000001        0.0000000000000000                      +Infinity
 -0.20999999999999999      -0.26200000000000001        0.0000000000000000                      +Infinity
 -0.20999999999999999      -0.25800000000000001        0.0000000000000000                      +Infinity
 -0.20999999999999999      -0.25400000000000000        0.0000000000000000                      +Infinity
 -0.20999999999999999      -0.25000000000000000        0.0000000000000000                      +Infinity
 -0.20999999999999999      -0.24600000000000000        0.0000000000000000                      +Infinity
 -0.20999999999999999      -0.24199999999999999        0.0000000000000000                      +Infinity
 -0.20999999999999999      -0.23799999999999999        0.0000000000000000                      +Infinity
 -0.20999999999999999      -0.23400000000000001        0.0000000000000000                      +Infinity
 -0.20999999999999999      -0.23000000000000001        0.0000000000000000                      +Infinity
 -0.20999999999999999      -0.22600000000000001        0.0000000000000000                      +Infinity
 -0.20999999999999999      -0.22200000000000000        0.0000000000000000                      +Infinity
 -0.20999999999999999      -0.21800000000000000        0.0000000000000000                      +Infinity
 -0.20999999999999999      -0.21400000000000000        0.0000000000000000                      +Infinity
 -0.20999999999999999      -0.20999999999999999        0.0000000000000000                      +Infinity
 -0.20999999999999999      -0.20599999999999999        0.0000000000000000                      +Infinity
 -0.20999999999999999      -0.20200000000000001        0.0000000000000000                      +Infinity
 -0.20999999999999999      -0.19800000000000001        0.0000000000000000                      +Infinity
 -0.20999999999999999      -0.19400000000000001        0.0000000000000000                      +Infinity
 -0.20999999999999999      -0.19000000000000000        0.0000000000000000                      +Infinity
 -0.20999999999999999      -0.18600000000000000        0.0000000000000000                      +Infinity
 -0.20999999999999999      -0.18200000000000000        0.0000000000000000                      +Infinity
 -0.20999999999999999      -0.17799999999999999        0.0000000000000000                      +Infinity
 -0.20999999999999999      -0.17399999999999999        0.0000000000000000                      +Infinity
 -0.20999999999999999      -0.17000000000000001        0.0000000000000000                      +Infinity
 -0.20999999999999999      -0.16600000000000001        0.0000000000000000                      +Infinity
 -0.20999999999999999      -0.16200000000000001        0.0000000000000000                      +Infinity
 -0.20999999999999999      -0.15800000000000000        0.0000000000000000                      +Infinity
 -0.20999999999999999      -0.15400000000000000        0.0000000000000000                      +Infinity
 -0.20999999999999999      -0.14999999999999999        0.0000000000000000                      +Infinity
 -0.20999999999999999      -0.14599999999999999        0.0000000000000000                      +Infinity
 -0.20999999999999999      -0.14199999999999999        0.0000000000000000                      +Infinity
 -0.20999999999999999      -0.13800000000000001        0.0000000000000000                      +Infinity
 -0.20999999999999999      -0.13400000000000001        0.0000000000000000                      +Infinity
 -0.20999999999999999      -0.13000000000000000        0.0000000000000000                      +Infinity
 -0.20999999999999999      -0.12600000000000000        0.0000000000000000                      +Infinity
 -0.20999999999999999      -0.12200000000000000        0.0000000000000000                      +Infinity
 -0.20999999999999999      -0.11799999999999999        0.0000000000000000                      +Infinity
 -0.20999999999999999      -0.11400000000000000        0.0000000000000000                      +Infinity
 -0.20999999999999999      -0.11000000000000000        0.0000000000000000                      +Infinity
 -0.20999999999999999      -0.10600000000000000        0.0000000000000000                      +Infinity
 -0.20999999999999999      -0.10199999999999999        0.0000000000000000                      +Infinity
 -0.20999999999999999      -9.80000000000000038E-002   0.0000000000000000                      +Infinity
 -0.20999999999999999      -9.40000000000000002E-002   0.0000000000000000                      +Infinity
 -0.20999999999999999      -8.99999999999999967E-002   0.0000000000000000                      +Infinity
 -0.20999999999999999      -8.59999999999999931E-002   0.0000000000000000                      +Infinity
 -0.20999999999999999      -8.20000000000000034E-002   0.0000000000000000                      +Infinity
 -0.20999999999999999      -7.79999999999999999E-002   0.0000000000000000                      +Infinity
 -0.20999999999999999      -7.39999999999999963E-002   0.0000000000000000                      +Infinity
 -0.20999999999999999      -7.00000000000000067E-002   0.0000000000000000                      +Infinity
 -0.20999999999999999      -6.60000000000000031E-002   0.0000000000000000                      +Infinity
 -0.20999999999999999      -6.19999999999999996E-002   0.0000000000000000                      +Infinity
 -0.20999999999999999      -5.80000000000000029E-002   0.0000000000000000                      +Infinity
 -0.20999999999999999      -5.39999999999999994E-002   0.0000000000000000                      +Infinity
 -0.20999999999999999      -5.00000000000000028E-002   0.0000000000000000                      +Infinity
 -0.20999999999999999      -4.59999999999999992E-002   0.0000000000000000                      +Infinity
 -0.20999999999999999      -4.20000000000000026E-002   0.0000000000000000                      +Infinity
 -0.20999999999999999      -3.79999999999999991E-002   0.0000000000000000                      +Infinity
 -0.20999999999999999      -3.40000000000000024E-002   0.0000000000000000                      +Infinity
 -0.20999999999999999      -2.99999999999999989E-002   0.0000000000000000                      +Infinity
 -0.20999999999999999      -2.59999999999999988E-002   0.0000000000000000                      +Infinity
 -0.20999999999999999      -2.19999999999999987E-002   0.0000000000000000                      +Infinity
 -0.20999999999999999      -1.79999999999999986E-002   0.0000000000000000                      +Infinity
 -0.20999999999999999      -1.40000000000000003E-002   0.0000000000000000                      +Infinity
 -0.20999999999999999      -1.00000000000000002E-002   0.0000000000000000                      +Infinity
 -0.20999999999999999      -6.00000000000000012E-003   0.0000000000000000                      +Infinity
 -0.20999999999999999      -2.00000000000000004E-003   0.0000000000000000                      +Infinity
 -0.20999999999999999       2.00000000000000004E-003   0.0000000000000000                      +Infinity
 -0.20999999999999999       6.00000000000000012E-003   0.0000000000000000                      +Infinity
 -0.20999999999999999       1.00000000000000002E-002   0.0000000000000000                      +Infinity
 -0.20999999999999999       1.40000000000000003E-002   0.0000000000000000                      +Infinity
 -0.20999999999999999       1.79999999999999986E-002   0.0000000000000000                      +Infinity
 -0.20999999999999999       2.19999999999999987E-002   0.0000000000000000                      +Infinity
 -0.20999999999999999       2.59999999999999988E-002   0.0000000000000000                      +Infinity
 -0.20999999999999999       2.99999999999999989E-002   0.0000000000000000                      +Infinity
 -0.20999999999999999       3.40000000000000024E-002   0.0000000000000000                      +Infinity
 -0.20999999999999999       3.79999999999999991E-002   0.0000000000000000                      +Infinity
 -0.20999999999999999       4.20000000000000026E-002   0.0000000000000000                      +Infinity
 -0.20999999999999999       4.59999999999999992E-002   0.0000000000000000                      +Infinity
 -0.20999999999999999       5.00000000000000028E-002   0.0000000000000000                      +Infinity
 -0.20999999999999999       5.39999999999999994E-002   0.0000000000000000                      +Infinity
 -0.20999999999999999       5.80000000000000029E-002   0.0000000000000000                      +Infinity
 -0.20999999999999999       6.19999999999999996E-002   0.0000000000000000                      +Infinity
 -0.20999999999999999       6.60000000000000031E-002   0.0000000000000000                      +Infinity
 -0.20999999999999999       7.00000000000000067E-002   0.0000000000000000                      +Infinity
 -0.20999999999999999       7.39999999999999963E-002   0.0000000000000000                      +Infinity
 -0.20999999999999999       7.79999999999999999E-002   0.0000000000000000                      +Infinity
 -0.20999999999999999       8.20000000000000034E-002   0.0000000000000000                      +Infinity
 -0.20999999999999999       8.59999999999999931E-002   0.0000000000000000                      +Infinity
 -0.20999999999999999       8.99999999999999967E-002   0.0000000000000000                      +Infinity
 -0.20999999999999999       9.40000000000000002E-002   0.0000000000000000                      +Infinity
 -0.20999999999999999       9.80000000000000038E-002   0.0000000000000000                      +Infinity
 -0.20999999999999999       0.10199999999999999        0.0000000000000000                      +Infinity
 -0.20999999999999999       0.10600000000000000        0.0000000000000000                      +Infinity
 -0.20999999999999999       0.11000000000000000        0.0000000000000000                      +Infinity
 -0.20999999999999999       0.11400000000000000        0.0000000000000000                      +Infinity
 -0.20999999999999999       0.11799999999999999        0.0000000000000000                      +Infinity
 -0.20999999999999999       0.12200000000000000        0.0000000000000000                      +Infinity
 -0.20999999999999999       0.12600000000000000        0.0000000000000000                      +Infinity
 -0.20999999999999999       0.13000000000000000        0.0000000000000000                      +Infinity
 -0.20999999999999999       0.13400000000000001        0.0000000000000000                      +Infinity
 -0.20999999999999999       0.13800000000000001        0.0000000000000000                      +Infinity
 -0.20999999999999999       0.14199999999999999        0.0000000000000000                      +Infinity
 -0.20999999999999999       0.14599999999999999        0.0000000000000000                      +Infinity
 -0.20999999999999999       0.14999999999999999        0.0000000000000000                      +Infinity
 -0.20999999999999999       0.15400000000000000        0.0000000000000000                      +Infinity
 -0.20999999999999999       0.15800000000000000        0.0000000000000000                      +Infinity
 -0.20999999999999999       0.16200000000000001        0.0000000000000000                      +Infinity
 -0.20999999999999999       0.16600000000000001        0.0000000000000000                      +Infinity
 -0.20999999999999999       0.17000000000000001        0.0000000000000000                      +Infinity
 -0.20999999999999999       0.17399999999999999        0.0000000000000000                      +Infinity
 -0.20999999999999999       0.17799999999999999        0.0000000000000000                      +Infinity
 -0.20999999999999999       0.18200000000000000        0.0000000000000000                      +Infinity
 -0.20999999999999999       0.18600000000000000        0.0000000000000000                      +Infinity
 -0.20999999999999999       0.19000000000000000        0.0000000000000000                      +Infinity
 -0.20999999999999999       0.19400000000000001        0.0000000000000000                      +Infinity
 -0.20999999999999999       0.19800000000000001        0.0000000000000000                      +Infinity
 -0.20999999999999999       0.20200000000000001        0.0000000000000000                      +Infinity
 -0.20999999999999999       0.20599999999999999        0.0000000000000000                      +Infinity
 -0.20999999999999999       0.20999999999999999        0.0000000000000000                      +Infinity
 -0.20999999999999999       0.21400000000000000        0.0000000000000000                      +Infinity
 -0.20999999999999999       0.21800000000000000        0.0000000000000000                      +Infinity
 -0.20999999999999999       0.22200000000000000        0.0000000000000000                      +Infinity
 -0.20999999999999999       0.22600000000000001        0.0000000000000000                      +Infinity
 -0.20999999999999999       0.23000000000000001        0.0000000000000000                      +Infinity
 -0.20999999999999999       0.23400000000000001        0.0000000000000000                      +Infinity
 -0.20999999999999999       0.23799999999999999        0.0000000000000000                      +Infinity
 -0.20999999999999999       0.24199999999999999        0.0000000000000000                      +Infinity
 -0.20999999999999999       0.24600000000000000        0.0000000000000000                      +Infinity
 -0.20999999999999999       0.25000000000000000        0.0000000000000000                      +Infinity
 -0.20999999999999999       0.25400000000000000        0.0000000000000000                      +Infinity
 -0.20999999999999999       0.25800000000000001        0.0000000000000000                      +Infinity
 -0.20999999999999999       0.26200000000000001        0.0000000000000000                      +Infinity
 -0.20999999999999999       0.26600000000000001        0.0000000000000000                      +Infinity
 -0.20999999999999999       0.27000000000000002        0.0000000000000000                      +Infinity
 -0.20999999999999999       0.27400000000000002        0.0000000000000000                      +Infinity
 -0.20999999999999999       0.27800000000000002        0.0000000000000000                      +Infinity
 -0.20999999999999999       0.28199999999999997        0.0000000000000000                      +Infinity
 -0.20999999999999999       0.28599999999999998        0.0000000000000000                      +Infinity
 -0.20999999999999999       0.28999999999999998        0.0000000000000000                      +Infinity
 -0.20999999999999999       0.29399999999999998        0.0000000000000000                      +Infinity
 -0.20999999999999999       0.29799999999999999        0.0000000000000000                      +Infinity
 -0.20999999999999999       0.30199999999999999        0.0000000000000000                      +Infinity
 -0.20999999999999999       0.30599999999999999        0.0000000000000000                      +Infinity
 -0.20999999999999999       0.31000000000000000        0.0000000000000000                      +Infinity
 -0.20999999999999999       0.31400000000000000        0.0000000000000000                      +Infinity
 -0.20999999999999999       0.31800000000000000        0.0000000000000000                      +Infinity
 -0.20999999999999999       0.32200000000000001        0.0000000000000000                      +Infinity
 -0.20999999999999999       0.32600000000000001        0.0000000000000000                      +Infinity
 -0.20999999999999999       0.33000000000000002        0.0000000000000000                      +Infinity
 -0.20999999999999999       0.33400000000000002        0.0000000000000000                      +Infinity
 -0.20999999999999999       0.33800000000000002        0.0000000000000000                      +Infinity
 -0.20999999999999999       0.34200000000000003        0.0000000000000000                      +Infinity
 -0.20999999999999999       0.34599999999999997        0.0000000000000000                      +Infinity
 -0.20999999999999999       0.34999999999999998        0.0000000000000000                      +Infinity
 -0.20999999999999999       0.35399999999999998        0.0000000000000000                      +Infinity
 -0.20999999999999999       0.35799999999999998        0.0000000000000000                      +Infinity
 -0.20999999999999999       0.36199999999999999        0.0000000000000000                      +Infinity
 -0.20999999999999999       0.36599999999999999        0.0000000000000000                      +Infinity
 -0.20999999999999999       0.37000000000000000        0.0000000000000000                      +Infinity
 -0.20999999999999999       0.37400000000000000        0.0000000000000000                      +Infinity
 -0.20999999999999999       0.37800000000000000        0.0000000000000000                      +Infinity
 -0.20999999999999999       0.38200000000000001        0.0000000000000000                      +Infinity
 -0.20999999999999999       0.38600000000000001        0.0000000000000000                      +Infinity
 -0.20999999999999999       0.39000000000000001        0.0000000000000000                      +Infinity
 -0.20999999999999999       0.39400000000000002        0.0000000000000000                      +Infinity
 -0.20999999999999999       0.39800000000000002        0.0000000000000000                      +Infinity
 -0.20999999999999999       0.40200000000000002        0.0000000000000000                      +Infinity
 -0.20999999999999999       0.40600000000000003        0.0000000000000000                      +Infinity
 -0.20999999999999999       0.40999999999999998        0.0000000000000000                      +Infinity
 -0.20999999999999999       0.41399999999999998        0.0000000000000000                      +Infinity
 -0.20999999999999999       0.41799999999999998        0.0000000000000000                      +Infinity
 -0.20999999999999999       0.42199999999999999        0.0000000000000000                      +Infinity
 -0.20999999999999999       0.42599999999999999        0.0000000000000000                      +Infinity
 -0.20999999999999999       0.42999999999999999        0.0000000000000000                      +Infinity
 -0.20999999999999999       0.43400000000000000        0.0000000000000000                      +Infinity
 -0.20999999999999999       0.43800000000000000        0.0000000000000000                      +Infinity
 -0.20999999999999999       0.44200000000000000        0.0000000000000000                      +Infinity
 -0.20999999999999999       0.44600000000000001        0.0000000000000000                      +Infinity
 -0.20999999999999999       0.45000000000000001        0.0000000000000000                      +Infinity
 -0.20999999999999999       0.45400000000000001        0.0000000000000000                      +Infinity
 -0.20999999999999999       0.45800000000000002        0.0000000000000000                      +Infinity
 -0.20999999999999999       0.46200000000000002        0.0000000000000000                      +Infinity
 -0.20999999999999999       0.46600000000000003        0.0000000000000000                      +Infinity
 -0.20999999999999999       0.46999999999999997        0.0000000000000000                      +Infinity
 -0.20999999999999999       0.47399999999999998        0.0000000000000000                      +Infinity
 -0.20999999999999999       0.47799999999999998        0.0000000000000000                      +Infinity
 -0.20999999999999999       0.48199999999999998        0.0000000000000000                      +Infinity
 -0.20999999999999999       0.48599999999999999        0.0000000000000000                      +Infinity
 -0.20999999999999999       0.48999999999999999        0.0000000000000000                      +Infinity
 -0.20999999999999999       0.49399999999999999        0.0000000000000000                      +Infinity
 -0.20999999999999999       0.49800000000000000        0.0000000000000000                      +Infinity
 -0.20999999999999999       0.50200000000000000        0.0000000000000000                      +Infinity
 -0.20999999999999999       0.50600000000000001        0.0000000000000000                      +Infinity
 -0.20999999999999999       0.51000000000000001        0.0000000000000000                      +Infinity
 -0.20999999999999999       0.51400000000000001        0.0000000000000000                      +Infinity
 -0.20999999999999999       0.51800000000000002        0.0000000000000000                      +Infinity
 -0.20999999999999999       0.52200000000000002        0.0000000000000000                      +Infinity
 -0.20999999999999999       0.52600000000000002        0.0000000000000000                      +Infinity
 -0.20999999999999999       0.53000000000000003        0.0000000000000000                      +Infinity
 -0.20999999999999999       0.53400000000000003        0.0000000000000000                      +Infinity
 -0.20999999999999999       0.53800000000000003        0.0000000000000000                      +Infinity
 -0.20999999999999999       0.54200000000000004        0.0000000000000000                      +Infinity
 -0.20999999999999999       0.54600000000000004        0.0000000000000000                      +Infinity
 -0.20999999999999999       0.55000000000000004        0.0000000000000000                      +Infinity
 -0.20999999999999999       0.55400000000000005        0.0000000000000000                      +Infinity
 -0.20999999999999999       0.55800000000000005        0.0000000000000000                      +Infinity
 -0.20999999999999999       0.56200000000000006        0.0000000000000000                      +Infinity
 -0.20999999999999999       0.56599999999999995        0.0000000000000000                      +Infinity
 -0.20999999999999999       0.56999999999999995        0.0000000000000000                      +Infinity
 -0.20999999999999999       0.57399999999999995        0.0000000000000000                      +Infinity
 -0.20999999999999999       0.57799999999999996        0.0000000000000000                      +Infinity
 -0.20999999999999999       0.58199999999999996        0.0000000000000000                      +Infinity
 -0.20999999999999999       0.58599999999999997        0.0000000000000000                      +Infinity
 -0.20999999999999999       0.58999999999999997        0.0000000000000000                      +Infinity
 -0.20999999999999999       0.59399999999999997        0.0000000000000000                      +Infinity
 -0.20999999999999999       0.59799999999999998        0.0000000000000000                      +Infinity
 -0.20999999999999999       0.60199999999999998        0.0000000000000000                      +Infinity
 -0.20999999999999999       0.60599999999999998        0.0000000000000000                      +Infinity
 -0.20999999999999999       0.60999999999999999        0.0000000000000000                      +Infinity
 -0.20999999999999999       0.61399999999999999        0.0000000000000000                      +Infinity
 -0.20999999999999999       0.61799999999999999        0.0000000000000000                      +Infinity
 -0.20999999999999999       0.62200000000000000        0.0000000000000000                      +Infinity
 -0.20999999999999999       0.62600000000000000        0.0000000000000000                      +Infinity
 -0.20999999999999999       0.63000000000000000        0.0000000000000000                      +Infinity
 -0.20999999999999999       0.63400000000000001        0.0000000000000000                      +Infinity
 -0.20999999999999999       0.63800000000000001        0.0000000000000000                      +Infinity
 -0.20999999999999999       0.64200000000000002        0.0000000000000000                      +Infinity
 -0.20999999999999999       0.64600000000000002        0.0000000000000000                      +Infinity
 -0.20999999999999999       0.65000000000000002        0.0000000000000000                      +Infinity
 -0.20999999999999999       0.65400000000000003        0.0000000000000000                      +Infinity
 -0.20999999999999999       0.65800000000000003        0.0000000000000000                      +Infinity
 -0.20999999999999999       0.66200000000000003        0.0000000000000000                      +Infinity
 -0.20999999999999999       0.66600000000000004        0.0000000000000000                      +Infinity
 -0.20999999999999999       0.67000000000000004        0.0000000000000000                      +Infinity
 -0.20999999999999999       0.67400000000000004        0.0000000000000000                      +Infinity
 -0.20999999999999999       0.67800000000000005        0.0000000000000000                      +Infinity
 -0.20999999999999999       0.68200000000000005        0.0000000000000000                      +Infinity
 -0.20999999999999999       0.68600000000000005        0.0000000000000000                      +Infinity
 -0.20999999999999999       0.68999999999999995        0.0000000000000000                      +Infinity
 -0.20999999999999999       0.69399999999999995        0.0000000000000000                      +Infinity
 -0.20999999999999999       0.69799999999999995        0.0000000000000000                      +Infinity
 -0.20999999999999999       0.70199999999999996        0.0000000000000000                      +Infinity
 -0.20999999999999999       0.70599999999999996        0.0000000000000000                      +Infinity
 -0.20999999999999999       0.70999999999999996        0.0000000000000000                      +Infinity
 -0.20999999999999999       0.71399999999999997        0.0000000000000000                      +Infinity
 -0.20999999999999999       0.71799999999999997        0.0000000000000000                      +Infinity
 -0.20999999999999999       0.72199999999999998        0.0000000000000000                      +Infinity
 -0.20999999999999999       0.72599999999999998        0.0000000000000000                      +Infinity
 -0.20999999999999999       0.72999999999999998        0.0000000000000000                      +Infinity
 -0.20999999999999999       0.73399999999999999        0.0000000000000000                      +Infinity
 -0.20999999999999999       0.73799999999999999        0.0000000000000000                      +Infinity
 -0.20999999999999999       0.74199999999999999        0.0000000000000000                      +Infinity
 -0.20999999999999999       0.74600000000000000        0.0000000000000000                      +Infinity
 -0.20999999999999999       0.75000000000000000        0.0000000000000000                      +Infinity
 -0.20999999999999999       0.75400000000000000        0.0000000000000000                      +Infinity
 -0.20999999999999999       0.75800000000000001        0.0000000000000000                      +Infinity
 -0.20999999999999999       0.76200000000000001        0.0000000000000000                      +Infinity
 -0.20999999999999999       0.76600000000000001        0.0000000000000000                      +Infinity
 -0.20999999999999999       0.77000000000000002        0.0000000000000000                      +Infinity
 -0.20999999999999999       0.77400000000000002        0.0000000000000000                      +Infinity
 -0.20999999999999999       0.77800000000000002        0.0000000000000000                      +Infinity
 -0.20999999999999999       0.78200000000000003       3.83999999999999997E-009   19.377793470346777
 -0.20999999999999999       0.78600000000000003       3.83200000000000017E-008   17.077293883843751
 -0.20999999999999999       0.79000000000000004       2.13599999999999974E-008   17.661745822854417
 -0.20999999999999999       0.79400000000000004       3.15999999999999984E-008   17.270108716353544
 -0.20999999999999999       0.79800000000000004       5.24799999999999974E-008   16.762833692310579
 -0.20999999999999999       0.80200000000000005       7.08799999999999968E-008   16.462277530649587
 -0.20999999999999999       0.80600000000000005       1.92400000000000002E-007   15.463689298714804
 -0.20999999999999999       0.81000000000000005       2.14400000000000014E-007   15.355422407749764
 -0.20999999999999999       0.81399999999999995       3.79599999999999985E-007   14.784147770210639
 -0.20999999999999999       0.81799999999999995       6.21679999999999992E-007   14.290840346045425
 -0.20999999999999999       0.82199999999999995       6.60160000000000003E-007   14.230783607063524
 -0.20999999999999999       0.82599999999999996       1.15607999999999991E-006   13.670475585956336
 -0.20999999999999999       0.82999999999999996       1.69063999999999979E-006   13.290403402492515
 -0.20999999999999999       0.83399999999999996       2.43112000000000003E-006   12.927158501446268
 -0.20999999999999999       0.83799999999999997       2.94880000000000004E-006   12.734112250030853
 -0.20999999999999999       0.84199999999999997       4.57528000000000035E-006   12.294842658923775
 -0.20999999999999999       0.84599999999999997       6.41888000000000079E-006   11.956266910310079
 -0.20999999999999999       0.84999999999999998       1.07369599999999996E-005   11.441818562954625
 -0.20999999999999999       0.85399999999999998       1.58243200000000017E-005   11.053962560841473
 -0.20999999999999999       0.85799999999999998       2.34832000000000024E-005   10.659225286089477
 -0.20999999999999999       0.86199999999999999       3.67272800000000018E-005   10.211990754781713
 -0.20999999999999999       0.86599999999999999       5.67768799999999937E-005   9.7763813573548752
 -0.20999999999999999       0.87000000000000000       9.09910399999999995E-005   9.3047495178335407
 -0.20999999999999999       0.87400000000000000       1.42458720000000007E-004   8.8564582844326711
 -0.20999999999999999       0.87800000000000000       2.30909839999999985E-004   8.3734832266608361
 -0.20999999999999999       0.88200000000000001       3.93152319999999988E-004   7.8413134384885836
 -0.20999999999999999       0.88600000000000001       6.57754320000000000E-004   7.3266790702205142
 -0.20999999999999999       0.89000000000000001       1.10747416000000001E-003   6.8056733881456175
 -0.20999999999999999       0.89400000000000002       1.87883823999999999E-003   6.2771016506014874
 -0.20999999999999999       0.89800000000000002       3.19950463999999976E-003   5.7447592811592125
 -0.20999999999999999       0.90200000000000002       5.35530639999999992E-003   5.2296673591655987
 -0.20999999999999999       0.90600000000000003       8.94056896000000080E-003   4.7171560497636182
 -0.20999999999999999       0.91000000000000003       1.46187509599999994E-002   4.2254502619626981
 -0.20999999999999999       0.91400000000000003       2.33445843200000003E-002   3.7573902566719304
 -0.20999999999999999       0.91800000000000004       3.60044870399999981E-002   3.3241117082929463
 -0.20999999999999999       0.92200000000000004       5.31720886400000037E-002   2.9342216699353694
 -0.20999999999999999       0.92600000000000005       7.44434958399999985E-002   2.5977148864622914
 -0.20999999999999999       0.93000000000000005       9.76840084800000008E-002   2.3260174131666398
 -0.20999999999999999       0.93400000000000005       0.11867752088000000        2.1313453728912792
 -0.20999999999999999       0.93799999999999994       0.13146077247999999        2.0290467800039229
 -0.20999999999999999       0.94199999999999995       0.13054704320000002        2.0360216328870524
 -0.20999999999999999       0.94599999999999995       0.11401293912000000        2.1714433359757672
 -0.20999999999999999       0.94999999999999996       8.58915147999999989E-002   2.4546702348477076
 -0.20999999999999999       0.95399999999999996       5.43458231199999975E-002   2.9123875198860874
 -0.20999999999999999       0.95799999999999996       2.79875882400000033E-002   3.5759941442261463
 -0.20999999999999999       0.96199999999999997       1.13026457600000005E-002   4.4827184426167808
 -0.20999999999999999       0.96599999999999997       3.45722271999999997E-003   5.6672896943151834
 -0.20999999999999999       0.96999999999999997       7.64448159999999940E-004   7.1763563439198004
 -0.20999999999999999       0.97399999999999998       1.12533919999999998E-004   9.0922558706540286
 -0.20999999999999999       0.97799999999999998       9.78159999999999966E-006   11.535007488116431
 -0.20999999999999999       0.98199999999999998       7.25280000000000046E-007   14.136708049753873
 -0.20999999999999999       0.98599999999999999       1.06399999999999997E-008   18.358645353032912
 -0.20999999999999999       0.98999999999999999        0.0000000000000000                      +Infinity
 -0.20999999999999999       0.99399999999999999        0.0000000000000000                      +Infinity
 -0.20999999999999999       0.99800000000000000        0.0000000000000000                      +Infinity
