 -0.34999999999999998      -0.99800000000000000        0.0000000000000000                      +Infinity
 -0.34999999999999998      -0.99399999999999999        0.0000000000000000                      +Infinity
 -0.34999999999999998      -0.98999999999999999        0.0000000000000000                      +Infinity
 -0.34999999999999998      -0.98599999999999999        0.0000000000000000                      +Infinity
 -0.34999999999999998      -0.98199999999999998        0.0000000000000000                      +Infinity
 -0.34999999999999998      -0.97799999999999998        0.0000000000000000                      +Infinity
 -0.34999999999999998      -0.97399999999999998        0.0000000000000000                      +Infinity
 -0.34999999999999998      -0.96999999999999997        0.0000000000000000                      +Infinity
 -0.34999999999999998      -0.96599999999999997        0.0000000000000000                      +Infinity
 -0.34999999999999998      -0.96199999999999997        0.0000000000000000                      +Infinity
 -0.34999999999999998      -0.95799999999999996        0.0000000000000000                      +Infinity
 -0.34999999999999998      -0.95399999999999996        0.0000000000000000                      +Infinity
 -0.34999999999999998      -0.94999999999999996        0.0000000000000000                      +Infinity
 -0.34999999999999998      -0.94599999999999995        0.0000000000000000                      +Infinity
 -0.34999999999999998      -0.94199999999999995        0.0000000000000000                      +Infinity
 -0.34999999999999998      -0.93799999999999994        0.0000000000000000                      +Infinity
 -0.34999999999999998      -0.93400000000000005        0.0000000000000000                      +Infinity
 -0.34999999999999998      -0.93000000000000005        0.0000000000000000                      +Infinity
 -0.34999999999999998      -0.92600000000000005        0.0000000000000000                      +Infinity
 -0.34999999999999998      -0.92200000000000004        0.0000000000000000                      +Infinity
 -0.34999999999999998      -0.91800000000000004        0.0000000000000000                      +Infinity
 -0.34999999999999998      -0.91400000000000003        0.0000000000000000                      +Infinity
 -0.34999999999999998      -0.91000000000000003        0.0000000000000000                      +Infinity
 -0.34999999999999998      -0.90600000000000003        0.0000000000000000                      +Infinity
 -0.34999999999999998      -0.90200000000000002        0.0000000000000000                      +Infinity
 -0.34999999999999998      -0.89800000000000002        0.0000000000000000                      +Infinity
 -0.34999999999999998      -0.89400000000000002        0.0000000000000000                      +Infinity
 -0.34999999999999998      -0.89000000000000001        0.0000000000000000                      +Infinity
 -0.34999999999999998      -0.88600000000000001        0.0000000000000000                      +Infinity
 -0.34999999999999998      -0.88200000000000001        0.0000000000000000                      +Infinity
 -0.34999999999999998      -0.87800000000000000        0.0000000000000000                      +Infinity
 -0.34999999999999998      -0.87400000000000000        0.0000000000000000                      +Infinity
 -0.34999999999999998      -0.87000000000000000        0.0000000000000000                      +Infinity
 -0.34999999999999998      -0.86599999999999999        0.0000000000000000                      +Infinity
 -0.34999999999999998      -0.86199999999999999        0.0000000000000000                      +Infinity
 -0.34999999999999998      -0.85799999999999998        0.0000000000000000                      +Infinity
 -0.34999999999999998      -0.85399999999999998        0.0000000000000000                      +Infinity
 -0.34999999999999998      -0.84999999999999998        0.0000000000000000                      +Infinity
 -0.34999999999999998      -0.84599999999999997        0.0000000000000000                      +Infinity
 -0.34999999999999998      -0.84199999999999997        0.0000000000000000                      +Infinity
 -0.34999999999999998      -0.83799999999999997        0.0000000000000000                      +Infinity
 -0.34999999999999998      -0.83399999999999996        0.0000000000000000                      +Infinity
 -0.34999999999999998      -0.82999999999999996        0.0000000000000000                      +Infinity
 -0.34999999999999998      -0.82599999999999996        0.0000000000000000                      +Infinity
 -0.34999999999999998      -0.82199999999999995        0.0000000000000000                      +Infinity
 -0.34999999999999998      -0.81799999999999995        0.0000000000000000                      +Infinity
 -0.34999999999999998      -0.81399999999999995        0.0000000000000000                      +Infinity
 -0.34999999999999998      -0.81000000000000005        0.0000000000000000                      +Infinity
 -0.34999999999999998      -0.80600000000000005        0.0000000000000000                      +Infinity
 -0.34999999999999998      -0.80200000000000005        0.0000000000000000                      +Infinity
 -0.34999999999999998      -0.79800000000000004        0.0000000000000000                      +Infinity
 -0.34999999999999998      -0.79400000000000004        0.0000000000000000                      +Infinity
 -0.34999999999999998      -0.79000000000000004        0.0000000000000000                      +Infinity
 -0.34999999999999998      -0.78600000000000003        0.0000000000000000                      +Infinity
 -0.34999999999999998      -0.78200000000000003        0.0000000000000000                      +Infinity
 -0.34999999999999998      -0.77800000000000002        0.0000000000000000                      +Infinity
 -0.34999999999999998      -0.77400000000000002        0.0000000000000000                      +Infinity
 -0.34999999999999998      -0.77000000000000002        0.0000000000000000                      +Infinity
 -0.34999999999999998      -0.76600000000000001        0.0000000000000000                      +Infinity
 -0.34999999999999998      -0.76200000000000001        0.0000000000000000                      +Infinity
 -0.34999999999999998      -0.75800000000000001        0.0000000000000000                      +Infinity
 -0.34999999999999998      -0.75400000000000000        0.0000000000000000                      +Infinity
 -0.34999999999999998      -0.75000000000000000        0.0000000000000000                      +Infinity
 -0.34999999999999998      -0.74600000000000000        0.0000000000000000                      +Infinity
 -0.34999999999999998      -0.74199999999999999        0.0000000000000000                      +Infinity
 -0.34999999999999998      -0.73799999999999999        0.0000000000000000                      +Infinity
 -0.34999999999999998      -0.73399999999999999        0.0000000000000000                      +Infinity
 -0.34999999999999998      -0.72999999999999998        0.0000000000000000                      +Infinity
 -0.34999999999999998      -0.72599999999999998        0.0000000000000000                      +Infinity
 -0.34999999999999998      -0.72199999999999998        0.0000000000000000                      +Infinity
 -0.34999999999999998      -0.71799999999999997        0.0000000000000000                      +Infinity
 -0.34999999999999998      -0.71399999999999997        0.0000000000000000                      +Infinity
 -0.34999999999999998      -0.70999999999999996        0.0000000000000000                      +Infinity
 -0.34999999999999998      -0.70599999999999996        0.0000000000000000                      +Infinity
 -0.34999999999999998      -0.70199999999999996        0.0000000000000000                      +Infinity
 -0.34999999999999998      -0.69799999999999995        0.0000000000000000                      +Infinity
 -0.34999999999999998      -0.69399999999999995        0.0000000000000000                      +Infinity
 -0.34999999999999998      -0.68999999999999995        0.0000000000000000                      +Infinity
 -0.34999999999999998      -0.68600000000000005        0.0000000000000000                      +Infinity
 -0.34999999999999998      -0.68200000000000005        0.0000000000000000                      +Infinity
 -0.34999999999999998      -0.67800000000000005        0.0000000000000000                      +Infinity
 -0.34999999999999998      -0.67400000000000004        0.0000000000000000                      +Infinity
 -0.34999999999999998      -0.67000000000000004        0.0000000000000000                      +Infinity
 -0.34999999999999998      -0.66600000000000004        0.0000000000000000                      +Infinity
 -0.34999999999999998      -0.66200000000000003        0.0000000000000000                      +Infinity
 -0.34999999999999998      -0.65800000000000003        0.0000000000000000                      +Infinity
 -0.34999999999999998      -0.65400000000000003        0.0000000000000000                      +Infinity
 -0.34999999999999998      -0.65000000000000002        0.0000000000000000                      +Infinity
 -0.34999999999999998      -0.64600000000000002        0.0000000000000000                      +Infinity
 -0.34999999999999998      -0.64200000000000002        0.0000000000000000                      +Infinity
 -0.34999999999999998      -0.63800000000000001        0.0000000000000000                      +Infinity
 -0.34999999999999998      -0.63400000000000001        0.0000000000000000                      +Infinity
 -0.34999999999999998      -0.63000000000000000        0.0000000000000000                      +Infinity
 -0.34999999999999998      -0.62600000000000000        0.0000000000000000                      +Infinity
 -0.34999999999999998      -0.62200000000000000        0.0000000000000000                      +Infinity
 -0.34999999999999998      -0.61799999999999999        0.0000000000000000                      +Infinity
 -0.34999999999999998      -0.61399999999999999        0.0000000000000000                      +Infinity
 -0.34999999999999998      -0.60999999999999999        0.0000000000000000                      +Infinity
 -0.34999999999999998      -0.60599999999999998        0.0000000000000000                      +Infinity
 -0.34999999999999998      -0.60199999999999998        0.0000000000000000                      +Infinity
 -0.34999999999999998      -0.59799999999999998        0.0000000000000000                      +Infinity
 -0.34999999999999998      -0.59399999999999997        0.0000000000000000                      +Infinity
 -0.34999999999999998      -0.58999999999999997        0.0000000000000000                      +Infinity
 -0.34999999999999998      -0.58599999999999997        0.0000000000000000                      +Infinity
 -0.34999999999999998      -0.58199999999999996        0.0000000000000000                      +Infinity
 -0.34999999999999998      -0.57799999999999996        0.0000000000000000                      +Infinity
 -0.34999999999999998      -0.57399999999999995        0.0000000000000000                      +Infinity
 -0.34999999999999998      -0.56999999999999995        0.0000000000000000                      +Infinity
 -0.34999999999999998      -0.56599999999999995        0.0000000000000000                      +Infinity
 -0.34999999999999998      -0.56200000000000006        0.0000000000000000                      +Infinity
 -0.34999999999999998      -0.55800000000000005        0.0000000000000000                      +Infinity
 -0.34999999999999998      -0.55400000000000005        0.0000000000000000                      +Infinity
 -0.34999999999999998      -0.55000000000000004        0.0000000000000000                      +Infinity
 -0.34999999999999998      -0.54600000000000004        0.0000000000000000                      +Infinity
 -0.34999999999999998      -0.54200000000000004        0.0000000000000000                      +Infinity
 -0.34999999999999998      -0.53800000000000003        0.0000000000000000                      +Infinity
 -0.34999999999999998      -0.53400000000000003        0.0000000000000000                      +Infinity
 -0.34999999999999998      -0.53000000000000003        0.0000000000000000                      +Infinity
 -0.34999999999999998      -0.52600000000000002        0.0000000000000000                      +Infinity
 -0.34999999999999998      -0.52200000000000002        0.0000000000000000                      +Infinity
 -0.34999999999999998      -0.51800000000000002        0.0000000000000000                      +Infinity
 -0.34999999999999998      -0.51400000000000001        0.0000000000000000                      +Infinity
 -0.34999999999999998      -0.51000000000000001        0.0000000000000000                      +Infinity
 -0.34999999999999998      -0.50600000000000001        0.0000000000000000                      +Infinity
 -0.34999999999999998      -0.50200000000000000        0.0000000000000000                      +Infinity
 -0.34999999999999998      -0.49800000000000000        0.0000000000000000                      +Infinity
 -0.34999999999999998      -0.49399999999999999        0.0000000000000000                      +Infinity
 -0.34999999999999998      -0.48999999999999999        0.0000000000000000                      +Infinity
 -0.34999999999999998      -0.48599999999999999        0.0000000000000000                      +Infinity
 -0.34999999999999998      -0.48199999999999998        0.0000000000000000                      +Infinity
 -0.34999999999999998      -0.47799999999999998        0.0000000000000000                      +Infinity
 -0.34999999999999998      -0.47399999999999998        0.0000000000000000                      +Infinity
 -0.34999999999999998      -0.46999999999999997        0.0000000000000000                      +Infinity
 -0.34999999999999998      -0.46600000000000003        0.0000000000000000                      +Infinity
 -0.34999999999999998      -0.46200000000000002        0.0000000000000000                      +Infinity
 -0.34999999999999998      -0.45800000000000002        0.0000000000000000                      +Infinity
 -0.34999999999999998      -0.45400000000000001        0.0000000000000000                      +Infinity
 -0.34999999999999998      -0.45000000000000001        0.0000000000000000                      +Infinity
 -0.34999999999999998      -0.44600000000000001        0.0000000000000000                      +Infinity
 -0.34999999999999998      -0.44200000000000000        0.0000000000000000                      +Infinity
 -0.34999999999999998      -0.43800000000000000        0.0000000000000000                      +Infinity
 -0.34999999999999998      -0.43400000000000000        0.0000000000000000                      +Infinity
 -0.34999999999999998      -0.42999999999999999        0.0000000000000000                      +Infinity
 -0.34999999999999998      -0.42599999999999999        0.0000000000000000                      +Infinity
 -0.34999999999999998      -0.42199999999999999        0.0000000000000000                      +Infinity
 -0.34999999999999998      -0.41799999999999998        0.0000000000000000                      +Infinity
 -0.34999999999999998      -0.41399999999999998        0.0000000000000000                      +Infinity
 -0.34999999999999998      -0.40999999999999998        0.0000000000000000                      +Infinity
 -0.34999999999999998      -0.40600000000000003        0.0000000000000000                      +Infinity
 -0.34999999999999998      -0.40200000000000002        0.0000000000000000                      +Infinity
 -0.34999999999999998      -0.39800000000000002        0.0000000000000000                      +Infinity
 -0.34999999999999998      -0.39400000000000002        0.0000000000000000                      +Infinity
 -0.34999999999999998      -0.39000000000000001        0.0000000000000000                      +Infinity
 -0.34999999999999998      -0.38600000000000001        0.0000000000000000                      +Infinity
 -0.34999999999999998      -0.38200000000000001        0.0000000000000000                      +Infinity
 -0.34999999999999998      -0.37800000000000000        0.0000000000000000                      +Infinity
 -0.34999999999999998      -0.37400000000000000        0.0000000000000000                      +Infinity
 -0.34999999999999998      -0.37000000000000000        0.0000000000000000                      +Infinity
 -0.34999999999999998      -0.36599999999999999        0.0000000000000000                      +Infinity
 -0.34999999999999998      -0.36199999999999999        0.0000000000000000                      +Infinity
 -0.34999999999999998      -0.35799999999999998        0.0000000000000000                      +Infinity
 -0.34999999999999998      -0.35399999999999998        0.0000000000000000                      +Infinity
 -0.34999999999999998      -0.34999999999999998        0.0000000000000000                      +Infinity
 -0.34999999999999998      -0.34599999999999997        0.0000000000000000                      +Infinity
 -0.34999999999999998      -0.34200000000000003        0.0000000000000000                      +Infinity
 -0.34999999999999998      -0.33800000000000002        0.0000000000000000                      +Infinity
 -0.34999999999999998      -0.33400000000000002        0.0000000000000000                      +Infinity
 -0.34999999999999998      -0.33000000000000002        0.0000000000000000                      +Infinity
 -0.34999999999999998      -0.32600000000000001        0.0000000000000000                      +Infinity
 -0.34999999999999998      -0.32200000000000001        0.0000000000000000                      +Infinity
 -0.34999999999999998      -0.31800000000000000        0.0000000000000000                      +Infinity
 -0.34999999999999998      -0.31400000000000000        0.0000000000000000                      +Infinity
 -0.34999999999999998      -0.31000000000000000        0.0000000000000000                      +Infinity
 -0.34999999999999998      -0.30599999999999999        0.0000000000000000                      +Infinity
 -0.34999999999999998      -0.30199999999999999        0.0000000000000000                      +Infinity
 -0.34999999999999998      -0.29799999999999999        0.0000000000000000                      +Infinity
 -0.34999999999999998      -0.29399999999999998        0.0000000000000000                      +Infinity
 -0.34999999999999998      -0.28999999999999998        0.0000000000000000                      +Infinity
 -0.34999999999999998      -0.28599999999999998        0.0000000000000000                      +Infinity
 -0.34999999999999998      -0.28199999999999997        0.0000000000000000                      +Infinity
 -0.34999999999999998      -0.27800000000000002        0.0000000000000000                      +Infinity
 -0.34999999999999998      -0.27400000000000002        0.0000000000000000                      +Infinity
 -0.34999999999999998      -0.27000000000000002        0.0000000000000000                      +Infinity
 -0.34999999999999998      -0.26600000000000001        0.0000000000000000                      +Infinity
 -0.34999999999999998      -0.26200000000000001        0.0000000000000000                      +Infinity
 -0.34999999999999998      -0.25800000000000001        0.0000000000000000                      +Infinity
 -0.34999999999999998      -0.25400000000000000        0.0000000000000000                      +Infinity
 -0.34999999999999998      -0.25000000000000000        0.0000000000000000                      +Infinity
 -0.34999999999999998      -0.24600000000000000        0.0000000000000000                      +Infinity
 -0.34999999999999998      -0.24199999999999999        0.0000000000000000                      +Infinity
 -0.34999999999999998      -0.23799999999999999        0.0000000000000000                      +Infinity
 -0.34999999999999998      -0.23400000000000001        0.0000000000000000                      +Infinity
 -0.34999999999999998      -0.23000000000000001        0.0000000000000000                      +Infinity
 -0.34999999999999998      -0.22600000000000001        0.0000000000000000                      +Infinity
 -0.34999999999999998      -0.22200000000000000        0.0000000000000000                      +Infinity
 -0.34999999999999998      -0.21800000000000000        0.0000000000000000                      +Infinity
 -0.34999999999999998      -0.21400000000000000        0.0000000000000000                      +Infinity
 -0.34999999999999998      -0.20999999999999999        0.0000000000000000                      +Infinity
 -0.34999999999999998      -0.20599999999999999        0.0000000000000000                      +Infinity
 -0.34999999999999998      -0.20200000000000001        0.0000000000000000                      +Infinity
 -0.34999999999999998      -0.19800000000000001        0.0000000000000000                      +Infinity
 -0.34999999999999998      -0.19400000000000001        0.0000000000000000                      +Infinity
 -0.34999999999999998      -0.19000000000000000        0.0000000000000000                      +Infinity
 -0.34999999999999998      -0.18600000000000000        0.0000000000000000                      +Infinity
 -0.34999999999999998      -0.18200000000000000        0.0000000000000000                      +Infinity
 -0.34999999999999998      -0.17799999999999999        0.0000000000000000                      +Infinity
 -0.34999999999999998      -0.17399999999999999        0.0000000000000000                      +Infinity
 -0.34999999999999998      -0.17000000000000001        0.0000000000000000                      +Infinity
 -0.34999999999999998      -0.16600000000000001        0.0000000000000000                      +Infinity
 -0.34999999999999998      -0.16200000000000001        0.0000000000000000                      +Infinity
 -0.34999999999999998      -0.15800000000000000        0.0000000000000000                      +Infinity
 -0.34999999999999998      -0.15400000000000000        0.0000000000000000                      +Infinity
 -0.34999999999999998      -0.14999999999999999        0.0000000000000000                      +Infinity
 -0.34999999999999998      -0.14599999999999999        0.0000000000000000                      +Infinity
 -0.34999999999999998      -0.14199999999999999        0.0000000000000000                      +Infinity
 -0.34999999999999998      -0.13800000000000001        0.0000000000000000                      +Infinity
 -0.34999999999999998      -0.13400000000000001        0.0000000000000000                      +Infinity
 -0.34999999999999998      -0.13000000000000000        0.0000000000000000                      +Infinity
 -0.34999999999999998      -0.12600000000000000        0.0000000000000000                      +Infinity
 -0.34999999999999998      -0.12200000000000000        0.0000000000000000                      +Infinity
 -0.34999999999999998      -0.11799999999999999        0.0000000000000000                      +Infinity
 -0.34999999999999998      -0.11400000000000000        0.0000000000000000                      +Infinity
 -0.34999999999999998      -0.11000000000000000        0.0000000000000000                      +Infinity
 -0.34999999999999998      -0.10600000000000000        0.0000000000000000                      +Infinity
 -0.34999999999999998      -0.10199999999999999        0.0000000000000000                      +Infinity
 -0.34999999999999998      -9.80000000000000038E-002   0.0000000000000000                      +Infinity
 -0.34999999999999998      -9.40000000000000002E-002   0.0000000000000000                      +Infinity
 -0.34999999999999998      -8.99999999999999967E-002   0.0000000000000000                      +Infinity
 -0.34999999999999998      -8.59999999999999931E-002   0.0000000000000000                      +Infinity
 -0.34999999999999998      -8.20000000000000034E-002   0.0000000000000000                      +Infinity
 -0.34999999999999998      -7.79999999999999999E-002   0.0000000000000000                      +Infinity
 -0.34999999999999998      -7.39999999999999963E-002   0.0000000000000000                      +Infinity
 -0.34999999999999998      -7.00000000000000067E-002   0.0000000000000000                      +Infinity
 -0.34999999999999998      -6.60000000000000031E-002   0.0000000000000000                      +Infinity
 -0.34999999999999998      -6.19999999999999996E-002   0.0000000000000000                      +Infinity
 -0.34999999999999998      -5.80000000000000029E-002   0.0000000000000000                      +Infinity
 -0.34999999999999998      -5.39999999999999994E-002   0.0000000000000000                      +Infinity
 -0.34999999999999998      -5.00000000000000028E-002   0.0000000000000000                      +Infinity
 -0.34999999999999998      -4.59999999999999992E-002   0.0000000000000000                      +Infinity
 -0.34999999999999998      -4.20000000000000026E-002   0.0000000000000000                      +Infinity
 -0.34999999999999998      -3.79999999999999991E-002   0.0000000000000000                      +Infinity
 -0.34999999999999998      -3.40000000000000024E-002   0.0000000000000000                      +Infinity
 -0.34999999999999998      -2.99999999999999989E-002   0.0000000000000000                      +Infinity
 -0.34999999999999998      -2.59999999999999988E-002   0.0000000000000000                      +Infinity
 -0.34999999999999998      -2.19999999999999987E-002   0.0000000000000000                      +Infinity
 -0.34999999999999998      -1.79999999999999986E-002   0.0000000000000000                      +Infinity
 -0.34999999999999998      -1.40000000000000003E-002   0.0000000000000000                      +Infinity
 -0.34999999999999998      -1.00000000000000002E-002   0.0000000000000000                      +Infinity
 -0.34999999999999998      -6.00000000000000012E-003   0.0000000000000000                      +Infinity
 -0.34999999999999998      -2.00000000000000004E-003   0.0000000000000000                      +Infinity
 -0.34999999999999998       2.00000000000000004E-003   0.0000000000000000                      +Infinity
 -0.34999999999999998       6.00000000000000012E-003   0.0000000000000000                      +Infinity
 -0.34999999999999998       1.00000000000000002E-002   0.0000000000000000                      +Infinity
 -0.34999999999999998       1.40000000000000003E-002   0.0000000000000000                      +Infinity
 -0.34999999999999998       1.79999999999999986E-002   0.0000000000000000                      +Infinity
 -0.34999999999999998       2.19999999999999987E-002   0.0000000000000000                      +Infinity
 -0.34999999999999998       2.59999999999999988E-002   0.0000000000000000                      +Infinity
 -0.34999999999999998       2.99999999999999989E-002   0.0000000000000000                      +Infinity
 -0.34999999999999998       3.40000000000000024E-002   0.0000000000000000                      +Infinity
 -0.34999999999999998       3.79999999999999991E-002   0.0000000000000000                      +Infinity
 -0.34999999999999998       4.20000000000000026E-002   0.0000000000000000                      +Infinity
 -0.34999999999999998       4.59999999999999992E-002   0.0000000000000000                      +Infinity
 -0.34999999999999998       5.00000000000000028E-002   0.0000000000000000                      +Infinity
 -0.34999999999999998       5.39999999999999994E-002   0.0000000000000000                      +Infinity
 -0.34999999999999998       5.80000000000000029E-002   0.0000000000000000                      +Infinity
 -0.34999999999999998       6.19999999999999996E-002   0.0000000000000000                      +Infinity
 -0.34999999999999998       6.60000000000000031E-002   0.0000000000000000                      +Infinity
 -0.34999999999999998       7.00000000000000067E-002   0.0000000000000000                      +Infinity
 -0.34999999999999998       7.39999999999999963E-002   0.0000000000000000                      +Infinity
 -0.34999999999999998       7.79999999999999999E-002   0.0000000000000000                      +Infinity
 -0.34999999999999998       8.20000000000000034E-002   0.0000000000000000                      +Infinity
 -0.34999999999999998       8.59999999999999931E-002   0.0000000000000000                      +Infinity
 -0.34999999999999998       8.99999999999999967E-002   0.0000000000000000                      +Infinity
 -0.34999999999999998       9.40000000000000002E-002   0.0000000000000000                      +Infinity
 -0.34999999999999998       9.80000000000000038E-002   0.0000000000000000                      +Infinity
 -0.34999999999999998       0.10199999999999999        0.0000000000000000                      +Infinity
 -0.34999999999999998       0.10600000000000000        0.0000000000000000                      +Infinity
 -0.34999999999999998       0.11000000000000000        0.0000000000000000                      +Infinity
 -0.34999999999999998       0.11400000000000000        0.0000000000000000                      +Infinity
 -0.34999999999999998       0.11799999999999999        0.0000000000000000                      +Infinity
 -0.34999999999999998       0.12200000000000000        0.0000000000000000                      +Infinity
 -0.34999999999999998       0.12600000000000000        0.0000000000000000                      +Infinity
 -0.34999999999999998       0.13000000000000000        0.0000000000000000                      +Infinity
 -0.34999999999999998       0.13400000000000001        0.0000000000000000                      +Infinity
 -0.34999999999999998       0.13800000000000001        0.0000000000000000                      +Infinity
 -0.34999999999999998       0.14199999999999999        0.0000000000000000                      +Infinity
 -0.34999999999999998       0.14599999999999999        0.0000000000000000                      +Infinity
 -0.34999999999999998       0.14999999999999999        0.0000000000000000                      +Infinity
 -0.34999999999999998       0.15400000000000000        0.0000000000000000                      +Infinity
 -0.34999999999999998       0.15800000000000000        0.0000000000000000                      +Infinity
 -0.34999999999999998       0.16200000000000001        0.0000000000000000                      +Infinity
 -0.34999999999999998       0.16600000000000001        0.0000000000000000                      +Infinity
 -0.34999999999999998       0.17000000000000001        0.0000000000000000                      +Infinity
 -0.34999999999999998       0.17399999999999999        0.0000000000000000                      +Infinity
 -0.34999999999999998       0.17799999999999999        0.0000000000000000                      +Infinity
 -0.34999999999999998       0.18200000000000000        0.0000000000000000                      +Infinity
 -0.34999999999999998       0.18600000000000000        0.0000000000000000                      +Infinity
 -0.34999999999999998       0.19000000000000000        0.0000000000000000                      +Infinity
 -0.34999999999999998       0.19400000000000001        0.0000000000000000                      +Infinity
 -0.34999999999999998       0.19800000000000001        0.0000000000000000                      +Infinity
 -0.34999999999999998       0.20200000000000001        0.0000000000000000                      +Infinity
 -0.34999999999999998       0.20599999999999999        0.0000000000000000                      +Infinity
 -0.34999999999999998       0.20999999999999999        0.0000000000000000                      +Infinity
 -0.34999999999999998       0.21400000000000000        0.0000000000000000                      +Infinity
 -0.34999999999999998       0.21800000000000000        0.0000000000000000                      +Infinity
 -0.34999999999999998       0.22200000000000000        0.0000000000000000                      +Infinity
 -0.34999999999999998       0.22600000000000001        0.0000000000000000                      +Infinity
 -0.34999999999999998       0.23000000000000001        0.0000000000000000                      +Infinity
 -0.34999999999999998       0.23400000000000001        0.0000000000000000                      +Infinity
 -0.34999999999999998       0.23799999999999999        0.0000000000000000                      +Infinity
 -0.34999999999999998       0.24199999999999999        0.0000000000000000                      +Infinity
 -0.34999999999999998       0.24600000000000000        0.0000000000000000                      +Infinity
 -0.34999999999999998       0.25000000000000000        0.0000000000000000                      +Infinity
 -0.34999999999999998       0.25400000000000000        0.0000000000000000                      +Infinity
 -0.34999999999999998       0.25800000000000001        0.0000000000000000                      +Infinity
 -0.34999999999999998       0.26200000000000001        0.0000000000000000                      +Infinity
 -0.34999999999999998       0.26600000000000001        0.0000000000000000                      +Infinity
 -0.34999999999999998       0.27000000000000002        0.0000000000000000                      +Infinity
 -0.34999999999999998       0.27400000000000002        0.0000000000000000                      +Infinity
 -0.34999999999999998       0.27800000000000002        0.0000000000000000                      +Infinity
 -0.34999999999999998       0.28199999999999997        0.0000000000000000                      +Infinity
 -0.34999999999999998       0.28599999999999998        0.0000000000000000                      +Infinity
 -0.34999999999999998       0.28999999999999998        0.0000000000000000                      +Infinity
 -0.34999999999999998       0.29399999999999998        0.0000000000000000                      +Infinity
 -0.34999999999999998       0.29799999999999999        0.0000000000000000                      +Infinity
 -0.34999999999999998       0.30199999999999999        0.0000000000000000                      +Infinity
 -0.34999999999999998       0.30599999999999999        0.0000000000000000                      +Infinity
 -0.34999999999999998       0.31000000000000000        0.0000000000000000                      +Infinity
 -0.34999999999999998       0.31400000000000000        0.0000000000000000                      +Infinity
 -0.34999999999999998       0.31800000000000000        0.0000000000000000                      +Infinity
 -0.34999999999999998       0.32200000000000001        0.0000000000000000                      +Infinity
 -0.34999999999999998       0.32600000000000001        0.0000000000000000                      +Infinity
 -0.34999999999999998       0.33000000000000002        0.0000000000000000                      +Infinity
 -0.34999999999999998       0.33400000000000002        0.0000000000000000                      +Infinity
 -0.34999999999999998       0.33800000000000002        0.0000000000000000                      +Infinity
 -0.34999999999999998       0.34200000000000003        0.0000000000000000                      +Infinity
 -0.34999999999999998       0.34599999999999997        0.0000000000000000                      +Infinity
 -0.34999999999999998       0.34999999999999998        0.0000000000000000                      +Infinity
 -0.34999999999999998       0.35399999999999998        0.0000000000000000                      +Infinity
 -0.34999999999999998       0.35799999999999998        0.0000000000000000                      +Infinity
 -0.34999999999999998       0.36199999999999999        0.0000000000000000                      +Infinity
 -0.34999999999999998       0.36599999999999999        0.0000000000000000                      +Infinity
 -0.34999999999999998       0.37000000000000000        0.0000000000000000                      +Infinity
 -0.34999999999999998       0.37400000000000000        0.0000000000000000                      +Infinity
 -0.34999999999999998       0.37800000000000000        0.0000000000000000                      +Infinity
 -0.34999999999999998       0.38200000000000001        0.0000000000000000                      +Infinity
 -0.34999999999999998       0.38600000000000001        0.0000000000000000                      +Infinity
 -0.34999999999999998       0.39000000000000001        0.0000000000000000                      +Infinity
 -0.34999999999999998       0.39400000000000002        0.0000000000000000                      +Infinity
 -0.34999999999999998       0.39800000000000002        0.0000000000000000                      +Infinity
 -0.34999999999999998       0.40200000000000002        0.0000000000000000                      +Infinity
 -0.34999999999999998       0.40600000000000003        0.0000000000000000                      +Infinity
 -0.34999999999999998       0.40999999999999998        0.0000000000000000                      +Infinity
 -0.34999999999999998       0.41399999999999998        0.0000000000000000                      +Infinity
 -0.34999999999999998       0.41799999999999998        0.0000000000000000                      +Infinity
 -0.34999999999999998       0.42199999999999999        0.0000000000000000                      +Infinity
 -0.34999999999999998       0.42599999999999999        0.0000000000000000                      +Infinity
 -0.34999999999999998       0.42999999999999999        0.0000000000000000                      +Infinity
 -0.34999999999999998       0.43400000000000000        0.0000000000000000                      +Infinity
 -0.34999999999999998       0.43800000000000000        0.0000000000000000                      +Infinity
 -0.34999999999999998       0.44200000000000000        0.0000000000000000                      +Infinity
 -0.34999999999999998       0.44600000000000001        0.0000000000000000                      +Infinity
 -0.34999999999999998       0.45000000000000001        0.0000000000000000                      +Infinity
 -0.34999999999999998       0.45400000000000001        0.0000000000000000                      +Infinity
 -0.34999999999999998       0.45800000000000002        0.0000000000000000                      +Infinity
 -0.34999999999999998       0.46200000000000002        0.0000000000000000                      +Infinity
 -0.34999999999999998       0.46600000000000003        0.0000000000000000                      +Infinity
 -0.34999999999999998       0.46999999999999997        0.0000000000000000                      +Infinity
 -0.34999999999999998       0.47399999999999998        0.0000000000000000                      +Infinity
 -0.34999999999999998       0.47799999999999998        0.0000000000000000                      +Infinity
 -0.34999999999999998       0.48199999999999998        0.0000000000000000                      +Infinity
 -0.34999999999999998       0.48599999999999999        0.0000000000000000                      +Infinity
 -0.34999999999999998       0.48999999999999999        0.0000000000000000                      +Infinity
 -0.34999999999999998       0.49399999999999999        0.0000000000000000                      +Infinity
 -0.34999999999999998       0.49800000000000000        0.0000000000000000                      +Infinity
 -0.34999999999999998       0.50200000000000000        0.0000000000000000                      +Infinity
 -0.34999999999999998       0.50600000000000001        0.0000000000000000                      +Infinity
 -0.34999999999999998       0.51000000000000001        0.0000000000000000                      +Infinity
 -0.34999999999999998       0.51400000000000001        0.0000000000000000                      +Infinity
 -0.34999999999999998       0.51800000000000002        0.0000000000000000                      +Infinity
 -0.34999999999999998       0.52200000000000002        0.0000000000000000                      +Infinity
 -0.34999999999999998       0.52600000000000002        0.0000000000000000                      +Infinity
 -0.34999999999999998       0.53000000000000003        0.0000000000000000                      +Infinity
 -0.34999999999999998       0.53400000000000003        0.0000000000000000                      +Infinity
 -0.34999999999999998       0.53800000000000003        0.0000000000000000                      +Infinity
 -0.34999999999999998       0.54200000000000004        0.0000000000000000                      +Infinity
 -0.34999999999999998       0.54600000000000004        0.0000000000000000                      +Infinity
 -0.34999999999999998       0.55000000000000004        0.0000000000000000                      +Infinity
 -0.34999999999999998       0.55400000000000005        0.0000000000000000                      +Infinity
 -0.34999999999999998       0.55800000000000005        0.0000000000000000                      +Infinity
 -0.34999999999999998       0.56200000000000006        0.0000000000000000                      +Infinity
 -0.34999999999999998       0.56599999999999995        0.0000000000000000                      +Infinity
 -0.34999999999999998       0.56999999999999995        0.0000000000000000                      +Infinity
 -0.34999999999999998       0.57399999999999995        0.0000000000000000                      +Infinity
 -0.34999999999999998       0.57799999999999996        0.0000000000000000                      +Infinity
 -0.34999999999999998       0.58199999999999996        0.0000000000000000                      +Infinity
 -0.34999999999999998       0.58599999999999997        0.0000000000000000                      +Infinity
 -0.34999999999999998       0.58999999999999997        0.0000000000000000                      +Infinity
 -0.34999999999999998       0.59399999999999997        0.0000000000000000                      +Infinity
 -0.34999999999999998       0.59799999999999998        0.0000000000000000                      +Infinity
 -0.34999999999999998       0.60199999999999998        0.0000000000000000                      +Infinity
 -0.34999999999999998       0.60599999999999998        0.0000000000000000                      +Infinity
 -0.34999999999999998       0.60999999999999999        0.0000000000000000                      +Infinity
 -0.34999999999999998       0.61399999999999999        0.0000000000000000                      +Infinity
 -0.34999999999999998       0.61799999999999999        0.0000000000000000                      +Infinity
 -0.34999999999999998       0.62200000000000000        0.0000000000000000                      +Infinity
 -0.34999999999999998       0.62600000000000000        0.0000000000000000                      +Infinity
 -0.34999999999999998       0.63000000000000000        0.0000000000000000                      +Infinity
 -0.34999999999999998       0.63400000000000001        0.0000000000000000                      +Infinity
 -0.34999999999999998       0.63800000000000001        0.0000000000000000                      +Infinity
 -0.34999999999999998       0.64200000000000002        0.0000000000000000                      +Infinity
 -0.34999999999999998       0.64600000000000002        0.0000000000000000                      +Infinity
 -0.34999999999999998       0.65000000000000002        0.0000000000000000                      +Infinity
 -0.34999999999999998       0.65400000000000003        0.0000000000000000                      +Infinity
 -0.34999999999999998       0.65800000000000003        0.0000000000000000                      +Infinity
 -0.34999999999999998       0.66200000000000003        0.0000000000000000                      +Infinity
 -0.34999999999999998       0.66600000000000004        0.0000000000000000                      +Infinity
 -0.34999999999999998       0.67000000000000004        0.0000000000000000                      +Infinity
 -0.34999999999999998       0.67400000000000004        0.0000000000000000                      +Infinity
 -0.34999999999999998       0.67800000000000005        0.0000000000000000                      +Infinity
 -0.34999999999999998       0.68200000000000005        0.0000000000000000                      +Infinity
 -0.34999999999999998       0.68600000000000005        0.0000000000000000                      +Infinity
 -0.34999999999999998       0.68999999999999995        0.0000000000000000                      +Infinity
 -0.34999999999999998       0.69399999999999995        0.0000000000000000                      +Infinity
 -0.34999999999999998       0.69799999999999995        0.0000000000000000                      +Infinity
 -0.34999999999999998       0.70199999999999996        0.0000000000000000                      +Infinity
 -0.34999999999999998       0.70599999999999996        0.0000000000000000                      +Infinity
 -0.34999999999999998       0.70999999999999996        0.0000000000000000                      +Infinity
 -0.34999999999999998       0.71399999999999997        0.0000000000000000                      +Infinity
 -0.34999999999999998       0.71799999999999997        0.0000000000000000                      +Infinity
 -0.34999999999999998       0.72199999999999998        0.0000000000000000                      +Infinity
 -0.34999999999999998       0.72599999999999998        0.0000000000000000                      +Infinity
 -0.34999999999999998       0.72999999999999998        0.0000000000000000                      +Infinity
 -0.34999999999999998       0.73399999999999999        0.0000000000000000                      +Infinity
 -0.34999999999999998       0.73799999999999999        0.0000000000000000                      +Infinity
 -0.34999999999999998       0.74199999999999999        0.0000000000000000                      +Infinity
 -0.34999999999999998       0.74600000000000000        0.0000000000000000                      +Infinity
 -0.34999999999999998       0.75000000000000000        0.0000000000000000                      +Infinity
 -0.34999999999999998       0.75400000000000000        0.0000000000000000                      +Infinity
 -0.34999999999999998       0.75800000000000001        0.0000000000000000                      +Infinity
 -0.34999999999999998       0.76200000000000001        0.0000000000000000                      +Infinity
 -0.34999999999999998       0.76600000000000001        0.0000000000000000                      +Infinity
 -0.34999999999999998       0.77000000000000002        0.0000000000000000                      +Infinity
 -0.34999999999999998       0.77400000000000002        0.0000000000000000                      +Infinity
 -0.34999999999999998       0.77800000000000002        0.0000000000000000                      +Infinity
 -0.34999999999999998       0.78200000000000003        0.0000000000000000                      +Infinity
 -0.34999999999999998       0.78600000000000003        0.0000000000000000                      +Infinity
 -0.34999999999999998       0.79000000000000004        0.0000000000000000                      +Infinity
 -0.34999999999999998       0.79400000000000004        0.0000000000000000                      +Infinity
 -0.34999999999999998       0.79800000000000004        0.0000000000000000                      +Infinity
 -0.34999999999999998       0.80200000000000005        0.0000000000000000                      +Infinity
 -0.34999999999999998       0.80600000000000005        0.0000000000000000                      +Infinity
 -0.34999999999999998       0.81000000000000005        0.0000000000000000                      +Infinity
 -0.34999999999999998       0.81399999999999995        0.0000000000000000                      +Infinity
 -0.34999999999999998       0.81799999999999995        0.0000000000000000                      +Infinity
 -0.34999999999999998       0.82199999999999995        0.0000000000000000                      +Infinity
 -0.34999999999999998       0.82599999999999996        0.0000000000000000                      +Infinity
 -0.34999999999999998       0.82999999999999996        0.0000000000000000                      +Infinity
 -0.34999999999999998       0.83399999999999996        0.0000000000000000                      +Infinity
 -0.34999999999999998       0.83799999999999997        0.0000000000000000                      +Infinity
 -0.34999999999999998       0.84199999999999997        0.0000000000000000                      +Infinity
 -0.34999999999999998       0.84599999999999997        0.0000000000000000                      +Infinity
 -0.34999999999999998       0.84999999999999998        0.0000000000000000                      +Infinity
 -0.34999999999999998       0.85399999999999998        0.0000000000000000                      +Infinity
 -0.34999999999999998       0.85799999999999998        0.0000000000000000                      +Infinity
 -0.34999999999999998       0.86199999999999999        0.0000000000000000                      +Infinity
 -0.34999999999999998       0.86599999999999999        0.0000000000000000                      +Infinity
 -0.34999999999999998       0.87000000000000000        0.0000000000000000                      +Infinity
 -0.34999999999999998       0.87400000000000000        0.0000000000000000                      +Infinity
 -0.34999999999999998       0.87800000000000000        0.0000000000000000                      +Infinity
 -0.34999999999999998       0.88200000000000001        0.0000000000000000                      +Infinity
 -0.34999999999999998       0.88600000000000001        0.0000000000000000                      +Infinity
 -0.34999999999999998       0.89000000000000001        0.0000000000000000                      +Infinity
 -0.34999999999999998       0.89400000000000002        0.0000000000000000                      +Infinity
 -0.34999999999999998       0.89800000000000002        0.0000000000000000                      +Infinity
 -0.34999999999999998       0.90200000000000002       1.95199999999999988E-008   17.751826255961465
 -0.34999999999999998       0.90600000000000003       2.75440000000000036E-007   15.104896017916143
 -0.34999999999999998       0.91000000000000003       6.07279999999999969E-007   14.314275867237898
 -0.34999999999999998       0.91400000000000003       9.12800000000000074E-007   13.906749038398544
 -0.34999999999999998       0.91800000000000004       1.90959999999999989E-006   13.168616761921792
 -0.34999999999999998       0.92200000000000004       5.65719999999999981E-006   12.082581487800066
 -0.34999999999999998       0.92600000000000005       1.58135200000000017E-005   11.054645287628100
 -0.34999999999999998       0.93000000000000005       4.36976799999999987E-005   10.038215546516865
 -0.34999999999999998       0.93400000000000005       1.29331520000000008E-004   8.9531315277259562
 -0.34999999999999998       0.93799999999999994       3.92532800000000017E-004   7.8428904573543470
 -0.34999999999999998       0.94199999999999995       1.17778512000000016E-003   6.7441196212575019
 -0.34999999999999998       0.94599999999999995       3.50428879999999977E-003   5.6537676892130166
 -0.34999999999999998       0.94999999999999996       9.80698351999999968E-003   4.6246605430057102
 -0.34999999999999998       0.95399999999999996       2.54407740799999990E-002   3.6714021133001720
 -0.34999999999999998       0.95799999999999996       5.87047948000000014E-002   2.8352338723493893
 -0.34999999999999998       0.96199999999999997       0.11567231288000000        2.1569939743702822
 -0.34999999999999998       0.96599999999999997       0.18556126048000002        1.6843702062783801
 -0.34999999999999998       0.96999999999999997       0.22919184151999997        1.4731958902375644
 -0.34999999999999998       0.97399999999999998       0.20339401479999999        1.5926102215626690
 -0.34999999999999998       0.97799999999999998       0.11887945104000000        2.1296453157891642
 -0.34999999999999998       0.98199999999999998       4.06457705600000024E-002   3.2028604936658542
 -0.34999999999999998       0.98599999999999999       6.95189928000000072E-003   4.9687403790411429
 -0.34999999999999998       0.98999999999999999       4.69926319999999982E-004   7.6629346415066841
 -0.34999999999999998       0.99399999999999999       8.10271999999999922E-006   11.723310750185776
 -0.34999999999999998       0.99800000000000000       3.67200000000000006E-008   17.119944271194122
