   0.0000000000000000      -0.99800000000000000        0.0000000000000000                      +Infinity
   0.0000000000000000      -0.99399999999999999        0.0000000000000000                      +Infinity
   0.0000000000000000      -0.98999999999999999        0.0000000000000000                      +Infinity
   0.0000000000000000      -0.98599999999999999        0.0000000000000000                      +Infinity
   0.0000000000000000      -0.98199999999999998        0.0000000000000000                      +Infinity
   0.0000000000000000      -0.97799999999999998        0.0000000000000000                      +Infinity
   0.0000000000000000      -0.97399999999999998        0.0000000000000000                      +Infinity
   0.0000000000000000      -0.96999999999999997        0.0000000000000000                      +Infinity
   0.0000000000000000      -0.96599999999999997        0.0000000000000000                      +Infinity
   0.0000000000000000      -0.96199999999999997        0.0000000000000000                      +Infinity
   0.0000000000000000      -0.95799999999999996        0.0000000000000000                      +Infinity
   0.0000000000000000      -0.95399999999999996        0.0000000000000000                      +Infinity
   0.0000000000000000      -0.94999999999999996        0.0000000000000000                      +Infinity
   0.0000000000000000      -0.94599999999999995        0.0000000000000000                      +Infinity
   0.0000000000000000      -0.94199999999999995        0.0000000000000000                      +Infinity
   0.0000000000000000      -0.93799999999999994        0.0000000000000000                      +Infinity
   0.0000000000000000      -0.93400000000000005        0.0000000000000000                      +Infinity
   0.0000000000000000      -0.93000000000000005        0.0000000000000000                      +Infinity
   0.0000000000000000      -0.92600000000000005        0.0000000000000000                      +Infinity
   0.0000000000000000      -0.92200000000000004        0.0000000000000000                      +Infinity
   0.0000000000000000      -0.91800000000000004        0.0000000000000000                      +Infinity
   0.0000000000000000      -0.91400000000000003        0.0000000000000000                      +Infinity
   0.0000000000000000      -0.91000000000000003        0.0000000000000000                      +Infinity
   0.0000000000000000      -0.90600000000000003        0.0000000000000000                      +Infinity
   0.0000000000000000      -0.90200000000000002        0.0000000000000000                      +Infinity
   0.0000000000000000      -0.89800000000000002        0.0000000000000000                      +Infinity
   0.0000000000000000      -0.89400000000000002        0.0000000000000000                      +Infinity
   0.0000000000000000      -0.89000000000000001        0.0000000000000000                      +Infinity
   0.0000000000000000      -0.88600000000000001        0.0000000000000000                      +Infinity
   0.0000000000000000      -0.88200000000000001        0.0000000000000000                      +Infinity
   0.0000000000000000      -0.87800000000000000        0.0000000000000000                      +Infinity
   0.0000000000000000      -0.87400000000000000        0.0000000000000000                      +Infinity
   0.0000000000000000      -0.87000000000000000        0.0000000000000000                      +Infinity
   0.0000000000000000      -0.86599999999999999        0.0000000000000000                      +Infinity
   0.0000000000000000      -0.86199999999999999        0.0000000000000000                      +Infinity
   0.0000000000000000      -0.85799999999999998        0.0000000000000000                      +Infinity
   0.0000000000000000      -0.85399999999999998        0.0000000000000000                      +Infinity
   0.0000000000000000      -0.84999999999999998        0.0000000000000000                      +Infinity
   0.0000000000000000      -0.84599999999999997       9.52000000000000021E-009   18.469870988143136
   0.0000000000000000      -0.84199999999999997       3.47199999999999959E-008   17.175949947154262
   0.0000000000000000      -0.83799999999999997       3.35999999999999965E-008   17.208739769977253
   0.0000000000000000      -0.83399999999999996       6.63999999999999990E-008   16.527568780464023
   0.0000000000000000      -0.82999999999999996       7.69599999999999956E-008   16.379980030588960
   0.0000000000000000      -0.82599999999999996       2.05920000000000007E-007   15.395778093098595
   0.0000000000000000      -0.82199999999999995       4.43040000000000028E-007   14.629605777523759
   0.0000000000000000      -0.81799999999999995       9.01039999999999974E-007   13.919716185206971
   0.0000000000000000      -0.81399999999999995       1.26008000000000010E-006   13.584335346952932
   0.0000000000000000      -0.81000000000000005       1.69592000000000006E-006   13.287285191518414
   0.0000000000000000      -0.80600000000000005       2.53952000000000012E-006   12.883535471170067
   0.0000000000000000      -0.80200000000000005       3.27720000000000015E-006   12.628521158678751
   0.0000000000000000      -0.79800000000000004       4.36088000000000033E-006   12.342836686106862
   0.0000000000000000      -0.79400000000000004       5.93407999999999994E-006   12.034798554555243
   0.0000000000000000      -0.79000000000000004       7.84808000000000059E-006   11.755241642073250
   0.0000000000000000      -0.78600000000000003       1.09556000000000006E-005   11.421659816905001
   0.0000000000000000      -0.78200000000000003       1.44793599999999996E-005   11.142786370878531
   0.0000000000000000      -0.77800000000000002       1.81109600000000005E-005   10.918993278086822
   0.0000000000000000      -0.77400000000000002       2.27079200000000013E-005   10.692796795649494
   0.0000000000000000      -0.77000000000000002       2.84324799999999979E-005   10.467978404308441
   0.0000000000000000      -0.76600000000000001       3.47024800000000005E-005   10.268699403824666
   0.0000000000000000      -0.76200000000000001       4.24547999999999988E-005   10.067070577394377
   0.0000000000000000      -0.75800000000000001       5.28029599999999997E-005   9.8489433082173345
   0.0000000000000000      -0.75400000000000000       6.34320800000000041E-005   9.6655408308018824
   0.0000000000000000      -0.75000000000000000       7.68533600000000024E-005   9.4736113673999682
   0.0000000000000000      -0.74600000000000000       9.30963199999999998E-005   9.2818759018523842
   0.0000000000000000      -0.74199999999999999       1.05872000000000005E-004   9.1532797406945701
   0.0000000000000000      -0.73799999999999999       1.23449760000000002E-004   8.9996762862819004
   0.0000000000000000      -0.73399999999999999       1.42443520000000001E-004   8.8565649877005317
   0.0000000000000000      -0.72999999999999998       1.64438719999999983E-004   8.7129725799590538
   0.0000000000000000      -0.72599999999999998       1.87022720000000009E-004   8.5842804511636874
   0.0000000000000000      -0.72199999999999998       2.08692799999999988E-004   8.4746472437574987
   0.0000000000000000      -0.71799999999999997       2.32750000000000020E-004   8.3655456418070973
   0.0000000000000000      -0.71399999999999997       2.59716639999999996E-004   8.2559193674167588
   0.0000000000000000      -0.70999999999999996       2.90781920000000003E-004   8.1429369875527442
   0.0000000000000000      -0.70599999999999996       3.20160720000000048E-004   8.0466874382558178
   0.0000000000000000      -0.70199999999999996       3.53060719999999980E-004   7.9488705044917856
   0.0000000000000000      -0.69799999999999995       3.84841359999999995E-004   7.8626793605412733
   0.0000000000000000      -0.69399999999999995       4.18818239999999963E-004   7.7780735269077015
   0.0000000000000000      -0.68999999999999995       4.54387519999999981E-004   7.6965601557232288
   0.0000000000000000      -0.68600000000000005       4.94247359999999930E-004   7.6124744373542175
   0.0000000000000000      -0.68200000000000005       5.32561679999999965E-004   7.5378118361026694
   0.0000000000000000      -0.67800000000000005       5.78204000000000023E-004   7.4555838103845122
   0.0000000000000000      -0.67400000000000004       6.23505359999999972E-004   7.3801531962492168
   0.0000000000000000      -0.67000000000000004       6.67779520000000054E-004   7.3115524987896183
   0.0000000000000000      -0.66600000000000004       7.13917040000000059E-004   7.2447437928515166
   0.0000000000000000      -0.66200000000000003       7.57940880000000086E-004   7.1849051700866040
   0.0000000000000000      -0.65800000000000003       8.07273999999999969E-004   7.1218474182010949
   0.0000000000000000      -0.65400000000000003       8.52959120000000093E-004   7.0667989365917245
   0.0000000000000000      -0.65000000000000002       8.98083839999999937E-004   7.0152471309911775
   0.0000000000000000      -0.64600000000000002       9.43318720000000115E-004   6.9661063472811673
   0.0000000000000000      -0.64200000000000002       1.00108408000000007E-003   6.9066717861725246
   0.0000000000000000      -0.63800000000000001       1.05661399999999999E-003   6.8526858232745180
   0.0000000000000000      -0.63400000000000001       1.10183679999999997E-003   6.8107766735923345
   0.0000000000000000      -0.63000000000000000       1.15115399999999994E-003   6.7669903614938480
   0.0000000000000000      -0.62600000000000000       1.19438808000000012E-003   6.7301212916953217
   0.0000000000000000      -0.62200000000000000       1.25054960000000009E-003   6.6841721442988549
   0.0000000000000000      -0.61799999999999999       1.30175759999999995E-003   6.6440399276437052
   0.0000000000000000      -0.61399999999999999       1.35410320000000002E-003   6.6046158887850233
   0.0000000000000000      -0.60999999999999999       1.40216192000000009E-003   6.5697400048843786
   0.0000000000000000      -0.60599999999999998       1.45459648000000009E-003   6.5330267501560151
   0.0000000000000000      -0.60199999999999998       1.50146407999999999E-003   6.5013145935709655
   0.0000000000000000      -0.59799999999999998       1.54034992000000011E-003   6.4757456675881100
   0.0000000000000000      -0.59399999999999997       1.58972528000000013E-003   6.4441940575523731
   0.0000000000000000      -0.58999999999999997       1.64621336000000018E-003   6.4092775617983540
   0.0000000000000000      -0.58599999999999997       1.68703031999999976E-003   6.3847855028471523
   0.0000000000000000      -0.58199999999999996       1.73124791999999979E-003   6.3589127894733908
   0.0000000000000000      -0.57799999999999996       1.77784128000000024E-003   6.3323554147165186
   0.0000000000000000      -0.57399999999999995       1.82231623999999995E-003   6.3076469276972347
   0.0000000000000000      -0.56999999999999995       1.86562367999999995E-003   6.2841598689212459
   0.0000000000000000      -0.56599999999999995       1.91163968000000002E-003   6.2597939339950601
   0.0000000000000000      -0.56200000000000006       1.95941783999999987E-003   6.2351078702671723
   0.0000000000000000      -0.55800000000000005       2.00092215999999982E-003   6.2141471246869120
   0.0000000000000000      -0.55400000000000005       2.04848272000000007E-003   6.1906558964534932
   0.0000000000000000      -0.55000000000000004       2.08965975999999979E-003   6.1707540205162141
   0.0000000000000000      -0.54600000000000004       2.13094624000000022E-003   6.1511891537765573
   0.0000000000000000      -0.54200000000000004       2.16728959999999997E-003   6.1342779243787637
   0.0000000000000000      -0.53800000000000003       2.21028983999999994E-003   6.1146316227305286
   0.0000000000000000      -0.53400000000000003       2.25742599999999988E-003   6.0935300528338745
   0.0000000000000000      -0.53000000000000003       2.29255487999999999E-003   6.0780884151888879
   0.0000000000000000      -0.52600000000000002       2.33460344000000018E-003   6.0599132352609750
   0.0000000000000000      -0.52200000000000002       2.37457192000000003E-003   6.0429381019519983
   0.0000000000000000      -0.51800000000000002       2.40910040000000009E-003   6.0285018791734499
   0.0000000000000000      -0.51400000000000001       2.44605023999999987E-003   6.0132807022715102
   0.0000000000000000      -0.51000000000000001       2.48225175999999999E-003   5.9985891630166792
   0.0000000000000000      -0.50600000000000001       2.52026328000000020E-003   5.9833919067255863
   0.0000000000000000      -0.50200000000000000       2.56135136000000020E-003   5.9672202847676621
   0.0000000000000000      -0.49800000000000000       2.60092871999999991E-003   5.9518866977354330
   0.0000000000000000      -0.49399999999999999       2.63706968000000002E-003   5.9380869479934653
   0.0000000000000000      -0.48999999999999999       2.67155031999999999E-003   5.9250963308838367
   0.0000000000000000      -0.48599999999999999       2.70024903999999989E-003   5.9144112731883904
   0.0000000000000000      -0.48199999999999998       2.73124255999999998E-003   5.9029986231515439
   0.0000000000000000      -0.47799999999999998       2.76374752000000008E-003   5.8911677231245445
   0.0000000000000000      -0.47399999999999998       2.79199504000000008E-003   5.8809988705878871
   0.0000000000000000      -0.46999999999999997       2.81208871999999964E-003   5.8738277550335587
   0.0000000000000000      -0.46600000000000003       2.82880823999999984E-003   5.8678997726292650
   0.0000000000000000      -0.46200000000000002       2.85494679999999997E-003   5.8587020700232602
   0.0000000000000000      -0.45800000000000002       2.88049056000000024E-003   5.8497946660060238
   0.0000000000000000      -0.45400000000000001       2.90876367999999986E-003   5.8400271403076935
   0.0000000000000000      -0.45000000000000001       2.93619055999999991E-003   5.8306422657039301
   0.0000000000000000      -0.44600000000000001       2.96875847999999998E-003   5.8196114337643499
   0.0000000000000000      -0.44200000000000000       2.99035184000000015E-003   5.8123642262615745
   0.0000000000000000      -0.43800000000000000       3.00436752000000007E-003   5.8076882090216655
   0.0000000000000000      -0.43400000000000000       3.02145840000000001E-003   5.8020156502534688
   0.0000000000000000      -0.42999999999999999       3.02932320000000007E-003   5.7994160507474684
   0.0000000000000000      -0.42599999999999999       3.04780112000000011E-003   5.7933348926304005
   0.0000000000000000      -0.42199999999999999       3.07630415999999999E-003   5.7840263505627094
   0.0000000000000000      -0.41799999999999998       3.10965999999999977E-003   5.7732418835262242
   0.0000000000000000      -0.41399999999999998       3.13001008000000002E-003   5.7667190539879769
   0.0000000000000000      -0.40999999999999998       3.14643751999999985E-003   5.7614844121783886
   0.0000000000000000      -0.40600000000000003       3.16847199999999987E-003   5.7545058262288604
   0.0000000000000000      -0.40200000000000002       3.19026847999999983E-003   5.7476502027174865
   0.0000000000000000      -0.39800000000000002       3.21158640000000035E-003   5.7409902583121069
   0.0000000000000000      -0.39400000000000002       3.22355751999999982E-003   5.7372697094143703
   0.0000000000000000      -0.39000000000000001       3.23032231999999990E-003   5.7351733572525259
   0.0000000000000000      -0.38600000000000001       3.25989160000000021E-003   5.7260613356901073
   0.0000000000000000      -0.38200000000000001       3.27701927999999969E-003   5.7208210258528007
   0.0000000000000000      -0.37800000000000000       3.29703463999999951E-003   5.7147318084266567
   0.0000000000000000      -0.37400000000000000       3.30847695999999993E-003   5.7112673284173203
   0.0000000000000000      -0.37000000000000000       3.31707240000000004E-003   5.7086726923033613
   0.0000000000000000      -0.36599999999999999       3.33128511999999976E-003   5.7043971275165744
   0.0000000000000000      -0.36199999999999999       3.33857568000000019E-003   5.7022110060600237
   0.0000000000000000      -0.35799999999999998       3.34660975999999995E-003   5.6998074575152966
   0.0000000000000000      -0.35399999999999998       3.35255591999999948E-003   5.6980322628580664
   0.0000000000000000      -0.34999999999999998       3.36433463999999969E-003   5.6945250650056085
   0.0000000000000000      -0.34599999999999997       3.37293767999999978E-003   5.6919711992073152
   0.0000000000000000      -0.34200000000000003       3.37922391999999957E-003   5.6901092053189553
   0.0000000000000000      -0.33800000000000002       3.39316407999999984E-003   5.6859924359643630
   0.0000000000000000      -0.33400000000000002       3.40926351999999971E-003   5.6812589875525923
   0.0000000000000000      -0.33000000000000002       3.41478240000000002E-003   5.6796415068767807
   0.0000000000000000      -0.32600000000000001       3.41913696000000020E-003   5.6783671106306564
   0.0000000000000000      -0.32200000000000001       3.43320992000000023E-003   5.6742596186917842
   0.0000000000000000      -0.31800000000000000       3.43930543999999968E-003   5.6724857349595323
   0.0000000000000000      -0.31400000000000000       3.45168472000000016E-003   5.6688928424928617
   0.0000000000000000      -0.31000000000000000       3.46340087999999968E-003   5.6655042593606755
   0.0000000000000000      -0.30599999999999999       3.47316215999999948E-003   5.6626898146891431
   0.0000000000000000      -0.30199999999999999       3.48532400000000015E-003   5.6591942692202055
   0.0000000000000000      -0.29799999999999999       3.49232855999999977E-003   5.6571865560838273
   0.0000000000000000      -0.29399999999999998       3.48627231999999992E-003   5.6589222167483406
   0.0000000000000000      -0.28999999999999998       3.48943423999999993E-003   5.6580156647913880
   0.0000000000000000      -0.28599999999999998       3.49424192000000015E-003   5.6566388309722546
   0.0000000000000000      -0.28199999999999997       3.50018296000000019E-003   5.6549400375673073
   0.0000000000000000      -0.27800000000000002       3.51581159999999997E-003   5.6504848842126076
   0.0000000000000000      -0.27400000000000002       3.51546752000000007E-003   5.6505827554517953
   0.0000000000000000      -0.27000000000000002       3.51532351999999954E-003   5.6506237181256109
   0.0000000000000000      -0.26600000000000001       3.52196647999999989E-003   5.6487357862731171
   0.0000000000000000      -0.26200000000000001       3.52718423999999952E-003   5.6472553920638919
   0.0000000000000000      -0.25800000000000001       3.53196992000000005E-003   5.6458995126979792
   0.0000000000000000      -0.25400000000000000       3.54475416000000002E-003   5.6422864697807533
   0.0000000000000000      -0.25000000000000000       3.56111712000000032E-003   5.6376809855896060
   0.0000000000000000      -0.24600000000000000       3.56460863999999997E-003   5.6367010095430894
   0.0000000000000000      -0.24199999999999999       3.56636359999999968E-003   5.6362088017553251
   0.0000000000000000      -0.23799999999999999       3.57041439999999976E-003   5.6350736114957964
   0.0000000000000000      -0.23400000000000001       3.56585495999999988E-003   5.6363514333913534
   0.0000000000000000      -0.23000000000000001       3.57367024000000005E-003   5.6341621328699185
   0.0000000000000000      -0.22600000000000001       3.57868575999999985E-003   5.6327596521147365
   0.0000000000000000      -0.22200000000000000       3.56841375999999988E-003   5.6356341068621330
   0.0000000000000000      -0.21800000000000000       3.56943080000000001E-003   5.6353491356783723
   0.0000000000000000      -0.21400000000000000       3.56732400000000019E-003   5.6359395440979521
   0.0000000000000000      -0.20999999999999999       3.57172872000000030E-003   5.6347055651005471
   0.0000000000000000      -0.20599999999999999       3.57302079999999994E-003   5.6343438785192417
   0.0000000000000000      -0.20200000000000001       3.57394200000000009E-003   5.6340860906921941
   0.0000000000000000      -0.19800000000000001       3.56999631999999978E-003   5.6351907140034454
   0.0000000000000000      -0.19400000000000001       3.57342768000000043E-003   5.6342300093710689
   0.0000000000000000      -0.19000000000000000       3.58397264000000042E-003   5.6312834178271629
   0.0000000000000000      -0.18600000000000000       3.59218680000000052E-003   5.6289941254400251
   0.0000000000000000      -0.18200000000000000       3.58645343999999984E-003   5.6305914644979449
   0.0000000000000000      -0.17799999999999999       3.58290440000000017E-003   5.6315815225670516
   0.0000000000000000      -0.17399999999999999       3.59172191999999977E-003   5.6291235480200639
   0.0000000000000000      -0.17000000000000001       3.59571031999999981E-003   5.6280137217911124
   0.0000000000000000      -0.16600000000000001       3.60438872000000020E-003   5.6256030871166676
   0.0000000000000000      -0.16200000000000001       3.60588655999999992E-003   5.6251876133758243
   0.0000000000000000      -0.15800000000000000       3.60395072000000045E-003   5.6257246130254250
   0.0000000000000000      -0.15400000000000000       3.62299023999999989E-003   5.6204555609729079
   0.0000000000000000      -0.14999999999999999       3.62079656000000027E-003   5.6210612331517362
   0.0000000000000000      -0.14599999999999999       3.61873231999999996E-003   5.6216315023198433
   0.0000000000000000      -0.14199999999999999       3.61358912000000034E-003   5.6230537844763200
   0.0000000000000000      -0.13800000000000001       3.61147344000000044E-003   5.6236394347853382
   0.0000000000000000      -0.13400000000000001       3.61999488000000003E-003   5.6212826675100986
   0.0000000000000000      -0.13000000000000000       3.63749343999999987E-003   5.6164604499225783
   0.0000000000000000      -0.12600000000000000       3.62848543999999985E-003   5.6189399519315479
   0.0000000000000000      -0.12200000000000000       3.61280215999999982E-003   5.6232715861348854
   0.0000000000000000      -0.11799999999999999       3.61187552000000016E-003   5.6235281069226968
   0.0000000000000000      -0.11400000000000000       3.60461111999999971E-003   5.6255413864633157
   0.0000000000000000      -0.11000000000000000       3.61167759999999997E-003   5.6235829054399256
   0.0000000000000000      -0.10600000000000000       3.60986904000000020E-003   5.6240837843036839
   0.0000000000000000      -0.10199999999999999       3.58960184000000010E-003   5.6297139907106999
   0.0000000000000000      -9.80000000000000038E-002  3.58286927999999999E-003   5.6315913247186593
   0.0000000000000000      -9.40000000000000002E-002  3.58066752000000014E-003   5.6322060378501204
   0.0000000000000000      -8.99999999999999967E-002  3.57850583999999973E-003   5.6328099288182516
   0.0000000000000000      -8.59999999999999931E-002  3.58249056000000017E-003   5.6316970332968213
   0.0000000000000000      -8.20000000000000034E-002  3.59361743999999988E-003   5.6285959403597978
   0.0000000000000000      -7.79999999999999999E-002  3.59243087999999971E-003   5.6289261802796942
   0.0000000000000000      -7.39999999999999963E-002  3.59542775999999956E-003   5.6280923074049616
   0.0000000000000000      -7.00000000000000067E-002  3.59692519999999958E-003   5.6276759095919049
   0.0000000000000000      -6.60000000000000031E-002  3.60314672000000037E-003   5.6259477264244122
   0.0000000000000000      -6.19999999999999996E-002  3.60402240000000026E-003   5.6257047239390454
   0.0000000000000000      -5.80000000000000029E-002  3.60474624000000016E-003   5.6255039018462361
   0.0000000000000000      -5.39999999999999994E-002  3.60550504000000001E-003   5.6252934237440630
   0.0000000000000000      -5.00000000000000028E-002  3.60049464000000013E-003   5.6266840429585878
   0.0000000000000000      -4.59999999999999992E-002  3.61682287999999996E-003   5.6221592959698246
   0.0000000000000000      -4.20000000000000026E-002  3.61590071999999974E-003   5.6224142925813352
   0.0000000000000000      -3.79999999999999991E-002  3.61825440000000014E-003   5.6217635793898131
   0.0000000000000000      -3.40000000000000024E-002  3.61524864000000020E-003   5.6225946456536633
   0.0000000000000000      -2.99999999999999989E-002  3.61895608000000011E-003   5.6215696704233302
   0.0000000000000000      -2.59999999999999988E-002  3.62556575999999986E-003   5.6197449311292855
   0.0000000000000000      -2.19999999999999987E-002  3.61224952000000019E-003   5.6234245649717307
   0.0000000000000000      -1.79999999999999986E-002  3.60569207999999987E-003   5.6252415488620064
   0.0000000000000000      -1.40000000000000003E-002  3.61291312000000054E-003   5.6232408736045096
   0.0000000000000000      -1.00000000000000002E-002  3.60688007999999992E-003   5.6249121240786177
   0.0000000000000000      -6.00000000000000012E-003  3.59935776000000008E-003   5.6269998494352453
   0.0000000000000000      -2.00000000000000004E-003  3.59098224000000028E-003   5.6293295094479987
   0.0000000000000000       2.00000000000000004E-003  3.60022543999999984E-003   5.6267588132585402
   0.0000000000000000       6.00000000000000012E-003  3.60304744000000026E-003   5.6259752804974221
   0.0000000000000000       1.00000000000000002E-002  3.61101295999999988E-003   5.6237669476597478
   0.0000000000000000       1.40000000000000003E-002  3.60573800000000026E-003   5.6252288135239414
   0.0000000000000000       1.79999999999999986E-002  3.61261623999999983E-003   5.6233230488986310
   0.0000000000000000       2.19999999999999987E-002  3.62208808000000042E-003   5.6207046017602718
   0.0000000000000000       2.59999999999999988E-002  3.61058632000000029E-003   5.6238851043128530
   0.0000000000000000       2.99999999999999989E-002  3.59476504000000004E-003   5.6282766473859080
   0.0000000000000000       3.40000000000000024E-002  3.59464696000000002E-003   5.6283094956911688
   0.0000000000000000       3.79999999999999991E-002  3.60500352000000038E-003   5.6254325318240648
   0.0000000000000000       4.20000000000000026E-002  3.60457743999999984E-003   5.6255507300946324
   0.0000000000000000       4.59999999999999992E-002  3.61086304000000045E-003   5.6238084659577696
   0.0000000000000000       5.00000000000000028E-002  3.61310351999999998E-003   5.6231881751374209
   0.0000000000000000       5.39999999999999994E-002  3.61097943999999981E-003   5.6237762304166781
   0.0000000000000000       5.80000000000000029E-002  3.60373352000000011E-003   5.6257848820363394
   0.0000000000000000       6.19999999999999996E-002  3.60407823999999962E-003   5.6256892302597006
   0.0000000000000000       6.60000000000000031E-002  3.59335320000000015E-003   5.6286694734277214
   0.0000000000000000       7.00000000000000067E-002  3.58758696000000031E-003   5.6302754584689207
   0.0000000000000000       7.39999999999999963E-002  3.57987240000000014E-003   5.6324281216628362
   0.0000000000000000       7.79999999999999999E-002  3.57204183999999987E-003   5.6346179027106169
   0.0000000000000000       8.20000000000000034E-002  3.56157880000000041E-003   5.6375513492817158
   0.0000000000000000       8.59999999999999931E-002  3.56610888000000008E-003   5.6362802271974344
   0.0000000000000000       8.99999999999999967E-002  3.57868159999999999E-003   5.6327608145533228
   0.0000000000000000       9.40000000000000002E-002  3.57189368000000035E-003   5.6346593812484915
   0.0000000000000000       9.80000000000000038E-002  3.57194312000000012E-003   5.6346455399468542
   0.0000000000000000       0.10199999999999999       3.55698680000000010E-003   5.6388414970151137
   0.0000000000000000       0.10600000000000000       3.55011888000000006E-003   5.6407741887315570
   0.0000000000000000       0.11000000000000000       3.54899887999999978E-003   5.6410897208996813
   0.0000000000000000       0.11400000000000000       3.55533423999999975E-003   5.6393062004559305
   0.0000000000000000       0.11799999999999999       3.54256671999999976E-003   5.6429037524201302
   0.0000000000000000       0.12200000000000000       3.54509943999999988E-003   5.6421890686157212
   0.0000000000000000       0.12600000000000000       3.54538431999999997E-003   5.6421087130265128
   0.0000000000000000       0.13000000000000000       3.53386559999999995E-003   5.6453629363680840
   0.0000000000000000       0.13400000000000001       3.53946823999999995E-003   5.6437787778090760
   0.0000000000000000       0.13800000000000001       3.54310199999999980E-003   5.6427526643514749
   0.0000000000000000       0.14199999999999999       3.54691839999999974E-003   5.6416761088119189
   0.0000000000000000       0.14599999999999999       3.53253288000000007E-003   5.6457401355932832
   0.0000000000000000       0.14999999999999999       3.52558200000000019E-003   5.6477097499634850
   0.0000000000000000       0.15400000000000000       3.51992375999999945E-003   5.6493159486976019
   0.0000000000000000       0.15800000000000000       3.52006352000000002E-003   5.6492762440804034
   0.0000000000000000       0.16200000000000001       3.51985439999999991E-003   5.6493356538639938
   0.0000000000000000       0.16600000000000001       3.51332215999999994E-003   5.6511932048077425
   0.0000000000000000       0.17000000000000001       3.50946208000000020E-003   5.6522925068101433
   0.0000000000000000       0.17399999999999999       3.50615192000000011E-003   5.6532361619900424
   0.0000000000000000       0.17799999999999999       3.50551456000000030E-003   5.6534179618527638
   0.0000000000000000       0.18200000000000000       3.50185960000000017E-003   5.6544611372985143
   0.0000000000000000       0.18600000000000000       3.49203151999999970E-003   5.6572716146995852
   0.0000000000000000       0.19000000000000000       3.48767015999999980E-003   5.6585213416270648
   0.0000000000000000       0.19400000000000001       3.48195079999999999E-003   5.6601625675464202
   0.0000000000000000       0.19800000000000001       3.47772119999999966E-003   5.6613780272751875
   0.0000000000000000       0.20200000000000001       3.47647735999999982E-003   5.6617357507432571
   0.0000000000000000       0.20599999999999999       3.47485288000000045E-003   5.6622031375522521
   0.0000000000000000       0.20999999999999999       3.48608103999999966E-003   5.6589770848797079
   0.0000000000000000       0.21400000000000000       3.48284943999999964E-003   5.6599045156356631
   0.0000000000000000       0.21800000000000000       3.47086767999999976E-003   5.6633506644079299
   0.0000000000000000       0.22200000000000000       3.46825479999999988E-003   5.6641037510211198
   0.0000000000000000       0.22600000000000001       3.46712056000000012E-003   5.6644308393043739
   0.0000000000000000       0.23000000000000001       3.46148280000000037E-003   5.6660582268026385
   0.0000000000000000       0.23400000000000001       3.46316408000000003E-003   5.6655726338006636
   0.0000000000000000       0.23799999999999999       3.46959912000000025E-003   5.6637162190746926
   0.0000000000000000       0.24199999999999999       3.45900472000000006E-003   5.6667743844718066
   0.0000000000000000       0.24600000000000000       3.46073183999999956E-003   5.6662751978276651
   0.0000000000000000       0.25000000000000000       3.45187176000000002E-003   5.6688386559295774
   0.0000000000000000       0.25400000000000000       3.45678175999999992E-003   5.6674172499168245
   0.0000000000000000       0.25800000000000001       3.45857720000000007E-003   5.6668979883569470
   0.0000000000000000       0.26200000000000001       3.45715807999999979E-003   5.6673083915787190
   0.0000000000000000       0.26600000000000001       3.45493087999999967E-003   5.6679528277513347
   0.0000000000000000       0.27000000000000002       3.46749847999999966E-003   5.6643218441315479
   0.0000000000000000       0.27400000000000002       3.46209056000000006E-003   5.6658826642802360
   0.0000000000000000       0.27800000000000002       3.46497952000000007E-003   5.6650485568916480
   0.0000000000000000       0.28199999999999997       3.46442895999999993E-003   5.6652074622304651
   0.0000000000000000       0.28599999999999998       3.46701416000000026E-003   5.6644615280649200
   0.0000000000000000       0.28999999999999998       3.45460599999999982E-003   5.6680468658919168
   0.0000000000000000       0.29399999999999998       3.45620695999999993E-003   5.6675835455740593
   0.0000000000000000       0.29799999999999999       3.44632751999999999E-003   5.6704461018640204
   0.0000000000000000       0.30199999999999999       3.44482512000000027E-003   5.6708821392302751
   0.0000000000000000       0.30599999999999999       3.43964855999999994E-003   5.6723859756065007
   0.0000000000000000       0.31000000000000000       3.43705495999999978E-003   5.6731402905527348
   0.0000000000000000       0.31400000000000000       3.43549543999999976E-003   5.6735941308117361
   0.0000000000000000       0.31800000000000000       3.41981216000000017E-003   5.6781696533926080
   0.0000000000000000       0.32200000000000001       3.41678920000000001E-003   5.6790539992942719
   0.0000000000000000       0.32600000000000001       3.40934487999999987E-003   5.6812351234456573
   0.0000000000000000       0.33000000000000002       3.39814271999999999E-003   5.6845262554372589
   0.0000000000000000       0.33400000000000002       3.39493360000000036E-003   5.6854710763365262
   0.0000000000000000       0.33800000000000002       3.38212320000000040E-003   5.6892516010202128
   0.0000000000000000       0.34200000000000003       3.36766736000000027E-003   5.6935349523252308
   0.0000000000000000       0.34599999999999997       3.35521847999999991E-003   5.6972383899634034
   0.0000000000000000       0.34999999999999998       3.33262991999999994E-003   5.7039935209248984
   0.0000000000000000       0.35399999999999998       3.31767248000000006E-003   5.7084918021523485
   0.0000000000000000       0.35799999999999998       3.31005120000000012E-003   5.7107916214348524
   0.0000000000000000       0.36199999999999999       3.30602951999999992E-003   5.7120073504035691
   0.0000000000000000       0.36599999999999999       3.29687288000000012E-003   5.7147808718991246
   0.0000000000000000       0.37000000000000000       3.28247199999999982E-003   5.7191584819074821
   0.0000000000000000       0.37400000000000000       3.27762639999999977E-003   5.7206357770898997
   0.0000000000000000       0.37800000000000000       3.26590440000000017E-003   5.7242185561421293
   0.0000000000000000       0.38200000000000001       3.24616327999999957E-003   5.7302815092447936
   0.0000000000000000       0.38600000000000001       3.23499911999999964E-003   5.7337266230540402
   0.0000000000000000       0.39000000000000001       3.21580400000000006E-003   5.7396778747962873
   0.0000000000000000       0.39400000000000002       3.19411359999999993E-003   5.7464456631342573
   0.0000000000000000       0.39800000000000002       3.16459256000000029E-003   5.7557309646901809
   0.0000000000000000       0.40200000000000002       3.14479672000000021E-003   5.7620060268487725
   0.0000000000000000       0.40600000000000003       3.13434208000000014E-003   5.7653359897604552
   0.0000000000000000       0.40999999999999998       3.11712656000000038E-003   5.7708436758771731
   0.0000000000000000       0.41399999999999998       3.09477328000000006E-003   5.7780406291636508
   0.0000000000000000       0.41799999999999998       3.07341920000000005E-003   5.7849645912095653
   0.0000000000000000       0.42199999999999999       3.05730639999999979E-003   5.7902210121133662
   0.0000000000000000       0.42599999999999999       3.02991911999999980E-003   5.7992193528864329
   0.0000000000000000       0.42999999999999999       3.01102799999999979E-003   5.8054737302896440
   0.0000000000000000       0.43400000000000000       2.98868576000000004E-003   5.8129215333583293
   0.0000000000000000       0.43800000000000000       2.96352088000000026E-003   5.8213772310382392
   0.0000000000000000       0.44200000000000000       2.93959247999999980E-003   5.8294843194840098
   0.0000000000000000       0.44600000000000001       2.91916880000000004E-003   5.8364563607588398
   0.0000000000000000       0.45000000000000001       2.89576479999999973E-003   5.8445060232264350
   0.0000000000000000       0.45400000000000001       2.87597391999999978E-003   5.8513639073146617
   0.0000000000000000       0.45800000000000002       2.85066887999999973E-003   5.8602016175012377
   0.0000000000000000       0.46200000000000002       2.82728183999999974E-003   5.8684395094493880
   0.0000000000000000       0.46600000000000003       2.79548376000000008E-003   5.8797501068508815
   0.0000000000000000       0.46999999999999997       2.77464935999999999E-003   5.8872308965241835
   0.0000000000000000       0.47399999999999998       2.74385648000000006E-003   5.8983908736933559
   0.0000000000000000       0.47799999999999998       2.71339552000000005E-003   5.9095544689795130
   0.0000000000000000       0.48199999999999998       2.68060288000000020E-003   5.9217135545341231
   0.0000000000000000       0.48599999999999999       2.65179247999999985E-003   5.9325194600973150
   0.0000000000000000       0.48999999999999999       2.61193775999999994E-003   5.9476628963357756
   0.0000000000000000       0.49399999999999999       2.57852335999999996E-003   5.9605383849835629
   0.0000000000000000       0.49800000000000000       2.54528408000000020E-003   5.9735130124192271
   0.0000000000000000       0.50200000000000000       2.51177815999999990E-003   5.9867643463778393
   0.0000000000000000       0.50600000000000001       2.47365712000000015E-003   6.0020576079878483
   0.0000000000000000       0.51000000000000001       2.43426192000000029E-003   6.0181116813319404
   0.0000000000000000       0.51400000000000001       2.39474127999999989E-003   6.0344800790065767
   0.0000000000000000       0.51800000000000002       2.37180352000000011E-003   6.0441046343297815
   0.0000000000000000       0.52200000000000002       2.32801575999999968E-003   6.0627389793764106
   0.0000000000000000       0.52600000000000002       2.28974952000000030E-003   6.0793128473110709
   0.0000000000000000       0.53000000000000003       2.25504919999999992E-003   6.0945834880836900
   0.0000000000000000       0.53400000000000003       2.22401495999999992E-003   6.1084411759977195
   0.0000000000000000       0.53800000000000003       2.17741127999999994E-003   6.1296185940401200
   0.0000000000000000       0.54200000000000004       2.13717808000000011E-003   6.1482689743435115
   0.0000000000000000       0.54600000000000004       2.10227480000000017E-003   6.1647352824365589
   0.0000000000000000       0.55000000000000004       2.05972687999999996E-003   6.1851818874947586
   0.0000000000000000       0.55400000000000005       2.01447911999999996E-003   6.2073946182413904
   0.0000000000000000       0.55800000000000005       1.96971504000000019E-003   6.2298663964412162
   0.0000000000000000       0.56200000000000006       1.92468808000000003E-003   6.2529913607353356
   0.0000000000000000       0.56599999999999995       1.88223775999999993E-003   6.2752939121108113
   0.0000000000000000       0.56999999999999995       1.84858632000000018E-003   6.2933340833557203
   0.0000000000000000       0.57399999999999995       1.80881119999999986E-003   6.3150854450692195
   0.0000000000000000       0.57799999999999996       1.75744648000000022E-003   6.3438933870902199
   0.0000000000000000       0.58199999999999996       1.70976408000000002E-003   6.3713998828978831
   0.0000000000000000       0.58599999999999997       1.65815991999999999E-003   6.4020467733618753
   0.0000000000000000       0.58999999999999997       1.60897080000000020E-003   6.4321605590545277
   0.0000000000000000       0.59399999999999997       1.56929864000000005E-003   6.4571264855484074
   0.0000000000000000       0.59799999999999998       1.52333327999999994E-003   6.4868543977550752
   0.0000000000000000       0.60199999999999998       1.47506136000000003E-003   6.5190556900556098
   0.0000000000000000       0.60599999999999998       1.43542752000000006E-003   6.5462925507959522
   0.0000000000000000       0.60999999999999999       1.38257455999999984E-003   6.5838078947381176
   0.0000000000000000       0.61399999999999999       1.33103128000000006E-003   6.6218012387183371
   0.0000000000000000       0.61799999999999999       1.27978792000000012E-003   6.6610609022783009
   0.0000000000000000       0.62200000000000000       1.22391480000000005E-003   6.7057007051578781
   0.0000000000000000       0.62600000000000000       1.17360296000000000E-003   6.7476768089846271
   0.0000000000000000       0.63000000000000000       1.13786184000000011E-003   6.7786043566236955
   0.0000000000000000       0.63400000000000001       1.08969392000000010E-003   6.8218584295142977
   0.0000000000000000       0.63800000000000001       1.03871008000000009E-003   6.8697756433393558
   0.0000000000000000       0.64200000000000002       9.93340240000000017E-004   6.9144373141369719
   0.0000000000000000       0.64600000000000002       9.48648479999999994E-004   6.9604722389323346
   0.0000000000000000       0.65000000000000002       9.01244480000000080E-004   7.0117339942105019
   0.0000000000000000       0.65400000000000003       8.51767760000000126E-004   7.0681966504518519
   0.0000000000000000       0.65800000000000003       8.06220640000000115E-004   7.1231531060212285
   0.0000000000000000       0.66200000000000003       7.61580640000000027E-004   7.1801144949782838
   0.0000000000000000       0.66600000000000004       7.12211999999999936E-004   7.2471349380628798
   0.0000000000000000       0.67000000000000004       6.72154960000000069E-004   7.3050216487860249
   0.0000000000000000       0.67400000000000004       6.25435440000000008E-004   7.3770624468134374
   0.0000000000000000       0.67800000000000005       5.78475919999999963E-004   7.4551136370888447
   0.0000000000000000       0.68200000000000005       5.41207760000000037E-004   7.5217073232634153
   0.0000000000000000       0.68600000000000005       5.00365039999999960E-004   7.6001726459208419
   0.0000000000000000       0.68999999999999995       4.61019760000000011E-004   7.6820696525456684
   0.0000000000000000       0.69399999999999995       4.26185439999999963E-004   7.7606360012483915
   0.0000000000000000       0.69799999999999995       3.90674479999999959E-004   7.8476358766954233
   0.0000000000000000       0.70199999999999996       3.58216080000000020E-004   7.9343741782229609
   0.0000000000000000       0.70599999999999996       3.26351200000000021E-004   8.0275364558559481
   0.0000000000000000       0.70999999999999996       2.92080720000000005E-004   8.1384803555418710
   0.0000000000000000       0.71399999999999997       2.64651920000000035E-004   8.2370951048216785
   0.0000000000000000       0.71799999999999997       2.36166719999999998E-004   8.3509725616724584
   0.0000000000000000       0.72199999999999998       2.09539840000000019E-004   8.4705966696171071
   0.0000000000000000       0.72599999999999998       1.86738159999999998E-004   8.5858031362289662
   0.0000000000000000       0.72999999999999998       1.64601199999999992E-004   8.7119849793469069
   0.0000000000000000       0.73399999999999999       1.43232559999999985E-004   8.8510409549816718
   0.0000000000000000       0.73799999999999999       1.26456399999999998E-004   8.9756129732386185
   0.0000000000000000       0.74199999999999999       1.09764159999999999E-004   9.1171764938302839
   0.0000000000000000       0.74600000000000000       9.36034400000000086E-005   9.2764434230193196
   0.0000000000000000       0.75000000000000000       8.03695999999999903E-005   9.4288745627334940
   0.0000000000000000       0.75400000000000000       6.61293600000000014E-005   9.6238977342316865
   0.0000000000000000       0.75800000000000001       5.45874400000000013E-005   9.8157067383059360
   0.0000000000000000       0.76200000000000001       4.38567199999999977E-005   10.034582601172684
   0.0000000000000000       0.76600000000000001       3.74333599999999970E-005   10.192948272510680
   0.0000000000000000       0.77000000000000002       3.12108800000000016E-005   10.374743805988091
   0.0000000000000000       0.77400000000000002       2.54569600000000010E-005   10.578521374949192
   0.0000000000000000       0.77800000000000002       2.03251200000000010E-005   10.803652998488788
   0.0000000000000000       0.78200000000000003       1.61357599999999995E-005   11.034472630997591
   0.0000000000000000       0.78600000000000003       1.28216799999999999E-005   11.264373069815617
   0.0000000000000000       0.79000000000000004       1.01902400000000005E-005   11.494080158504543
   0.0000000000000000       0.79400000000000004       7.64887999999999918E-006   11.780951326072879
   0.0000000000000000       0.79800000000000004       6.14231999999999932E-006   12.000308037009752
   0.0000000000000000       0.80200000000000005       5.31920000000000067E-006   12.144187641858165
   0.0000000000000000       0.80600000000000005       3.71255999999999999E-006   12.503788892349892
   0.0000000000000000       0.81000000000000005       2.38431999999999990E-006   12.946596589581048
   0.0000000000000000       0.81399999999999995       1.69872000000000006E-006   13.285635531681148
   0.0000000000000000       0.81799999999999995       1.12943999999999998E-006   13.693788623299248
   0.0000000000000000       0.82199999999999995       6.03359999999999971E-007   14.320751803436364
   0.0000000000000000       0.82599999999999996       3.65599999999999992E-007   14.821725997366416
   0.0000000000000000       0.82999999999999996       2.06000000000000018E-007   15.395389668156829
   0.0000000000000000       0.83399999999999996       1.49360000000000009E-007   15.716906337712944
   0.0000000000000000       0.83799999999999997       8.80800000000000052E-008   16.245020344531987
   0.0000000000000000       0.84199999999999997       2.55999999999999976E-008   17.480673485460894
   0.0000000000000000       0.84599999999999997       3.35999999999999956E-009   19.511324862971300
   0.0000000000000000       0.84999999999999998        0.0000000000000000                      +Infinity
   0.0000000000000000       0.85399999999999998        0.0000000000000000                      +Infinity
   0.0000000000000000       0.85799999999999998        0.0000000000000000                      +Infinity
   0.0000000000000000       0.86199999999999999        0.0000000000000000                      +Infinity
   0.0000000000000000       0.86599999999999999        0.0000000000000000                      +Infinity
   0.0000000000000000       0.87000000000000000        0.0000000000000000                      +Infinity
   0.0000000000000000       0.87400000000000000        0.0000000000000000                      +Infinity
   0.0000000000000000       0.87800000000000000        0.0000000000000000                      +Infinity
   0.0000000000000000       0.88200000000000001        0.0000000000000000                      +Infinity
   0.0000000000000000       0.88600000000000001        0.0000000000000000                      +Infinity
   0.0000000000000000       0.89000000000000001        0.0000000000000000                      +Infinity
   0.0000000000000000       0.89400000000000002        0.0000000000000000                      +Infinity
   0.0000000000000000       0.89800000000000002        0.0000000000000000                      +Infinity
   0.0000000000000000       0.90200000000000002        0.0000000000000000                      +Infinity
   0.0000000000000000       0.90600000000000003        0.0000000000000000                      +Infinity
   0.0000000000000000       0.91000000000000003        0.0000000000000000                      +Infinity
   0.0000000000000000       0.91400000000000003        0.0000000000000000                      +Infinity
   0.0000000000000000       0.91800000000000004        0.0000000000000000                      +Infinity
   0.0000000000000000       0.92200000000000004        0.0000000000000000                      +Infinity
   0.0000000000000000       0.92600000000000005        0.0000000000000000                      +Infinity
   0.0000000000000000       0.93000000000000005        0.0000000000000000                      +Infinity
   0.0000000000000000       0.93400000000000005        0.0000000000000000                      +Infinity
   0.0000000000000000       0.93799999999999994        0.0000000000000000                      +Infinity
   0.0000000000000000       0.94199999999999995        0.0000000000000000                      +Infinity
   0.0000000000000000       0.94599999999999995        0.0000000000000000                      +Infinity
   0.0000000000000000       0.94999999999999996        0.0000000000000000                      +Infinity
   0.0000000000000000       0.95399999999999996        0.0000000000000000                      +Infinity
   0.0000000000000000       0.95799999999999996        0.0000000000000000                      +Infinity
   0.0000000000000000       0.96199999999999997        0.0000000000000000                      +Infinity
   0.0000000000000000       0.96599999999999997        0.0000000000000000                      +Infinity
   0.0000000000000000       0.96999999999999997        0.0000000000000000                      +Infinity
   0.0000000000000000       0.97399999999999998        0.0000000000000000                      +Infinity
   0.0000000000000000       0.97799999999999998        0.0000000000000000                      +Infinity
   0.0000000000000000       0.98199999999999998        0.0000000000000000                      +Infinity
   0.0000000000000000       0.98599999999999999        0.0000000000000000                      +Infinity
   0.0000000000000000       0.98999999999999999        0.0000000000000000                      +Infinity
   0.0000000000000000       0.99399999999999999        0.0000000000000000                      +Infinity
   0.0000000000000000       0.99800000000000000        0.0000000000000000                      +Infinity
