   0.0000000000000000      -0.99800000000000000        0.0000000000000000                      +Infinity
   0.0000000000000000      -0.99399999999999999        0.0000000000000000                      +Infinity
   0.0000000000000000      -0.98999999999999999        0.0000000000000000                      +Infinity
   0.0000000000000000      -0.98599999999999999        0.0000000000000000                      +Infinity
   0.0000000000000000      -0.98199999999999998        0.0000000000000000                      +Infinity
   0.0000000000000000      -0.97799999999999998        0.0000000000000000                      +Infinity
   0.0000000000000000      -0.97399999999999998        0.0000000000000000                      +Infinity
   0.0000000000000000      -0.96999999999999997        0.0000000000000000                      +Infinity
   0.0000000000000000      -0.96599999999999997        0.0000000000000000                      +Infinity
   0.0000000000000000      -0.96199999999999997        0.0000000000000000                      +Infinity
   0.0000000000000000      -0.95799999999999996        0.0000000000000000                      +Infinity
   0.0000000000000000      -0.95399999999999996        0.0000000000000000                      +Infinity
   0.0000000000000000      -0.94999999999999996        0.0000000000000000                      +Infinity
   0.0000000000000000      -0.94599999999999995        0.0000000000000000                      +Infinity
   0.0000000000000000      -0.94199999999999995        0.0000000000000000                      +Infinity
   0.0000000000000000      -0.93799999999999994        0.0000000000000000                      +Infinity
   0.0000000000000000      -0.93400000000000005        0.0000000000000000                      +Infinity
   0.0000000000000000      -0.93000000000000005        0.0000000000000000                      +Infinity
   0.0000000000000000      -0.92600000000000005        0.0000000000000000                      +Infinity
   0.0000000000000000      -0.92200000000000004        0.0000000000000000                      +Infinity
   0.0000000000000000      -0.91800000000000004        0.0000000000000000                      +Infinity
   0.0000000000000000      -0.91400000000000003        0.0000000000000000                      +Infinity
   0.0000000000000000      -0.91000000000000003        0.0000000000000000                      +Infinity
   0.0000000000000000      -0.90600000000000003        0.0000000000000000                      +Infinity
   0.0000000000000000      -0.90200000000000002        0.0000000000000000                      +Infinity
   0.0000000000000000      -0.89800000000000002        0.0000000000000000                      +Infinity
   0.0000000000000000      -0.89400000000000002        0.0000000000000000                      +Infinity
   0.0000000000000000      -0.89000000000000001        0.0000000000000000                      +Infinity
   0.0000000000000000      -0.88600000000000001        0.0000000000000000                      +Infinity
   0.0000000000000000      -0.88200000000000001        0.0000000000000000                      +Infinity
   0.0000000000000000      -0.87800000000000000        0.0000000000000000                      +Infinity
   0.0000000000000000      -0.87400000000000000        0.0000000000000000                      +Infinity
   0.0000000000000000      -0.87000000000000000        0.0000000000000000                      +Infinity
   0.0000000000000000      -0.86599999999999999        0.0000000000000000                      +Infinity
   0.0000000000000000      -0.86199999999999999        0.0000000000000000                      +Infinity
   0.0000000000000000      -0.85799999999999998        0.0000000000000000                      +Infinity
   0.0000000000000000      -0.85399999999999998        0.0000000000000000                      +Infinity
   0.0000000000000000      -0.84999999999999998        0.0000000000000000                      +Infinity
   0.0000000000000000      -0.84599999999999997        0.0000000000000000                      +Infinity
   0.0000000000000000      -0.84199999999999997        0.0000000000000000                      +Infinity
   0.0000000000000000      -0.83799999999999997        0.0000000000000000                      +Infinity
   0.0000000000000000      -0.83399999999999996        0.0000000000000000                      +Infinity
   0.0000000000000000      -0.82999999999999996        0.0000000000000000                      +Infinity
   0.0000000000000000      -0.82599999999999996        0.0000000000000000                      +Infinity
   0.0000000000000000      -0.82199999999999995        0.0000000000000000                      +Infinity
   0.0000000000000000      -0.81799999999999995        0.0000000000000000                      +Infinity
   0.0000000000000000      -0.81399999999999995        0.0000000000000000                      +Infinity
   0.0000000000000000      -0.81000000000000005        0.0000000000000000                      +Infinity
   0.0000000000000000      -0.80600000000000005        0.0000000000000000                      +Infinity
   0.0000000000000000      -0.80200000000000005        0.0000000000000000                      +Infinity
   0.0000000000000000      -0.79800000000000004        0.0000000000000000                      +Infinity
   0.0000000000000000      -0.79400000000000004        0.0000000000000000                      +Infinity
   0.0000000000000000      -0.79000000000000004        0.0000000000000000                      +Infinity
   0.0000000000000000      -0.78600000000000003        0.0000000000000000                      +Infinity
   0.0000000000000000      -0.78200000000000003        0.0000000000000000                      +Infinity
   0.0000000000000000      -0.77800000000000002       7.88000000000000009E-009   18.658937933076622
   0.0000000000000000      -0.77400000000000002       3.01449999999999963E-008   17.317246765005041
   0.0000000000000000      -0.77000000000000002       7.41699999999999951E-008   16.416906081197943
   0.0000000000000000      -0.76600000000000001       1.03735000000000009E-007   16.081426266601309
   0.0000000000000000      -0.76200000000000001       2.07539999999999991E-007   15.387941744769279
   0.0000000000000000      -0.75800000000000001       4.58739999999999990E-007   14.594782236180341
   0.0000000000000000      -0.75400000000000000       6.99969999999999987E-007   14.172228359964258
   0.0000000000000000      -0.75000000000000000       1.17857000000000005E-006   13.651208718794944
   0.0000000000000000      -0.74600000000000000       1.86980500000000001E-006   13.189676410609982
   0.0000000000000000      -0.74199999999999999       2.62471499999999982E-006   12.850538239243562
   0.0000000000000000      -0.73799999999999999       3.63903000000000021E-006   12.523793395345150
   0.0000000000000000      -0.73399999999999999       4.84399500000000020E-006   12.237770764478750
   0.0000000000000000      -0.72999999999999998       6.75361500000000022E-006   11.905432640882974
   0.0000000000000000      -0.72599999999999998       9.88050500000000002E-006   11.524946934150417
   0.0000000000000000      -0.72199999999999998       1.30020300000000006E-005   11.250405058847326
   0.0000000000000000      -0.71799999999999997       1.67435600000000007E-005   10.997496851235606
   0.0000000000000000      -0.71399999999999997       2.14889599999999976E-005   10.747971243083052
   0.0000000000000000      -0.70999999999999996       2.77744499999999997E-005   10.491394024614840
   0.0000000000000000      -0.70599999999999996       3.47103749999999971E-005   10.268471924346001
   0.0000000000000000      -0.70199999999999996       4.32848499999999994E-005   10.047707868706262
   0.0000000000000000      -0.69799999999999995       5.23979749999999936E-005   9.8566426124221849
   0.0000000000000000      -0.69399999999999995       6.48746300000000060E-005   9.6430539197700149
   0.0000000000000000      -0.68999999999999995       7.91617350000000004E-005   9.4440175198349277
   0.0000000000000000      -0.68600000000000005       9.53537300000000036E-005   9.2579171076478417
   0.0000000000000000      -0.68200000000000005       1.15888674999999999E-004   9.0628805259390077
   0.0000000000000000      -0.67800000000000005       1.35093369999999988E-004   8.9095443889617645
   0.0000000000000000      -0.67400000000000004       1.60578130000000002E-004   8.7367299425613822
   0.0000000000000000      -0.67000000000000004       1.87188755000000016E-004   8.5833930651694690
   0.0000000000000000      -0.66600000000000004       2.18034315000000022E-004   8.4308580993056843
   0.0000000000000000      -0.66200000000000003       2.49220714999999992E-004   8.2971716485025411
   0.0000000000000000      -0.65800000000000003       2.81842490000000024E-004   8.1741621891704312
   0.0000000000000000      -0.65400000000000003       3.14438240000000017E-004   8.0647228763066412
   0.0000000000000000      -0.65000000000000002       3.53399835000000034E-004   7.9479104649718257
   0.0000000000000000      -0.64600000000000002       3.94320360000000004E-004   7.8383468826034788
   0.0000000000000000      -0.64200000000000002       4.35562149999999958E-004   7.7388730623244761
   0.0000000000000000      -0.63800000000000001       4.75474835000000006E-004   7.6511966006180092
   0.0000000000000000      -0.63400000000000001       5.25218074999999956E-004   7.5516970006670547
   0.0000000000000000      -0.63000000000000000       5.76999044999999952E-004   7.4576699465701957
   0.0000000000000000      -0.62600000000000000       6.29137759999999989E-004   7.3711603109355401
   0.0000000000000000      -0.62200000000000000       6.82602590000000063E-004   7.2895977271830148
   0.0000000000000000      -0.61799999999999999       7.36844395000000002E-004   7.2131338210381468
   0.0000000000000000      -0.61399999999999999       7.91453595000000021E-004   7.1416393095470569
   0.0000000000000000      -0.60999999999999999       8.48849185000000064E-004   7.0716290258306111
   0.0000000000000000      -0.60599999999999998       9.11634940000000072E-004   7.0002709331131232
   0.0000000000000000      -0.60199999999999998       9.73384070000000035E-004   6.9347318260162778
   0.0000000000000000      -0.59799999999999998       1.03072221000000000E-003   6.8774955476914821
   0.0000000000000000      -0.59399999999999997       1.09534030999999983E-003   6.8166901786093206
   0.0000000000000000      -0.58999999999999997       1.15771038499999993E-003   6.7613110304205355
   0.0000000000000000      -0.58599999999999997       1.21795424000000017E-003   6.7105826801867288
   0.0000000000000000      -0.58199999999999996       1.28239914499999989E-003   6.6590226233878056
   0.0000000000000000      -0.57799999999999996       1.34561174000000011E-003   6.6109065440511889
   0.0000000000000000      -0.57399999999999995       1.40619559500000007E-003   6.5668673807599438
   0.0000000000000000      -0.56999999999999995       1.46798741499999988E-003   6.5238629217148443
   0.0000000000000000      -0.56599999999999995       1.52572312500000003E-003   6.4852868009828581
   0.0000000000000000      -0.56200000000000006       1.58807097500000003E-003   6.4452352225715837
   0.0000000000000000      -0.55800000000000005       1.64293166000000000E-003   6.4112730354360314
   0.0000000000000000      -0.55400000000000005       1.70503622500000002E-003   6.3741689221380460
   0.0000000000000000      -0.55000000000000004       1.76548465000000011E-003   6.3393300370544736
   0.0000000000000000      -0.54600000000000004       1.82644638000000023E-003   6.3053830688529819
   0.0000000000000000      -0.54200000000000004       1.88491938499999985E-003   6.2738702255749281
   0.0000000000000000      -0.53800000000000003       1.94703967999999990E-003   6.2414451727278397
   0.0000000000000000      -0.53400000000000003       2.00431333000000017E-003   6.2124537556858552
   0.0000000000000000      -0.53000000000000003       2.06060458999999998E-003   6.1847558489492362
   0.0000000000000000      -0.52600000000000002       2.12015147000000010E-003   6.1562677447373035
   0.0000000000000000      -0.52200000000000002       2.17807597000000026E-003   6.1293133744552568
   0.0000000000000000      -0.51800000000000002       2.23640238499999994E-003   6.1028867823662782
   0.0000000000000000      -0.51400000000000001       2.28809417000000025E-003   6.0800360480947786
   0.0000000000000000      -0.51000000000000001       2.33391945499999975E-003   6.0602062551391152
   0.0000000000000000      -0.50600000000000001       2.38387965000000021E-003   6.0390260134358620
   0.0000000000000000      -0.50200000000000000       2.42286414999999967E-003   6.0228049055788189
   0.0000000000000000      -0.49800000000000000       2.46949277999999970E-003   6.0037425016566273
   0.0000000000000000      -0.49399999999999999       2.51518465499999972E-003   5.9854090566544862
   0.0000000000000000      -0.48999999999999999       2.55528519000000013E-003   5.9695914412033071
   0.0000000000000000      -0.48599999999999999       2.59877136999999998E-003   5.9527164956416385
   0.0000000000000000      -0.48199999999999998       2.63559800499999983E-003   5.9386451758682863
   0.0000000000000000      -0.47799999999999998       2.66897996000000021E-003   5.9260589170180618
   0.0000000000000000      -0.47399999999999998       2.71014413000000018E-003   5.9107534610029280
   0.0000000000000000      -0.46999999999999997       2.76160464999999997E-003   5.8919433732700943
   0.0000000000000000      -0.46600000000000003       2.79683794500000006E-003   5.8792658053039029
   0.0000000000000000      -0.46200000000000002       2.83321393499999996E-003   5.8663435456301505
   0.0000000000000000      -0.45800000000000002       2.87223051500000003E-003   5.8526663681340434
   0.0000000000000000      -0.45400000000000001       2.90238417999999975E-003   5.8422227487198333
   0.0000000000000000      -0.45000000000000001       2.94191201000000005E-003   5.8286955654758481
   0.0000000000000000      -0.44600000000000001       2.98148947500000020E-003   5.8153322795096418
   0.0000000000000000      -0.44200000000000000       3.01279869499999995E-003   5.8048858332133655
   0.0000000000000000      -0.43800000000000000       3.04649221500000005E-003   5.7937644436704225
   0.0000000000000000      -0.43400000000000000       3.08752965999999985E-003   5.7803839705964508
   0.0000000000000000      -0.42999999999999999       3.11994720000000015E-003   5.7699392003808656
   0.0000000000000000      -0.42599999999999999       3.14388443000000002E-003   5.7622961639966546
   0.0000000000000000      -0.42199999999999999       3.18034432499999988E-003   5.7507658097498373
   0.0000000000000000      -0.41799999999999998       3.19984212999999997E-003   5.7446538047684363
   0.0000000000000000      -0.41399999999999998       3.23096103499999994E-003   5.7349756519463240
   0.0000000000000000      -0.40999999999999998       3.26322826999999975E-003   5.7250383067231390
   0.0000000000000000      -0.40600000000000003       3.28203732500000024E-003   5.7192909137402710
   0.0000000000000000      -0.40200000000000002       3.29355634499999949E-003   5.7157873420899845
   0.0000000000000000      -0.39800000000000002       3.30830075000000017E-003   5.7113205899919919
   0.0000000000000000      -0.39400000000000002       3.33093510499999973E-003   5.7045022020978697
   0.0000000000000000      -0.39000000000000001       3.34866478499999979E-003   5.6991935842377419
   0.0000000000000000      -0.38600000000000001       3.36642689999999993E-003   5.6939033641609242
   0.0000000000000000      -0.38200000000000001       3.39563449999999998E-003   5.6852646429447491
   0.0000000000000000      -0.37800000000000000       3.41617421500000013E-003   5.6792340046489942
   0.0000000000000000      -0.37400000000000000       3.44356785000000032E-003   5.6712471793838892
   0.0000000000000000      -0.37000000000000000       3.46348234499999985E-003   5.6654807379593874
   0.0000000000000000      -0.36599999999999999       3.48481812500000014E-003   5.6593394240798380
   0.0000000000000000      -0.36199999999999999       3.50394336999999964E-003   5.6538662675682714
   0.0000000000000000      -0.35799999999999998       3.53293344000000023E-003   5.6456267502957562
   0.0000000000000000      -0.35399999999999998       3.54462864999999976E-003   5.6423218776585271
   0.0000000000000000      -0.34999999999999998       3.56532258499999994E-003   5.6365007425335332
   0.0000000000000000      -0.34599999999999997       3.57724999000000017E-003   5.6331609329728733
   0.0000000000000000      -0.34200000000000003       3.58197737500000031E-003   5.6318402916673058
   0.0000000000000000      -0.33800000000000002       3.59719515000000035E-003   5.6276008621956999
   0.0000000000000000      -0.33400000000000002       3.62029556999999983E-003   5.6211996073062984
   0.0000000000000000      -0.33000000000000002       3.64118959500000020E-003   5.6154448389116496
   0.0000000000000000      -0.32600000000000001       3.65535411499999996E-003   5.6115623053845329
   0.0000000000000000      -0.32200000000000001       3.65650438999999983E-003   5.6112476726523211
   0.0000000000000000      -0.31800000000000000       3.65721728500000010E-003   5.6110527253918319
   0.0000000000000000      -0.31400000000000000       3.67199242000000028E-003   5.6070208704961759
   0.0000000000000000      -0.31000000000000000       3.67553551999999983E-003   5.6060564372055346
   0.0000000000000000      -0.30599999999999999       3.68652059499999978E-003   5.6030721939504184
   0.0000000000000000      -0.30199999999999999       3.69899758000000016E-003   5.5996934203629074
   0.0000000000000000      -0.29799999999999999       3.70928117500000020E-003   5.5969171745046742
   0.0000000000000000      -0.29399999999999998       3.71628468999999967E-003   5.5950308490167586
   0.0000000000000000      -0.28999999999999998       3.71921448500000000E-003   5.5942427929407188
   0.0000000000000000      -0.28599999999999998       3.72291734499999956E-003   5.5932476855198496
   0.0000000000000000      -0.28199999999999997       3.72847368999999979E-003   5.5917563274623419
   0.0000000000000000      -0.27800000000000002       3.72933975500000037E-003   5.5915240703778011
   0.0000000000000000      -0.27400000000000002       3.72710105000000026E-003   5.5921245458930802
   0.0000000000000000      -0.27000000000000002       3.73425469500000004E-003   5.5902070264940846
   0.0000000000000000      -0.26600000000000001       3.74454992999999998E-003   5.5874538481402247
   0.0000000000000000      -0.26200000000000001       3.75310490000000047E-003   5.5851718082473187
   0.0000000000000000      -0.25800000000000001       3.74945607499999967E-003   5.5861444961867690
   0.0000000000000000      -0.25400000000000000       3.75109895499999967E-003   5.5857064272652828
   0.0000000000000000      -0.25000000000000000       3.75629181500000036E-003   5.5843230276295728
   0.0000000000000000      -0.24600000000000000       3.75230282000000009E-003   5.5853855421397274
   0.0000000000000000      -0.24199999999999999       3.75305613000000019E-003   5.5851848029059221
   0.0000000000000000      -0.23799999999999999       3.75424950000000004E-003   5.5848668805862864
   0.0000000000000000      -0.23400000000000001       3.75650561499999954E-003   5.5842661114137293
   0.0000000000000000      -0.23000000000000001       3.76592206999999983E-003   5.5817625420042969
   0.0000000000000000      -0.22600000000000001       3.76406582999999975E-003   5.5822555680389341
   0.0000000000000000      -0.22200000000000000       3.77472925499999995E-003   5.5794266193829909
   0.0000000000000000      -0.21800000000000000       3.77523590500000034E-003   5.5792924068429262
   0.0000000000000000      -0.21400000000000000       3.78018805999999962E-003   5.5779815192654452
   0.0000000000000000      -0.20999999999999999       3.78546124499999984E-003   5.5765875382226255
   0.0000000000000000      -0.20599999999999999       3.78426139999999984E-003   5.5769045498401759
   0.0000000000000000      -0.20200000000000001       3.78146276000000019E-003   5.5776443706606189
   0.0000000000000000      -0.19800000000000001       3.76796570500000051E-003   5.5812200239548755
   0.0000000000000000      -0.19400000000000001       3.76057995000000055E-003   5.5831820914531347
   0.0000000000000000      -0.19000000000000000       3.77369098000000010E-003   5.5797017166812921
   0.0000000000000000      -0.18600000000000000       3.78150193000000023E-003   5.5776340122888408
   0.0000000000000000      -0.18200000000000000       3.78492450499999999E-003   5.5767293381304830
   0.0000000000000000      -0.17799999999999999       3.78273930499999989E-003   5.5773068479447661
   0.0000000000000000      -0.17399999999999999       3.78999387499999972E-003   5.5753908759840947
   0.0000000000000000      -0.17000000000000001       3.80302264500000011E-003   5.5719590955441447
   0.0000000000000000      -0.16600000000000001       3.81006228999999962E-003   5.5701097408958073
   0.0000000000000000      -0.16200000000000001       3.81456614499999999E-003   5.5689283441727460
   0.0000000000000000      -0.15800000000000000       3.81674505000000009E-003   5.5683573007429779
   0.0000000000000000      -0.15400000000000000       3.81564361499999978E-003   5.5686459220530269
   0.0000000000000000      -0.14999999999999999       3.81991239500000012E-003   5.5675277898726971
   0.0000000000000000      -0.14599999999999999       3.82147792000000043E-003   5.5671180411339556
   0.0000000000000000      -0.14199999999999999       3.81342501500000000E-003   5.5692275395925037
   0.0000000000000000      -0.13800000000000001       3.81179374999999956E-003   5.5696554001103875
   0.0000000000000000      -0.13400000000000001       3.81626263499999958E-003   5.5684837030788721
   0.0000000000000000      -0.13000000000000000       3.81323915500000020E-003   5.5692762791189585
   0.0000000000000000      -0.12600000000000000       3.80910845000000022E-003   5.5703601198510855
   0.0000000000000000      -0.12200000000000000       3.80936953499999955E-003   5.5702915799142065
   0.0000000000000000      -0.11799999999999999       3.80423191000000020E-003   5.5716411713833471
   0.0000000000000000      -0.11400000000000000       3.81011920500000031E-003   5.5700948029313935
   0.0000000000000000      -0.11000000000000000       3.81810467500000002E-003   5.5680011378679133
   0.0000000000000000      -0.10600000000000000       3.81624222000000006E-003   5.5684890525677719
   0.0000000000000000      -0.10199999999999999       3.81444824499999969E-003   5.5689592524903828
   0.0000000000000000      -9.80000000000000038E-002  3.81802523999999997E-003   5.5680219429094420
   0.0000000000000000      -9.40000000000000002E-002  3.81311140999999977E-003   5.5693097800704088
   0.0000000000000000      -8.99999999999999967E-002  3.80852751500000003E-003   5.5705126435484100
   0.0000000000000000      -8.59999999999999931E-002  3.81209883000000003E-003   5.5695753675031696
   0.0000000000000000      -8.20000000000000034E-002  3.81622914499999983E-003   5.5684924787188512
   0.0000000000000000      -7.79999999999999999E-002  3.81529045500000018E-003   5.5687384821503914
   0.0000000000000000      -7.39999999999999963E-002  3.81283424499999964E-003   5.5693824700717967
   0.0000000000000000      -7.00000000000000067E-002  3.81480633999999996E-003   5.5688653783126965
   0.0000000000000000      -6.60000000000000031E-002  3.81712329000000010E-003   5.5682582055048986
   0.0000000000000000      -6.19999999999999996E-002  3.82289816500000013E-003   5.5667464620801388
   0.0000000000000000      -5.80000000000000029E-002  3.83220069500000027E-003   5.5643160468107249
   0.0000000000000000      -5.39999999999999994E-002  3.83475618499999962E-003   5.5636494224551605
   0.0000000000000000      -5.00000000000000028E-002  3.82860482499999995E-003   5.5652548176109224
   0.0000000000000000      -4.59999999999999992E-002  3.82814230500000017E-003   5.5653756313175036
   0.0000000000000000      -4.20000000000000026E-002  3.83879527000000010E-003   5.5625966933774427
   0.0000000000000000      -3.79999999999999991E-002  3.83306042500000015E-003   5.5640917282936790
   0.0000000000000000      -3.40000000000000024E-002  3.82748261999999980E-003   5.5655479712657367
   0.0000000000000000      -2.99999999999999989E-002  3.83862977499999959E-003   5.5626398054883541
   0.0000000000000000      -2.59999999999999988E-002  3.84127637000000006E-003   5.5619505795903281
   0.0000000000000000      -2.19999999999999987E-002  3.84234807999999988E-003   5.5616716200930432
   0.0000000000000000      -1.79999999999999986E-002  3.83286421000000052E-003   5.5641429197700853
   0.0000000000000000      -1.40000000000000003E-002  3.82729592499999986E-003   5.5655967499466454
   0.0000000000000000      -1.00000000000000002E-002  3.83100880000000017E-003   5.5646271162158847
   0.0000000000000000      -6.00000000000000012E-003  3.83334227499999977E-003   5.5640181996750675
   0.0000000000000000      -2.00000000000000004E-003  3.82887980000000015E-003   5.5651829989880763
   0.0000000000000000       2.00000000000000004E-003  3.83113254499999967E-003   5.5645948158459388
   0.0000000000000000       6.00000000000000012E-003  3.82818100499999993E-003   5.5653655220265463
   0.0000000000000000       1.00000000000000002E-002  3.82688551000000049E-003   5.5657039893696663
   0.0000000000000000       1.40000000000000003E-002  3.83083020499999996E-003   5.5646737355718683
   0.0000000000000000       1.79999999999999986E-002  3.83334642499999967E-003   5.5640171170694828
   0.0000000000000000       2.19999999999999987E-002  3.83709661500000005E-003   5.5630392882063378
   0.0000000000000000       2.59999999999999988E-002  3.83916330500000012E-003   5.5625008254467456
   0.0000000000000000       2.99999999999999989E-002  3.84011907499999961E-003   5.5622519037486908
   0.0000000000000000       3.40000000000000024E-002  3.84370741500000010E-003   5.5613179054952093
   0.0000000000000000       3.79999999999999991E-002  3.85811769999999969E-003   5.5575758569287093
   0.0000000000000000       4.20000000000000026E-002  3.85919190499999995E-003   5.5572974684586542
   0.0000000000000000       4.59999999999999992E-002  3.86659986500000009E-003   5.5553797459802681
   0.0000000000000000       5.00000000000000028E-002  3.86150852000000013E-003   5.5566973635609118
   0.0000000000000000       5.39999999999999994E-002  3.86696677999999981E-003   5.5552848570326150
   0.0000000000000000       5.80000000000000029E-002  3.85800939499999964E-003   5.5576039293019797
   0.0000000000000000       6.19999999999999996E-002  3.85406430000000046E-003   5.5586270251644265
   0.0000000000000000       6.60000000000000031E-002  3.86497026999999991E-003   5.5558012890810033
   0.0000000000000000       7.00000000000000067E-002  3.86683720999999973E-003   5.5553183644760873
   0.0000000000000000       7.39999999999999963E-002  3.87017608999999955E-003   5.5544552716836098
   0.0000000000000000       7.79999999999999999E-002  3.86981268999999966E-003   5.5545491736285850
   0.0000000000000000       8.20000000000000034E-002  3.86394050499999989E-003   5.5560677600071333
   0.0000000000000000       8.59999999999999931E-002  3.85574131500000025E-003   5.5581919908431496
   0.0000000000000000       8.99999999999999967E-002  3.85993893999999997E-003   5.5571039142833634
   0.0000000000000000       9.40000000000000002E-002  3.84609042499999996E-003   5.5606981206514812
   0.0000000000000000       9.80000000000000038E-002  3.84115392499999970E-003   5.5619824562218918
   0.0000000000000000       0.10199999999999999       3.84575918999999992E-003   5.5607842468803552
   0.0000000000000000       0.10600000000000000       3.83975455499999986E-003   5.5623468323940921
   0.0000000000000000       0.11000000000000000       3.82842028500000008E-003   5.5653030190984154
   0.0000000000000000       0.11400000000000000       3.82200339999999973E-003   5.5669805435778477
   0.0000000000000000       0.11799999999999999       3.82261394000000003E-003   5.5668208128878351
   0.0000000000000000       0.12200000000000000       3.82059388500000010E-003   5.5673494011699507
   0.0000000000000000       0.12600000000000000       3.82276974500000023E-003   5.5667800549595379
   0.0000000000000000       0.13000000000000000       3.82168590499999987E-003   5.5670636173364771
   0.0000000000000000       0.13400000000000001       3.81608302499999953E-003   5.5685307685573076
   0.0000000000000000       0.13800000000000001       3.81289111500000008E-003   5.5693675547693653
   0.0000000000000000       0.14199999999999999       3.80846168500000026E-003   5.5705299285932677
   0.0000000000000000       0.14599999999999999       3.81985387499999976E-003   5.5675431097131041
   0.0000000000000000       0.14999999999999999       3.82076703499999995E-003   5.5673040820175537
   0.0000000000000000       0.15400000000000000       3.81847411500000006E-003   5.5679043824986705
   0.0000000000000000       0.15800000000000000       3.80511771999999995E-003   5.5714083499079061
   0.0000000000000000       0.16200000000000001       3.80310329499999964E-003   5.5719378889533946
   0.0000000000000000       0.16600000000000001       3.79871893500000014E-003   5.5730913914567379
   0.0000000000000000       0.17000000000000001       3.80609535500000011E-003   5.5711514565596998
   0.0000000000000000       0.17399999999999999       3.79964391999999991E-003   5.5728479219035671
   0.0000000000000000       0.17799999999999999       3.79673558000000015E-003   5.5736136393462257
   0.0000000000000000       0.18200000000000000       3.80158535000000002E-003   5.5723371018840009
   0.0000000000000000       0.18600000000000000       3.80443243999999993E-003   5.5715884604236248
   0.0000000000000000       0.19000000000000000       3.81704499499999983E-003   5.5682787172350778
   0.0000000000000000       0.19400000000000001       3.82832368999999964E-003   5.5653282504501025
   0.0000000000000000       0.19800000000000001       3.82455391499999988E-003   5.5663134420341018
   0.0000000000000000       0.20200000000000001       3.82744412500000009E-003   5.5655580288407549
   0.0000000000000000       0.20599999999999999       3.82539560499999985E-003   5.5660933909079615
   0.0000000000000000       0.20999999999999999       3.83177059499999976E-003   5.5644282862709682
   0.0000000000000000       0.21400000000000000       3.83063418000000001E-003   5.5647249072513789
   0.0000000000000000       0.21800000000000000       3.82901876000000044E-003   5.5651467070474281
   0.0000000000000000       0.22200000000000000       3.82623735000000046E-003   5.5658733738192314
   0.0000000000000000       0.22600000000000001       3.83434282999999985E-003   5.5637572199942440
   0.0000000000000000       0.23000000000000001       3.83521136000000012E-003   5.5635307322526630
   0.0000000000000000       0.23400000000000001       3.83703975999999955E-003   5.5630541055088258
   0.0000000000000000       0.23799999999999999       3.82627283000000007E-003   5.5658641010448964
   0.0000000000000000       0.24199999999999999       3.80943757499999959E-003   5.5702737188503892
   0.0000000000000000       0.24600000000000000       3.80148504000000012E-003   5.5723634885922282
   0.0000000000000000       0.25000000000000000       3.78823473500000023E-003   5.5758551375212235
   0.0000000000000000       0.25400000000000000       3.78611924499999957E-003   5.5764137303888379
   0.0000000000000000       0.25800000000000001       3.77661510000000013E-003   5.5789271467194359
   0.0000000000000000       0.26200000000000001       3.76287274500000006E-003   5.5825725853755586
   0.0000000000000000       0.26600000000000001       3.74883748999999987E-003   5.5863094897272436
   0.0000000000000000       0.27000000000000002       3.73906028499999994E-003   5.5889209598221408
   0.0000000000000000       0.27400000000000002       3.72853179000000009E-003   5.5917407447997949
   0.0000000000000000       0.27800000000000002       3.72247212500000004E-003   5.5933672816812932
   0.0000000000000000       0.28199999999999997       3.71873342499999971E-003   5.5943721458231241
   0.0000000000000000       0.28599999999999998       3.70660420500000011E-003   5.5976391301388579
   0.0000000000000000       0.28999999999999998       3.70175185499999971E-003   5.5989490970612339
   0.0000000000000000       0.29399999999999998       3.69779308500000009E-003   5.6000191008005995
   0.0000000000000000       0.29799999999999999       3.68278105500000020E-003   5.6040870907475879
   0.0000000000000000       0.30199999999999999       3.67037980999999989E-003   5.6074601318072110
   0.0000000000000000       0.30599999999999999       3.65646599000000018E-003   5.6112581745408843
   0.0000000000000000       0.31000000000000000       3.64399459500000002E-003   5.6146747828456789
   0.0000000000000000       0.31400000000000000       3.64153607000000006E-003   5.6153496890965391
   0.0000000000000000       0.31800000000000000       3.63123883000000033E-003   5.6181814134445149
   0.0000000000000000       0.32200000000000001       3.61551455000000020E-003   5.6225210960177163
   0.0000000000000000       0.32600000000000001       3.59981451499999990E-003   5.6268729584585708
   0.0000000000000000       0.33000000000000002       3.57588304499999957E-003   5.6335431277426196
   0.0000000000000000       0.33400000000000002       3.54203337000000024E-003   5.6430543184349320
   0.0000000000000000       0.33800000000000002       3.54057407500000003E-003   5.6434663969051790
   0.0000000000000000       0.34200000000000003       3.53740521000000000E-003   5.6443618121315113
   0.0000000000000000       0.34599999999999997       3.52999488000000023E-003   5.6464588584629123
   0.0000000000000000       0.34999999999999998       3.51017123999999977E-003   5.6520904563695904
   0.0000000000000000       0.35399999999999998       3.49933616499999980E-003   5.6551819956187135
   0.0000000000000000       0.35799999999999998       3.47858728499999973E-003   5.6611290202030187
   0.0000000000000000       0.36199999999999999       3.46103047000000021E-003   5.6661889105537568
   0.0000000000000000       0.36599999999999999       3.44759442000000006E-003   5.6700785607095687
   0.0000000000000000       0.37000000000000000       3.42549053500000025E-003   5.6765105956254152
   0.0000000000000000       0.37400000000000000       3.40164827999999992E-003   5.6834951765965798
   0.0000000000000000       0.37800000000000000       3.37153712499999991E-003   5.6923865184310127
   0.0000000000000000       0.38200000000000001       3.35416225000000024E-003   5.6975532416766184
   0.0000000000000000       0.38600000000000001       3.33879710499999970E-003   5.7021446850660604
   0.0000000000000000       0.39000000000000001       3.31708908499999972E-003   5.7086676622780779
   0.0000000000000000       0.39400000000000002       3.30693364500000021E-003   5.7117339101973936
   0.0000000000000000       0.39800000000000002       3.29384468499999963E-003   5.7156997992187151
   0.0000000000000000       0.40200000000000002       3.27080321500000009E-003   5.7227196927369812
   0.0000000000000000       0.40600000000000003       3.24643737499999982E-003   5.7301970762064078
   0.0000000000000000       0.40999999999999998       3.22266961999999975E-003   5.7375451883841091
   0.0000000000000000       0.41399999999999998       3.20310132999999985E-003   5.7436357728892409
   0.0000000000000000       0.41799999999999998       3.17494954500000025E-003   5.7524635381023330
   0.0000000000000000       0.42199999999999999       3.15110968500000033E-003   5.7600006072285801
   0.0000000000000000       0.42599999999999999       3.12585770999999988E-003   5.7680465662530036
   0.0000000000000000       0.42999999999999999       3.09404474499999985E-003   5.7782760650741665
   0.0000000000000000       0.43400000000000000       3.06228807499999995E-003   5.7885929055057224
   0.0000000000000000       0.43800000000000000       3.03489699999999994E-003   5.7975777924435965
   0.0000000000000000       0.44200000000000000       3.00240897500000025E-003   5.8083403208726843
   0.0000000000000000       0.44600000000000001       2.95834040999999994E-003   5.8231268401789524
   0.0000000000000000       0.45000000000000001       2.92462458000000008E-003   5.8345891552536671
   0.0000000000000000       0.45400000000000001       2.89972265499999996E-003   5.8431401827700391
   0.0000000000000000       0.45800000000000002       2.86545898999999993E-003   5.8550267357133521
   0.0000000000000000       0.46200000000000002       2.82732348500000031E-003   5.8684247798625799
   0.0000000000000000       0.46600000000000003       2.78693484000000014E-003   5.8828129107341134
   0.0000000000000000       0.46999999999999997       2.74407545000000027E-003   5.8983110731408308
   0.0000000000000000       0.47399999999999998       2.71364586999999977E-003   5.9094622087654534
   0.0000000000000000       0.47799999999999998       2.67564643500000027E-003   5.9235642698848192
   0.0000000000000000       0.48199999999999998       2.63245193499999980E-003   5.9398395724324198
   0.0000000000000000       0.48599999999999999       2.59048780500000008E-003   5.9559090793059202
   0.0000000000000000       0.48999999999999999       2.54830613500000008E-003   5.9723264013150592
   0.0000000000000000       0.49399999999999999       2.49916718499999975E-003   5.9917977286067741
   0.0000000000000000       0.49800000000000000       2.44711343499999989E-003   6.0128461388326606
   0.0000000000000000       0.50200000000000000       2.40343169499999997E-003   6.0308576900064175
   0.0000000000000000       0.50600000000000001       2.35441307500000021E-003   6.0514638076285587
   0.0000000000000000       0.51000000000000001       2.30012608500000009E-003   6.0747913379843528
   0.0000000000000000       0.51400000000000001       2.25548513500000011E-003   6.0943901916939591
   0.0000000000000000       0.51800000000000002       2.20829280499999997E-003   6.1155355483991993
   0.0000000000000000       0.52200000000000002       2.15591890500000001E-003   6.1395382402791610
   0.0000000000000000       0.52600000000000002       2.09835320499999990E-003   6.1666024299843230
   0.0000000000000000       0.53000000000000003       2.03976801999999988E-003   6.1949191932784053
   0.0000000000000000       0.53400000000000003       1.98017093000000003E-003   6.2245721097189364
   0.0000000000000000       0.53800000000000003       1.92283426499999981E-003   6.2539550017371166
   0.0000000000000000       0.54200000000000004       1.86018106000000001E-003   6.2870814519086338
   0.0000000000000000       0.54600000000000004       1.79768763999999990E-003   6.3212540843875065
   0.0000000000000000       0.55000000000000004       1.73232866499999994E-003   6.3582887264515096
   0.0000000000000000       0.55400000000000005       1.67509024000000008E-003   6.3918882405294273
   0.0000000000000000       0.55800000000000005       1.61747733499999994E-003   6.4268875440521533
   0.0000000000000000       0.56200000000000006       1.55746323999999994E-003   6.4646969095073592
   0.0000000000000000       0.56599999999999995       1.49147665500000003E-003   6.5079886061601249
   0.0000000000000000       0.56999999999999995       1.43031614000000014E-003   6.5498597822211462
   0.0000000000000000       0.57399999999999995       1.36504539999999998E-003   6.5965675908250576
   0.0000000000000000       0.57799999999999996       1.30620260499999998E-003   6.6406311261629947
   0.0000000000000000       0.58199999999999996       1.24183648000000010E-003   6.6911639627537429
   0.0000000000000000       0.58599999999999997       1.17661478499999999E-003   6.7451137897451137
   0.0000000000000000       0.58999999999999997       1.11886452500000008E-003   6.7954409248994443
   0.0000000000000000       0.59399999999999997       1.06154268000000006E-003   6.8480320703753677
   0.0000000000000000       0.59799999999999998       1.00694163499999998E-003   6.9008376262104214
   0.0000000000000000       0.60199999999999998       9.48183730000000022E-004   6.9609622664707222
   0.0000000000000000       0.60599999999999998       8.89454144999999989E-004   7.0249026036205944
   0.0000000000000000       0.60999999999999999       8.34565354999999994E-004   7.0885995015718501
   0.0000000000000000       0.61399999999999999       7.80095244999999961E-004   7.1560945367609721
   0.0000000000000000       0.61799999999999999       7.27557574999999966E-004   7.2258174211566315
   0.0000000000000000       0.62200000000000000       6.71357815000000026E-004   7.3062083067893955
   0.0000000000000000       0.62600000000000000       6.17531225000000016E-004   7.3897809239389796
   0.0000000000000000       0.63000000000000000       5.70712499999999974E-004   7.4686249777352467
   0.0000000000000000       0.63400000000000001       5.26054374999999994E-004   7.5501059760446276
   0.0000000000000000       0.63800000000000001       4.75205699999999996E-004   7.6517627950382829
   0.0000000000000000       0.64200000000000002       4.29738210000000012E-004   7.7523343486326235
   0.0000000000000000       0.64600000000000002       3.84926614999999989E-004   7.8624578522345692
   0.0000000000000000       0.65000000000000002       3.43528665000000007E-004   7.9762400000019502
   0.0000000000000000       0.65400000000000003       3.03767849999999999E-004   8.0992467996040372
   0.0000000000000000       0.65800000000000003       2.65062109999999985E-004   8.2355463820816439
   0.0000000000000000       0.66200000000000003       2.29539554999999990E-004   8.3794351903735595
   0.0000000000000000       0.66600000000000004       1.99107410000000005E-004   8.5216661301080219
   0.0000000000000000       0.67000000000000004       1.70131435000000011E-004   8.6789392725794148
   0.0000000000000000       0.67400000000000004       1.44812860000000001E-004   8.8400682698015274
   0.0000000000000000       0.67800000000000005       1.21442150000000004E-004   9.0160725402575981
   0.0000000000000000       0.68200000000000005       1.04660934999999995E-004   9.1647846233700729
   0.0000000000000000       0.68600000000000005       8.65366449999999972E-005   9.3549425921187179
   0.0000000000000000       0.68999999999999995       7.30264699999999940E-005   9.5246885798006424
   0.0000000000000000       0.69399999999999995       6.02093149999999939E-005   9.7176834834003341
   0.0000000000000000       0.69799999999999995       4.89599899999999981E-005   9.9245071240085903
   0.0000000000000000       0.70199999999999996       3.89105699999999977E-005   10.154244621884670
   0.0000000000000000       0.70599999999999996       3.07439499999999989E-005   10.389817331036648
   0.0000000000000000       0.70999999999999996       2.47684649999999994E-005   10.605939286508384
   0.0000000000000000       0.71399999999999997       1.92357650000000006E-005   10.858739251300547
   0.0000000000000000       0.71799999999999997       1.50999150000000003E-005   11.100821443298312
   0.0000000000000000       0.72199999999999998       1.13811649999999996E-005   11.383550761922324
   0.0000000000000000       0.72599999999999998       8.28133499999999887E-006   11.701506370679510
   0.0000000000000000       0.72999999999999998       5.97765499999999978E-006   12.027482207377140
   0.0000000000000000       0.73399999999999999       4.54583500000000050E-006   12.301299128837147
   0.0000000000000000       0.73799999999999999       3.02597499999999986E-006   12.708277204363897
   0.0000000000000000       0.74199999999999999       1.88761500000000014E-006   13.180196430526896
   0.0000000000000000       0.74600000000000000       1.12306000000000005E-006   13.699453455318201
   0.0000000000000000       0.75000000000000000       8.00695000000000090E-007   14.037785736423350
   0.0000000000000000       0.75400000000000000       6.20630000000000019E-007   14.292530745784664
   0.0000000000000000       0.75800000000000001       2.59269999999999965E-007   15.165395847200001
   0.0000000000000000       0.76200000000000001       9.73200000000000006E-008   16.145261319031089
   0.0000000000000000       0.76600000000000001       5.70949999999999961E-008   16.678549289792802
   0.0000000000000000       0.77000000000000002       2.06899999999999987E-008   17.693615345188960
   0.0000000000000000       0.77400000000000002       8.55000000000000046E-009   18.577334553997741
   0.0000000000000000       0.77800000000000002        0.0000000000000000                      +Infinity
   0.0000000000000000       0.78200000000000003        0.0000000000000000                      +Infinity
   0.0000000000000000       0.78600000000000003        0.0000000000000000                      +Infinity
   0.0000000000000000       0.79000000000000004        0.0000000000000000                      +Infinity
   0.0000000000000000       0.79400000000000004        0.0000000000000000                      +Infinity
   0.0000000000000000       0.79800000000000004        0.0000000000000000                      +Infinity
   0.0000000000000000       0.80200000000000005        0.0000000000000000                      +Infinity
   0.0000000000000000       0.80600000000000005        0.0000000000000000                      +Infinity
   0.0000000000000000       0.81000000000000005        0.0000000000000000                      +Infinity
   0.0000000000000000       0.81399999999999995        0.0000000000000000                      +Infinity
   0.0000000000000000       0.81799999999999995        0.0000000000000000                      +Infinity
   0.0000000000000000       0.82199999999999995        0.0000000000000000                      +Infinity
   0.0000000000000000       0.82599999999999996        0.0000000000000000                      +Infinity
   0.0000000000000000       0.82999999999999996        0.0000000000000000                      +Infinity
   0.0000000000000000       0.83399999999999996        0.0000000000000000                      +Infinity
   0.0000000000000000       0.83799999999999997        0.0000000000000000                      +Infinity
   0.0000000000000000       0.84199999999999997        0.0000000000000000                      +Infinity
   0.0000000000000000       0.84599999999999997        0.0000000000000000                      +Infinity
   0.0000000000000000       0.84999999999999998        0.0000000000000000                      +Infinity
   0.0000000000000000       0.85399999999999998        0.0000000000000000                      +Infinity
   0.0000000000000000       0.85799999999999998        0.0000000000000000                      +Infinity
   0.0000000000000000       0.86199999999999999        0.0000000000000000                      +Infinity
   0.0000000000000000       0.86599999999999999        0.0000000000000000                      +Infinity
   0.0000000000000000       0.87000000000000000        0.0000000000000000                      +Infinity
   0.0000000000000000       0.87400000000000000        0.0000000000000000                      +Infinity
   0.0000000000000000       0.87800000000000000        0.0000000000000000                      +Infinity
   0.0000000000000000       0.88200000000000001        0.0000000000000000                      +Infinity
   0.0000000000000000       0.88600000000000001        0.0000000000000000                      +Infinity
   0.0000000000000000       0.89000000000000001        0.0000000000000000                      +Infinity
   0.0000000000000000       0.89400000000000002        0.0000000000000000                      +Infinity
   0.0000000000000000       0.89800000000000002        0.0000000000000000                      +Infinity
   0.0000000000000000       0.90200000000000002        0.0000000000000000                      +Infinity
   0.0000000000000000       0.90600000000000003        0.0000000000000000                      +Infinity
   0.0000000000000000       0.91000000000000003        0.0000000000000000                      +Infinity
   0.0000000000000000       0.91400000000000003        0.0000000000000000                      +Infinity
   0.0000000000000000       0.91800000000000004        0.0000000000000000                      +Infinity
   0.0000000000000000       0.92200000000000004        0.0000000000000000                      +Infinity
   0.0000000000000000       0.92600000000000005        0.0000000000000000                      +Infinity
   0.0000000000000000       0.93000000000000005        0.0000000000000000                      +Infinity
   0.0000000000000000       0.93400000000000005        0.0000000000000000                      +Infinity
   0.0000000000000000       0.93799999999999994        0.0000000000000000                      +Infinity
   0.0000000000000000       0.94199999999999995        0.0000000000000000                      +Infinity
   0.0000000000000000       0.94599999999999995        0.0000000000000000                      +Infinity
   0.0000000000000000       0.94999999999999996        0.0000000000000000                      +Infinity
   0.0000000000000000       0.95399999999999996        0.0000000000000000                      +Infinity
   0.0000000000000000       0.95799999999999996        0.0000000000000000                      +Infinity
   0.0000000000000000       0.96199999999999997        0.0000000000000000                      +Infinity
   0.0000000000000000       0.96599999999999997        0.0000000000000000                      +Infinity
   0.0000000000000000       0.96999999999999997        0.0000000000000000                      +Infinity
   0.0000000000000000       0.97399999999999998        0.0000000000000000                      +Infinity
   0.0000000000000000       0.97799999999999998        0.0000000000000000                      +Infinity
   0.0000000000000000       0.98199999999999998        0.0000000000000000                      +Infinity
   0.0000000000000000       0.98599999999999999        0.0000000000000000                      +Infinity
   0.0000000000000000       0.98999999999999999        0.0000000000000000                      +Infinity
   0.0000000000000000       0.99399999999999999        0.0000000000000000                      +Infinity
   0.0000000000000000       0.99800000000000000        0.0000000000000000                      +Infinity
