  0.22650000000000001      -0.99800000000000000        0.0000000000000000                      +Infinity
  0.22650000000000001      -0.99399999999999999        0.0000000000000000                      +Infinity
  0.22650000000000001      -0.98999999999999999        0.0000000000000000                      +Infinity
  0.22650000000000001      -0.98599999999999999        0.0000000000000000                      +Infinity
  0.22650000000000001      -0.98199999999999998        0.0000000000000000                      +Infinity
  0.22650000000000001      -0.97799999999999998        0.0000000000000000                      +Infinity
  0.22650000000000001      -0.97399999999999998        0.0000000000000000                      +Infinity
  0.22650000000000001      -0.96999999999999997        0.0000000000000000                      +Infinity
  0.22650000000000001      -0.96599999999999997        0.0000000000000000                      +Infinity
  0.22650000000000001      -0.96199999999999997        0.0000000000000000                      +Infinity
  0.22650000000000001      -0.95799999999999996        0.0000000000000000                      +Infinity
  0.22650000000000001      -0.95399999999999996        0.0000000000000000                      +Infinity
  0.22650000000000001      -0.94999999999999996        0.0000000000000000                      +Infinity
  0.22650000000000001      -0.94599999999999995        0.0000000000000000                      +Infinity
  0.22650000000000001      -0.94199999999999995        0.0000000000000000                      +Infinity
  0.22650000000000001      -0.93799999999999994        0.0000000000000000                      +Infinity
  0.22650000000000001      -0.93400000000000005        0.0000000000000000                      +Infinity
  0.22650000000000001      -0.93000000000000005        0.0000000000000000                      +Infinity
  0.22650000000000001      -0.92600000000000005        0.0000000000000000                      +Infinity
  0.22650000000000001      -0.92200000000000004        0.0000000000000000                      +Infinity
  0.22650000000000001      -0.91800000000000004        0.0000000000000000                      +Infinity
  0.22650000000000001      -0.91400000000000003        0.0000000000000000                      +Infinity
  0.22650000000000001      -0.91000000000000003        0.0000000000000000                      +Infinity
  0.22650000000000001      -0.90600000000000003        0.0000000000000000                      +Infinity
  0.22650000000000001      -0.90200000000000002        0.0000000000000000                      +Infinity
  0.22650000000000001      -0.89800000000000002        0.0000000000000000                      +Infinity
  0.22650000000000001      -0.89400000000000002        0.0000000000000000                      +Infinity
  0.22650000000000001      -0.89000000000000001        0.0000000000000000                      +Infinity
  0.22650000000000001      -0.88600000000000001        0.0000000000000000                      +Infinity
  0.22650000000000001      -0.88200000000000001        0.0000000000000000                      +Infinity
  0.22650000000000001      -0.87800000000000000        0.0000000000000000                      +Infinity
  0.22650000000000001      -0.87400000000000000        0.0000000000000000                      +Infinity
  0.22650000000000001      -0.87000000000000000        0.0000000000000000                      +Infinity
  0.22650000000000001      -0.86599999999999999        0.0000000000000000                      +Infinity
  0.22650000000000001      -0.86199999999999999        0.0000000000000000                      +Infinity
  0.22650000000000001      -0.85799999999999998        0.0000000000000000                      +Infinity
  0.22650000000000001      -0.85399999999999998        0.0000000000000000                      +Infinity
  0.22650000000000001      -0.84999999999999998        0.0000000000000000                      +Infinity
  0.22650000000000001      -0.84599999999999997        0.0000000000000000                      +Infinity
  0.22650000000000001      -0.84199999999999997        0.0000000000000000                      +Infinity
  0.22650000000000001      -0.83799999999999997        0.0000000000000000                      +Infinity
  0.22650000000000001      -0.83399999999999996        0.0000000000000000                      +Infinity
  0.22650000000000001      -0.82999999999999996        0.0000000000000000                      +Infinity
  0.22650000000000001      -0.82599999999999996        0.0000000000000000                      +Infinity
  0.22650000000000001      -0.82199999999999995        0.0000000000000000                      +Infinity
  0.22650000000000001      -0.81799999999999995        0.0000000000000000                      +Infinity
  0.22650000000000001      -0.81399999999999995        0.0000000000000000                      +Infinity
  0.22650000000000001      -0.81000000000000005        0.0000000000000000                      +Infinity
  0.22650000000000001      -0.80600000000000005        0.0000000000000000                      +Infinity
  0.22650000000000001      -0.80200000000000005        0.0000000000000000                      +Infinity
  0.22650000000000001      -0.79800000000000004        0.0000000000000000                      +Infinity
  0.22650000000000001      -0.79400000000000004        0.0000000000000000                      +Infinity
  0.22650000000000001      -0.79000000000000004        0.0000000000000000                      +Infinity
  0.22650000000000001      -0.78600000000000003        0.0000000000000000                      +Infinity
  0.22650000000000001      -0.78200000000000003        0.0000000000000000                      +Infinity
  0.22650000000000001      -0.77800000000000002        0.0000000000000000                      +Infinity
  0.22650000000000001      -0.77400000000000002        0.0000000000000000                      +Infinity
  0.22650000000000001      -0.77000000000000002        0.0000000000000000                      +Infinity
  0.22650000000000001      -0.76600000000000001        0.0000000000000000                      +Infinity
  0.22650000000000001      -0.76200000000000001        0.0000000000000000                      +Infinity
  0.22650000000000001      -0.75800000000000001        0.0000000000000000                      +Infinity
  0.22650000000000001      -0.75400000000000000        0.0000000000000000                      +Infinity
  0.22650000000000001      -0.75000000000000000        0.0000000000000000                      +Infinity
  0.22650000000000001      -0.74600000000000000        0.0000000000000000                      +Infinity
  0.22650000000000001      -0.74199999999999999        0.0000000000000000                      +Infinity
  0.22650000000000001      -0.73799999999999999        0.0000000000000000                      +Infinity
  0.22650000000000001      -0.73399999999999999        0.0000000000000000                      +Infinity
  0.22650000000000001      -0.72999999999999998        0.0000000000000000                      +Infinity
  0.22650000000000001      -0.72599999999999998        0.0000000000000000                      +Infinity
  0.22650000000000001      -0.72199999999999998        0.0000000000000000                      +Infinity
  0.22650000000000001      -0.71799999999999997        0.0000000000000000                      +Infinity
  0.22650000000000001      -0.71399999999999997        0.0000000000000000                      +Infinity
  0.22650000000000001      -0.70999999999999996        0.0000000000000000                      +Infinity
  0.22650000000000001      -0.70599999999999996        0.0000000000000000                      +Infinity
  0.22650000000000001      -0.70199999999999996        0.0000000000000000                      +Infinity
  0.22650000000000001      -0.69799999999999995        0.0000000000000000                      +Infinity
  0.22650000000000001      -0.69399999999999995        0.0000000000000000                      +Infinity
  0.22650000000000001      -0.68999999999999995        0.0000000000000000                      +Infinity
  0.22650000000000001      -0.68600000000000005        0.0000000000000000                      +Infinity
  0.22650000000000001      -0.68200000000000005        0.0000000000000000                      +Infinity
  0.22650000000000001      -0.67800000000000005        0.0000000000000000                      +Infinity
  0.22650000000000001      -0.67400000000000004        0.0000000000000000                      +Infinity
  0.22650000000000001      -0.67000000000000004        0.0000000000000000                      +Infinity
  0.22650000000000001      -0.66600000000000004        0.0000000000000000                      +Infinity
  0.22650000000000001      -0.66200000000000003        0.0000000000000000                      +Infinity
  0.22650000000000001      -0.65800000000000003       3.74999999999999998E-011   24.006680182952184
  0.22650000000000001      -0.65400000000000003       2.42624999999999997E-008   17.534333888451282
  0.22650000000000001      -0.65000000000000002       4.57999999999999998E-008   16.898981745826273
  0.22650000000000001      -0.64600000000000002       7.15375000000000012E-008   16.453044049211190
  0.22650000000000001      -0.64200000000000002       1.67674999999999998E-007   15.601238254960609
  0.22650000000000001      -0.63800000000000001       3.61324999999999988E-007   14.833488006611505
  0.22650000000000001      -0.63400000000000001       9.20512500000000045E-007   13.898335256789164
  0.22650000000000001      -0.63000000000000000       1.86028749999999997E-006   13.194779512291387
  0.22650000000000001      -0.62600000000000000       3.84453750000000029E-006   12.468857248327444
  0.22650000000000001      -0.62200000000000000       7.11924999999999964E-006   11.852708175167381
  0.22650000000000001      -0.61799999999999999       1.23088374999999990E-005   11.305193057645576
  0.22650000000000001      -0.61399999999999999       2.10545874999999991E-005   10.768392088088252
  0.22650000000000001      -0.60999999999999999       3.50081375000000004E-005   10.259930023498796
  0.22650000000000001      -0.60599999999999998       5.57621500000000028E-005   9.7944152341491808
  0.22650000000000001      -0.60199999999999998       8.48635500000000017E-005   9.3744658854568002
  0.22650000000000001      -0.59799999999999998       1.30023800000000000E-004   8.9477930473421488
  0.22650000000000001      -0.59399999999999997       1.92875087499999988E-004   8.5534677936193546
  0.22650000000000001      -0.58999999999999997       2.80518749999999985E-004   8.1788699903157589
  0.22650000000000001      -0.58599999999999997       4.02671037500000020E-004   7.8173906134779925
  0.22650000000000001      -0.58199999999999996       5.63881462500000013E-004   7.4806665014279687
  0.22650000000000001      -0.57799999999999996       7.69123512500000041E-004   7.1702589869214171
  0.22650000000000001      -0.57399999999999995       1.02651038749999998E-003   6.8815902022189315
  0.22650000000000001      -0.56999999999999995       1.35062356249999994E-003   6.6071888950257636
  0.22650000000000001      -0.56599999999999995       1.75431195000000004E-003   6.3456785502185555
  0.22650000000000001      -0.56200000000000006       2.23506311249999957E-003   6.1034858130602636
  0.22650000000000001      -0.55800000000000005       2.79919752499999987E-003   5.8784225010923814
  0.22650000000000001      -0.55400000000000005       3.45079172500000007E-003   5.6691515887593935
  0.22650000000000001      -0.55000000000000004       4.18042072499999993E-003   5.4773433855966607
  0.22650000000000001      -0.54600000000000004       4.98191507500000009E-003   5.3019409086543599
  0.22650000000000001      -0.54200000000000004       5.84394804999999965E-003   5.1423486745924700
  0.22650000000000001      -0.53800000000000003       6.77164343749999970E-003   4.9950114685634750
  0.22650000000000001      -0.53400000000000003       7.73857990000000051E-003   4.8615370836663772
  0.22650000000000001      -0.53000000000000003       8.73125176249999954E-003   4.7408465330978915
  0.22650000000000001      -0.52600000000000002       9.74150856249999912E-003   4.6313592901073077
  0.22650000000000001      -0.52200000000000002       1.07394830124999986E-002   4.5338283276987577
  0.22650000000000001      -0.51800000000000002       1.17012570124999989E-002   4.4480590059835521
  0.22650000000000001      -0.51400000000000001       1.26354957000000007E-002   4.3712453066202910
  0.22650000000000001      -0.51000000000000001       1.35200139875000010E-002   4.3035841737894520
  0.22650000000000001      -0.50600000000000001       1.42857799125000011E-002   4.2484906481849105
  0.22650000000000001      -0.50200000000000000       1.49725578875000015E-002   4.2015362275783303
  0.22650000000000001      -0.49800000000000000       1.55622633000000003E-002   4.1629063145114324
  0.22650000000000001      -0.49399999999999999       1.60237284625000011E-002   4.1336846264374367
  0.22650000000000001      -0.48999999999999999       1.63487926124999995E-002   4.1136012306959246
  0.22650000000000001      -0.48599999999999999       1.65417230124999988E-002   4.1018694223514647
  0.22650000000000001      -0.48199999999999998       1.66093837249999994E-002   4.0977874586942606
  0.22650000000000001      -0.47799999999999998       1.65985707499999996E-002   4.0984386867239957
  0.22650000000000001      -0.47399999999999998       1.64596456374999991E-002   4.1068436126709127
  0.22650000000000001      -0.46999999999999997       1.62208414874999984E-002   4.1214583520166501
  0.22650000000000001      -0.46600000000000003       1.58760902875000019E-002   4.1429410570341529
  0.22650000000000001      -0.46200000000000002       1.54473024250000000E-002   4.1703208912064182
  0.22650000000000001      -0.45800000000000002       1.49506434999999993E-002   4.2030009365935248
  0.22650000000000001      -0.45400000000000001       1.44135057375000004E-002   4.2395896135146067
  0.22650000000000001      -0.45000000000000001       1.38194595625000007E-002   4.2816775668703491
  0.22650000000000001      -0.44600000000000001       1.31761896375000003E-002   4.3293438935646513
  0.22650000000000001      -0.44200000000000000       1.25009375500000006E-002   4.3819516334865414
  0.22650000000000001      -0.43800000000000000       1.18368336000000008E-002   4.4365391177251396
  0.22650000000000001      -0.43400000000000000       1.11677206749999994E-002   4.4947277444675988
  0.22650000000000001      -0.42999999999999999       1.04919825749999994E-002   4.5571438777680617
  0.22650000000000001      -0.42599999999999999       9.80305938750000022E-003   4.6250607596264368
  0.22650000000000001      -0.42199999999999999       9.12649871250000022E-003   4.6965731505341459
  0.22650000000000001      -0.41799999999999998       8.47393048749999975E-003   4.7707608298442210
  0.22650000000000001      -0.41399999999999998       7.85213434999999967E-003   4.8469698924239299
  0.22650000000000001      -0.40999999999999998       7.25571336250000008E-003   4.9259660704639190
  0.22650000000000001      -0.40600000000000003       6.69258037500000073E-003   5.0067557729295178
  0.22650000000000001      -0.40200000000000002       6.14724117499999920E-003   5.0917518872409442
  0.22650000000000001      -0.39800000000000002       5.62291866250000036E-003   5.1809044149198558
  0.22650000000000001      -0.39400000000000002       5.14950428750000043E-003   5.2688548237936565
  0.22650000000000001      -0.39000000000000001       4.71771502500000026E-003   5.3564307014741503
  0.22650000000000001      -0.38600000000000001       4.29656613750000003E-003   5.4499391479860533
  0.22650000000000001      -0.38200000000000001       3.91473932500000042E-003   5.5430065354087787
  0.22650000000000001      -0.37800000000000000       3.56491577499999960E-003   5.6366148509209113
  0.22650000000000001      -0.37400000000000000       3.24206401250000040E-003   5.7315451111072546
  0.22650000000000001      -0.37000000000000000       2.94465254999999983E-003   5.8277644484652162
  0.22650000000000001      -0.36599999999999999       2.66902635000000003E-003   5.9260415359970189
  0.22650000000000001      -0.36199999999999999       2.41445717499999980E-003   6.0262807893993999
  0.22650000000000001      -0.35799999999999998       2.18448977499999990E-003   6.1263729902887052
  0.22650000000000001      -0.35399999999999998       1.97276469999999992E-003   6.2283193190638357
  0.22650000000000001      -0.34999999999999998       1.78060854999999990E-003   6.3308000910840132
  0.22650000000000001      -0.34599999999999997       1.61345937499999983E-003   6.4293747249733055
  0.22650000000000001      -0.34200000000000003       1.45682743750000015E-003   6.5314941956398220
  0.22650000000000001      -0.33800000000000002       1.31575781250000009E-003   6.6333424960698837
  0.22650000000000001      -0.33400000000000002       1.18698256249999998E-003   6.7363408538584668
  0.22650000000000001      -0.33000000000000002       1.07342118749999987E-003   6.8369043597355237
  0.22650000000000001      -0.32600000000000001       9.67682987500000048E-004   6.9406060165770613
  0.22650000000000001      -0.32200000000000001       8.73660274999999938E-004   7.0428189592456967
  0.22650000000000001      -0.31800000000000000       7.89176074999999966E-004   7.1445210997847148
  0.22650000000000001      -0.31400000000000000       7.15200225000000005E-004   7.2429480195077041
  0.22650000000000001      -0.31000000000000000       6.46375099999999957E-004   7.3441305725389467
  0.22650000000000001      -0.30599999999999999       5.85657387499999922E-004   7.4427756023385863
  0.22650000000000001      -0.30199999999999999       5.27807249999999906E-004   7.5467793977256559
  0.22650000000000001      -0.29799999999999999       4.76908912499999994E-004   7.6481850444304440
  0.22650000000000001      -0.29399999999999998       4.29710862500000000E-004   7.7523979882382363
  0.22650000000000001      -0.28999999999999998       3.86752187500000036E-004   7.8577264124184971
  0.22650000000000001      -0.28599999999999998       3.52246025000000024E-004   7.9511806918481627
  0.22650000000000001      -0.28199999999999997       3.19717762500000004E-004   8.0480719435419665
  0.22650000000000001      -0.27800000000000002       2.92241962499999999E-004   8.1379284601288671
  0.22650000000000001      -0.27400000000000002       2.67143762500000003E-004   8.2277236081392644
  0.22650000000000001      -0.27000000000000002       2.43437012499999998E-004   8.3206523244686057
  0.22650000000000001      -0.26600000000000001       2.21684550000000012E-004   8.4142551325389903
  0.22650000000000001      -0.26200000000000001       2.02121912499999998E-004   8.5066395153846592
  0.22650000000000001      -0.25800000000000001       1.84023775000000003E-004   8.6004455967459119
  0.22650000000000001      -0.25400000000000000       1.67886424999999994E-004   8.6922228488468924
  0.22650000000000001      -0.25000000000000000       1.52544850000000000E-004   8.7880519067945979
  0.22650000000000001      -0.24600000000000000       1.39549562499999990E-004   8.8770907330638913
  0.22650000000000001      -0.24199999999999999       1.28138862499999995E-004   8.9623960188023197
  0.22650000000000001      -0.23799999999999999       1.17290012500000001E-004   9.0508609508574160
  0.22650000000000001      -0.23400000000000001       1.06984562500000006E-004   9.1428260096120422
  0.22650000000000001      -0.23000000000000001       9.95927875000000021E-005   9.2144208106544241
  0.22650000000000001      -0.22600000000000001       9.14863000000000053E-005   9.2993213236689272
  0.22650000000000001      -0.22200000000000000       8.31056875000000020E-005   9.3953974168083114
  0.22650000000000001      -0.21800000000000000       7.66516874999999991E-005   9.4762389372332141
  0.22650000000000001      -0.21400000000000000       6.94649875000000091E-005   9.5746877093102007
  0.22650000000000001      -0.20999999999999999       6.46855499999999926E-005   9.6459727198864904
  0.22650000000000001      -0.20599999999999999       5.98433999999999970E-005   9.7237794077303263
  0.22650000000000001      -0.20200000000000001       5.54000500000000016E-005   9.8009300616843671
  0.22650000000000001      -0.19800000000000001       5.06993499999999943E-005   9.8895974679621403
  0.22650000000000001      -0.19400000000000001       4.67727500000000038E-005   9.9702097895800090
  0.22650000000000001      -0.19000000000000000       4.38100749999999941E-005   10.035646744202019
  0.22650000000000001      -0.18600000000000000       4.12182249999999996E-005   10.096630045049713
  0.22650000000000001      -0.18200000000000000       3.90146500000000009E-005   10.151573341344413
  0.22650000000000001      -0.17799999999999999       3.61857999999999950E-005   10.226843781282035
  0.22650000000000001      -0.17399999999999999       3.31375500000000026E-005   10.314843477485690
  0.22650000000000001      -0.17000000000000001       3.08693625000000003E-005   10.385746370781034
  0.22650000000000001      -0.16600000000000001       2.91100000000000008E-005   10.444428800206742
  0.22650000000000001      -0.16200000000000001       2.71107375000000004E-005   10.515580690839952
  0.22650000000000001      -0.15800000000000000       2.55655375000000004E-005   10.574265304814684
  0.22650000000000001      -0.15400000000000000       2.39692750000000027E-005   10.638737756116415
  0.22650000000000001      -0.14999999999999999       2.25809999999999995E-005   10.698401713243770
  0.22650000000000001      -0.14599999999999999       2.15267375000000010E-005   10.746214790815255
  0.22650000000000001      -0.14199999999999999       2.07437499999999994E-005   10.783265561478126
  0.22650000000000001      -0.13800000000000001       1.99627875000000005E-005   10.821640642523095
  0.22650000000000001      -0.13400000000000001       1.88800624999999998E-005   10.877404086871042
  0.22650000000000001      -0.13000000000000000       1.86619499999999984E-005   10.889023866397272
  0.22650000000000001      -0.12600000000000000       1.72550250000000017E-005   10.967407152559952
  0.22650000000000001      -0.12200000000000000       1.62024125000000001E-005   11.030350407060295
  0.22650000000000001      -0.11799999999999999       1.56101750000000000E-005   11.067587612737441
  0.22650000000000001      -0.11400000000000000       1.55743749999999994E-005   11.069883622506838
  0.22650000000000001      -0.11000000000000000       1.56295125000000009E-005   11.066349604036501
  0.22650000000000001      -0.10600000000000000       1.50621625000000003E-005   11.103324753603436
  0.22650000000000001      -0.10199999999999999       1.40406500000000008E-005   11.173553864141953
  0.22650000000000001      -9.80000000000000038E-002  1.36668499999999994E-005   11.200537365383905
  0.22650000000000001      -9.40000000000000002E-002  1.35194875000000007E-005   11.211378394872671
  0.22650000000000001      -8.99999999999999967E-002  1.31243625000000000E-005   11.241040322094788
  0.22650000000000001      -8.59999999999999931E-002  1.22352875000000004E-005   11.311186363184703
  0.22650000000000001      -8.20000000000000034E-002  1.21209625000000004E-005   11.320574166284826
  0.22650000000000001      -7.79999999999999999E-002  1.19950000000000012E-005   11.331020661672616
  0.22650000000000001      -7.39999999999999963E-002  1.16335625000000006E-005   11.361616318477626
  0.22650000000000001      -7.00000000000000067E-002  1.12447875000000003E-005   11.395605870019235
  0.22650000000000001      -6.60000000000000031E-002  1.10826875000000006E-005   11.410126351905014
  0.22650000000000001      -6.19999999999999996E-002  1.09136250000000001E-005   11.425498549328744
  0.22650000000000001      -5.80000000000000029E-002  1.06121999999999998E-005   11.453506275277608
  0.22650000000000001      -5.39999999999999994E-002  1.07819500000000010E-005   11.437637118304110
  0.22650000000000001      -5.00000000000000028E-002  1.06573499999999989E-005   11.449260763001449
  0.22650000000000001      -4.59999999999999992E-002  1.01362625000000006E-005   11.499391217490723
  0.22650000000000001      -4.20000000000000026E-002  9.97097499999999986E-006   11.515832185391847
  0.22650000000000001      -3.79999999999999991E-002  9.88946249999999985E-006   11.524040761632637
  0.22650000000000001      -3.40000000000000024E-002  9.70091249999999976E-006   11.543290604714498
  0.22650000000000001      -2.99999999999999989E-002  9.96626250000000053E-006   11.516304918897456
  0.22650000000000001      -2.59999999999999988E-002  1.00347500000000008E-005   11.509456488831484
  0.22650000000000001      -2.19999999999999987E-002  9.73240000000000020E-006   11.540050032366887
  0.22650000000000001      -1.79999999999999986E-002  9.41361249999999999E-006   11.573353777931507
  0.22650000000000001      -1.40000000000000003E-002  9.09382499999999928E-006   11.607914946203838
  0.22650000000000001      -1.00000000000000002E-002  9.07028749999999934E-006   11.610506596434416
  0.22650000000000001      -6.00000000000000012E-003  9.06432499999999897E-006   11.611164178747227
  0.22650000000000001      -2.00000000000000004E-003  8.81380000000000022E-006   11.639191882975060
  0.22650000000000001       2.00000000000000004E-003  8.26336250000000029E-006   11.703678970942462
  0.22650000000000001       6.00000000000000012E-003  8.04901249999999954E-006   11.729961144865934
  0.22650000000000001       1.00000000000000002E-002  7.86935000000000115E-006   11.752535091067861
  0.22650000000000001       1.40000000000000003E-002  7.94749999999999972E-006   11.742653144161453
  0.22650000000000001       1.79999999999999986E-002  8.15694999999999989E-006   11.716640233369166
  0.22650000000000001       2.19999999999999987E-002  8.25772500000000063E-006   11.704361432096283
  0.22650000000000001       2.59999999999999988E-002  8.40091250000000035E-006   11.687170227062539
  0.22650000000000001       2.99999999999999989E-002  8.30222499999999995E-006   11.698987006797521
  0.22650000000000001       3.40000000000000024E-002  8.25938750000000004E-006   11.704160125723195
  0.22650000000000001       3.79999999999999991E-002  8.30394999999999865E-006   11.698779252753473
  0.22650000000000001       4.20000000000000026E-002  8.38657500000000025E-006   11.688878344907572
  0.22650000000000001       4.59999999999999992E-002  8.75077500000000093E-006   11.646368290088397
  0.22650000000000001       5.00000000000000028E-002  9.00608749999999918E-006   11.617609820387033
  0.22650000000000001       5.39999999999999994E-002  8.93178750000000058E-006   11.625894015133678
  0.22650000000000001       5.80000000000000029E-002  9.17160000000000041E-006   11.599398804909573
  0.22650000000000001       6.19999999999999996E-002  9.62193750000000108E-006   11.551464910239183
  0.22650000000000001       6.60000000000000031E-002  1.00530499999999986E-005   11.507634486913650
  0.22650000000000001       7.00000000000000067E-002  1.03372750000000001E-005   11.479754263268505
  0.22650000000000001       7.39999999999999963E-002  1.04803624999999996E-005   11.466007289974931
  0.22650000000000001       7.79999999999999999E-002  1.04375000000000013E-005   11.470105467787301
  0.22650000000000001       8.20000000000000034E-002  1.06653249999999994E-005   11.448512732993782
  0.22650000000000001       8.59999999999999931E-002  1.10959124999999991E-005   11.408933760707422
  0.22650000000000001       8.99999999999999967E-002  1.16648374999999998E-005   11.358931583149420
  0.22650000000000001       9.40000000000000002E-002  1.18541124999999997E-005   11.342835704176309
  0.22650000000000001       9.80000000000000038E-002  1.22227875000000001E-005   11.312208520577576
  0.22650000000000001       0.10199999999999999       1.27880250000000003E-005   11.267001371810817
  0.22650000000000001       0.10600000000000000       1.36574000000000007E-005   11.201229058687602
  0.22650000000000001       0.11000000000000000       1.45066125000000002E-005   11.140905978007108
  0.22650000000000001       0.11400000000000000       1.53355374999999984E-005   11.085337710474331
  0.22650000000000001       0.11799999999999999       1.61920625000000011E-005   11.030989404935838
  0.22650000000000001       0.12200000000000000       1.69156625000000021E-005   10.987270590078250
  0.22650000000000001       0.12600000000000000       1.80640124999999994E-005   10.921588858573150
  0.22650000000000001       0.13000000000000000       1.84642750000000003E-005   10.899672773902010
  0.22650000000000001       0.13400000000000001       1.91539000000000031E-005   10.863004207720074
  0.22650000000000001       0.13800000000000001       1.99043250000000002E-005   10.824573513164605
  0.22650000000000001       0.14199999999999999       2.05090625000000006E-005   10.794643696334736
  0.22650000000000001       0.14599999999999999       2.18227250000000020E-005   10.732558699930671
  0.22650000000000001       0.14999999999999999       2.33829124999999968E-005   10.663505037394831
  0.22650000000000001       0.15400000000000000       2.53642000000000002E-005   10.582171826965967
  0.22650000000000001       0.15800000000000000       2.63625250000000022E-005   10.543567063843092
  0.22650000000000001       0.16200000000000001       2.75833374999999999E-005   10.498298681317822
  0.22650000000000001       0.16600000000000001       2.93436125000000023E-005   10.436435667402712
  0.22650000000000001       0.17000000000000001       3.09072874999999971E-005   10.384518560442842
  0.22650000000000001       0.17399999999999999       3.27599874999999938E-005   10.326302680542360
  0.22650000000000001       0.17799999999999999       3.51341625000000006E-005   10.256336610234351
  0.22650000000000001       0.18200000000000000       3.75372874999999997E-005   10.190175785676511
  0.22650000000000001       0.18600000000000000       3.94419624999999935E-005   10.140680270339995
  0.22650000000000001       0.19000000000000000       4.21574500000000007E-005   10.074099139431357
  0.22650000000000001       0.19400000000000001       4.48788000000000014E-005   10.011545035075214
  0.22650000000000001       0.19800000000000001       4.82829124999999956E-005   9.9384328383680209
  0.22650000000000001       0.20200000000000001       5.21803750000000044E-005   9.8608040916199595
  0.22650000000000001       0.20599999999999999       5.54946625000000033E-005   9.7992237130077999
  0.22650000000000001       0.20999999999999999       5.92614249999999965E-005   9.7335519695335506
  0.22650000000000001       0.21400000000000000       6.43138625000000018E-005   9.6517353589773140
  0.22650000000000001       0.21800000000000000       6.98111625000000008E-005   9.5697166397785409
  0.22650000000000001       0.22200000000000000       7.54532874999999870E-005   9.4919968017977219
  0.22650000000000001       0.22600000000000001       8.23575499999999955E-005   9.4044404236973680
  0.22650000000000001       0.23000000000000001       9.07617000000000021E-005   9.3072731675096723
  0.22650000000000001       0.23400000000000001       9.83878125000000112E-005   9.2265936182842587
  0.22650000000000001       0.23799999999999999       1.05506550000000000E-004   9.1567375216673081
  0.22650000000000001       0.24199999999999999       1.13506474999999993E-004   9.0836506742118690
  0.22650000000000001       0.24600000000000000       1.22805100000000008E-004   9.0049120121689921
  0.22650000000000001       0.25000000000000000       1.34190625000000011E-004   8.9162491942871736
  0.22650000000000001       0.25400000000000000       1.47437874999999991E-004   8.8221036573490004
  0.22650000000000001       0.25800000000000001       1.62339612499999997E-004   8.7258200435997217
  0.22650000000000001       0.26200000000000001       1.79001825000000013E-004   8.6281145566447677
  0.22650000000000001       0.26600000000000001       1.99284474999999984E-004   8.5207772314214498
  0.22650000000000001       0.27000000000000002       2.17819262499999991E-004   8.4318449101456228
  0.22650000000000001       0.27400000000000002       2.38744825000000000E-004   8.3401152542310193
  0.22650000000000001       0.27800000000000002       2.61718012499999981E-004   8.2482429219851507
  0.22650000000000001       0.28199999999999997       2.89184924999999992E-004   8.1484441955943172
  0.22650000000000001       0.28599999999999998       3.20617237500000010E-004   8.0452625528586346
  0.22650000000000001       0.28999999999999998       3.54345262499999977E-004   7.9452388023472622
  0.22650000000000001       0.29399999999999998       3.89154612500000000E-004   7.8515338318731134
  0.22650000000000001       0.29799999999999999       4.29209137499999996E-004   7.7535662578257769
  0.22650000000000001       0.30199999999999999       4.74328774999999982E-004   7.6536098585676253
  0.22650000000000001       0.30599999999999999       5.28596087499999968E-004   7.5452859574484163
  0.22650000000000001       0.31000000000000000       5.85637599999999951E-004   7.4428093897281222
  0.22650000000000001       0.31400000000000000       6.47053024999999981E-004   7.3430823116437720
  0.22650000000000001       0.31800000000000000       7.19023475000000003E-004   7.2376165512629980
  0.22650000000000001       0.32200000000000001       7.95752424999999976E-004   7.1362224443671929
  0.22650000000000001       0.32600000000000001       8.83701862499999997E-004   7.0313908118268298
  0.22650000000000001       0.33000000000000002       9.81835862499999936E-004   6.9260864097106261
  0.22650000000000001       0.33400000000000002       1.08801860000000005E-003   6.8233970351062787
  0.22650000000000001       0.33800000000000002       1.20658593750000019E-003   6.7199604466749570
  0.22650000000000001       0.34200000000000003       1.33938706250000001E-003   6.6155431857107247
  0.22650000000000001       0.34599999999999997       1.47969880000000005E-003   6.5159167254313122
  0.22650000000000001       0.34999999999999998       1.63894557500000003E-003   6.4137021859950902
  0.22650000000000001       0.35399999999999998       1.81251807500000008E-003   6.3130381988713751
  0.22650000000000001       0.35799999999999998       1.99500973750000015E-003   6.2171063476998407
  0.22650000000000001       0.36199999999999999       2.20589066250000002E-003   6.1166239230690831
  0.22650000000000001       0.36599999999999999       2.44139212500000006E-003   6.0151868593420348
  0.22650000000000001       0.37000000000000000       2.68986135000000032E-003   5.9182656294476921
  0.22650000000000001       0.37400000000000000       2.96394856250000024E-003   5.8212329257812012
  0.22650000000000001       0.37800000000000000       3.25682202499999983E-003   5.7270033980250981
  0.22650000000000001       0.38200000000000001       3.57736215000000000E-003   5.6331295797708227
  0.22650000000000001       0.38600000000000001       3.92695363750000023E-003   5.5398913095420275
  0.22650000000000001       0.39000000000000001       4.31037432499999963E-003   5.4467305282897263
  0.22650000000000001       0.39400000000000002       4.70551203749999987E-003   5.3590206834921021
  0.22650000000000001       0.39800000000000002       5.13535661250000015E-003   5.2716059905933070
  0.22650000000000001       0.40200000000000002       5.60259077500000011E-003   5.1845261498323225
  0.22650000000000001       0.40600000000000003       6.10436263750000017E-003   5.0987515769514369
  0.22650000000000001       0.40999999999999998       6.61488210000000035E-003   5.0184333047033034
  0.22650000000000001       0.41399999999999998       7.15086853749999970E-003   4.9405214558773389
  0.22650000000000001       0.41799999999999998       7.72476714999999984E-003   4.8633235990474413
  0.22650000000000001       0.42199999999999999       8.32329307499999997E-003   4.7886973001744275
  0.22650000000000001       0.42599999999999999       8.93647749999999970E-003   4.7176137831012355
  0.22650000000000001       0.42999999999999999       9.55549335000000118E-003   4.6506390699697588
  0.22650000000000001       0.43400000000000000       1.01775047874999997E-002   4.5875754071868577
  0.22650000000000001       0.43800000000000000       1.08037891249999993E-002   4.5278583614762384
  0.22650000000000001       0.44200000000000000       1.14175189500000003E-002   4.4726063531736315
  0.22650000000000001       0.44600000000000001       1.20271937249999995E-002   4.4205850492752754
  0.22650000000000001       0.45000000000000001       1.26127241125000011E-002   4.3730491243819829
  0.22650000000000001       0.45400000000000001       1.31539552500000000E-002   4.3310327861157587
  0.22650000000000001       0.45800000000000002       1.36539242499999994E-002   4.2937283078262514
  0.22650000000000001       0.46200000000000002       1.41040218374999995E-002   4.2612952855681412
  0.22650000000000001       0.46600000000000003       1.45012445749999989E-002   4.2335208004804086
  0.22650000000000001       0.46999999999999997       1.48183252249999998E-002   4.2118906732598385
  0.22650000000000001       0.47399999999999998       1.50713074500000016E-002   4.1949625116465130
  0.22650000000000001       0.47799999999999998       1.51767245249999991E-002   4.1879923059892770
  0.22650000000000001       0.48199999999999998       1.52031672249999996E-002   4.1862515027701441
  0.22650000000000001       0.48599999999999999       1.51327522374999999E-002   4.1908938617432661
  0.22650000000000001       0.48999999999999999       1.49331899499999983E-002   4.2041690298379031
  0.22650000000000001       0.49399999999999999       1.46120004000000001E-002   4.2259121426743409
  0.22650000000000001       0.49800000000000000       1.42161842249999993E-002   4.2533742292238834
  0.22650000000000001       0.50200000000000000       1.36964873874999993E-002   4.2906158740958871
  0.22650000000000001       0.50600000000000001       1.30809549000000004E-002   4.3365979310306333
  0.22650000000000001       0.51000000000000001       1.23808786000000007E-002   4.3916020449385575
  0.22650000000000001       0.51400000000000001       1.15899434249999989E-002   4.4576175030056353
  0.22650000000000001       0.51800000000000002       1.07502032499999997E-002   4.5328306176104558
  0.22650000000000001       0.52200000000000002       9.87261077500000035E-003   4.6179909443042524
  0.22650000000000001       0.52600000000000002       8.95922530000000002E-003   4.7150715177869280
  0.22650000000000001       0.53000000000000003       8.02998829999999886E-003   4.8245722080606432
  0.22650000000000001       0.53400000000000003       7.10866471250000062E-003   4.9464408569534806
  0.22650000000000001       0.53800000000000003       6.22093200000000020E-003   5.0798355442275289
  0.22650000000000001       0.54200000000000004       5.37124211249999980E-003   5.2266960913425198
  0.22650000000000001       0.54600000000000004       4.57537361250000014E-003   5.3870669196545435
  0.22650000000000001       0.55000000000000004       3.83145114999999988E-003   5.5645116572109758
  0.22650000000000001       0.55400000000000005       3.15072072500000022E-003   5.7601240507283853
  0.22650000000000001       0.55800000000000005       2.56422547500000011E-003   5.9660988050225496
  0.22650000000000001       0.56200000000000006       2.05040992499999977E-003   6.1897155424072050
  0.22650000000000001       0.56599999999999995       1.61698377499999994E-003   6.4271927324511138
  0.22650000000000001       0.56999999999999995       1.24798063749999993E-003   6.6862285239789756
  0.22650000000000001       0.57399999999999995       9.50372987499999958E-004   6.9586560320030797
  0.22650000000000001       0.57799999999999996       7.07517250000000040E-004   7.2537485471186667
  0.22650000000000001       0.58199999999999996       5.22609937499999991E-004   7.5566751895591286
  0.22650000000000001       0.58599999999999997       3.73706849999999981E-004   7.8920388914294328
  0.22650000000000001       0.58999999999999997       2.62868749999999962E-004   8.2438556997827792
  0.22650000000000001       0.59399999999999997       1.80277424999999991E-004   8.6210136435808664
  0.22650000000000001       0.59799999999999998       1.20216500000000010E-004   9.0262162740693554
  0.22650000000000001       0.60199999999999998       7.87066375000000022E-005   9.4497830668342484
  0.22650000000000001       0.60599999999999998       5.05973750000000028E-005   9.8916108604868924
  0.22650000000000001       0.60999999999999999       3.18662624999999975E-005   10.353962709709853
  0.22650000000000001       0.61399999999999999       1.93287874999999995E-005   10.853914993043540
  0.22650000000000001       0.61799999999999999       1.16627499999999994E-005   11.359110555793341
  0.22650000000000001       0.62200000000000000       6.90702500000000016E-006   11.882971548347555
  0.22650000000000001       0.62600000000000000       3.57461250000000007E-006   12.541653779301489
  0.22650000000000001       0.63000000000000000       1.84792499999999997E-006   13.201447169983936
  0.22650000000000001       0.63400000000000001       1.01726250000000011E-006   13.798395362108652
  0.22650000000000001       0.63800000000000001       3.84825000000000006E-007   14.770477151450272
  0.22650000000000001       0.64200000000000002       1.66025000000000006E-007   15.611127457519634
  0.22650000000000001       0.64600000000000002       3.50499999999999995E-008   17.166490223465811
  0.22650000000000001       0.65000000000000002       4.10625000000000013E-008   17.008170540701581
  0.22650000000000001       0.65400000000000003       8.99999999999999953E-009   18.526041259610192
  0.22650000000000001       0.65800000000000003       8.12499999999999996E-009   18.628320108730609
  0.22650000000000001       0.66200000000000003        0.0000000000000000                      +Infinity
  0.22650000000000001       0.66600000000000004        0.0000000000000000                      +Infinity
  0.22650000000000001       0.67000000000000004        0.0000000000000000                      +Infinity
  0.22650000000000001       0.67400000000000004        0.0000000000000000                      +Infinity
  0.22650000000000001       0.67800000000000005        0.0000000000000000                      +Infinity
  0.22650000000000001       0.68200000000000005        0.0000000000000000                      +Infinity
  0.22650000000000001       0.68600000000000005        0.0000000000000000                      +Infinity
  0.22650000000000001       0.68999999999999995        0.0000000000000000                      +Infinity
  0.22650000000000001       0.69399999999999995        0.0000000000000000                      +Infinity
  0.22650000000000001       0.69799999999999995        0.0000000000000000                      +Infinity
  0.22650000000000001       0.70199999999999996        0.0000000000000000                      +Infinity
  0.22650000000000001       0.70599999999999996        0.0000000000000000                      +Infinity
  0.22650000000000001       0.70999999999999996        0.0000000000000000                      +Infinity
  0.22650000000000001       0.71399999999999997        0.0000000000000000                      +Infinity
  0.22650000000000001       0.71799999999999997        0.0000000000000000                      +Infinity
  0.22650000000000001       0.72199999999999998        0.0000000000000000                      +Infinity
  0.22650000000000001       0.72599999999999998        0.0000000000000000                      +Infinity
  0.22650000000000001       0.72999999999999998        0.0000000000000000                      +Infinity
  0.22650000000000001       0.73399999999999999        0.0000000000000000                      +Infinity
  0.22650000000000001       0.73799999999999999        0.0000000000000000                      +Infinity
  0.22650000000000001       0.74199999999999999        0.0000000000000000                      +Infinity
  0.22650000000000001       0.74600000000000000        0.0000000000000000                      +Infinity
  0.22650000000000001       0.75000000000000000        0.0000000000000000                      +Infinity
  0.22650000000000001       0.75400000000000000        0.0000000000000000                      +Infinity
  0.22650000000000001       0.75800000000000001        0.0000000000000000                      +Infinity
  0.22650000000000001       0.76200000000000001        0.0000000000000000                      +Infinity
  0.22650000000000001       0.76600000000000001        0.0000000000000000                      +Infinity
  0.22650000000000001       0.77000000000000002        0.0000000000000000                      +Infinity
  0.22650000000000001       0.77400000000000002        0.0000000000000000                      +Infinity
  0.22650000000000001       0.77800000000000002        0.0000000000000000                      +Infinity
  0.22650000000000001       0.78200000000000003        0.0000000000000000                      +Infinity
  0.22650000000000001       0.78600000000000003        0.0000000000000000                      +Infinity
  0.22650000000000001       0.79000000000000004        0.0000000000000000                      +Infinity
  0.22650000000000001       0.79400000000000004        0.0000000000000000                      +Infinity
  0.22650000000000001       0.79800000000000004        0.0000000000000000                      +Infinity
  0.22650000000000001       0.80200000000000005        0.0000000000000000                      +Infinity
  0.22650000000000001       0.80600000000000005        0.0000000000000000                      +Infinity
  0.22650000000000001       0.81000000000000005        0.0000000000000000                      +Infinity
  0.22650000000000001       0.81399999999999995        0.0000000000000000                      +Infinity
  0.22650000000000001       0.81799999999999995        0.0000000000000000                      +Infinity
  0.22650000000000001       0.82199999999999995        0.0000000000000000                      +Infinity
  0.22650000000000001       0.82599999999999996        0.0000000000000000                      +Infinity
  0.22650000000000001       0.82999999999999996        0.0000000000000000                      +Infinity
  0.22650000000000001       0.83399999999999996        0.0000000000000000                      +Infinity
  0.22650000000000001       0.83799999999999997        0.0000000000000000                      +Infinity
  0.22650000000000001       0.84199999999999997        0.0000000000000000                      +Infinity
  0.22650000000000001       0.84599999999999997        0.0000000000000000                      +Infinity
  0.22650000000000001       0.84999999999999998        0.0000000000000000                      +Infinity
  0.22650000000000001       0.85399999999999998        0.0000000000000000                      +Infinity
  0.22650000000000001       0.85799999999999998        0.0000000000000000                      +Infinity
  0.22650000000000001       0.86199999999999999        0.0000000000000000                      +Infinity
  0.22650000000000001       0.86599999999999999        0.0000000000000000                      +Infinity
  0.22650000000000001       0.87000000000000000        0.0000000000000000                      +Infinity
  0.22650000000000001       0.87400000000000000        0.0000000000000000                      +Infinity
  0.22650000000000001       0.87800000000000000        0.0000000000000000                      +Infinity
  0.22650000000000001       0.88200000000000001        0.0000000000000000                      +Infinity
  0.22650000000000001       0.88600000000000001        0.0000000000000000                      +Infinity
  0.22650000000000001       0.89000000000000001        0.0000000000000000                      +Infinity
  0.22650000000000001       0.89400000000000002        0.0000000000000000                      +Infinity
  0.22650000000000001       0.89800000000000002        0.0000000000000000                      +Infinity
  0.22650000000000001       0.90200000000000002        0.0000000000000000                      +Infinity
  0.22650000000000001       0.90600000000000003        0.0000000000000000                      +Infinity
  0.22650000000000001       0.91000000000000003        0.0000000000000000                      +Infinity
  0.22650000000000001       0.91400000000000003        0.0000000000000000                      +Infinity
  0.22650000000000001       0.91800000000000004        0.0000000000000000                      +Infinity
  0.22650000000000001       0.92200000000000004        0.0000000000000000                      +Infinity
  0.22650000000000001       0.92600000000000005        0.0000000000000000                      +Infinity
  0.22650000000000001       0.93000000000000005        0.0000000000000000                      +Infinity
  0.22650000000000001       0.93400000000000005        0.0000000000000000                      +Infinity
  0.22650000000000001       0.93799999999999994        0.0000000000000000                      +Infinity
  0.22650000000000001       0.94199999999999995        0.0000000000000000                      +Infinity
  0.22650000000000001       0.94599999999999995        0.0000000000000000                      +Infinity
  0.22650000000000001       0.94999999999999996        0.0000000000000000                      +Infinity
  0.22650000000000001       0.95399999999999996        0.0000000000000000                      +Infinity
  0.22650000000000001       0.95799999999999996        0.0000000000000000                      +Infinity
  0.22650000000000001       0.96199999999999997        0.0000000000000000                      +Infinity
  0.22650000000000001       0.96599999999999997        0.0000000000000000                      +Infinity
  0.22650000000000001       0.96999999999999997        0.0000000000000000                      +Infinity
  0.22650000000000001       0.97399999999999998        0.0000000000000000                      +Infinity
  0.22650000000000001       0.97799999999999998        0.0000000000000000                      +Infinity
  0.22650000000000001       0.98199999999999998        0.0000000000000000                      +Infinity
  0.22650000000000001       0.98599999999999999        0.0000000000000000                      +Infinity
  0.22650000000000001       0.98999999999999999        0.0000000000000000                      +Infinity
  0.22650000000000001       0.99399999999999999        0.0000000000000000                      +Infinity
  0.22650000000000001       0.99800000000000000        0.0000000000000000                      +Infinity
