  1.58489319246111408E-003 -0.99800000000000000        0.0000000000000000                      +Infinity
  1.58489319246111408E-003 -0.99399999999999999        0.0000000000000000                      +Infinity
  1.58489319246111408E-003 -0.98999999999999999        0.0000000000000000                      +Infinity
  1.58489319246111408E-003 -0.98599999999999999        0.0000000000000000                      +Infinity
  1.58489319246111408E-003 -0.98199999999999998        0.0000000000000000                      +Infinity
  1.58489319246111408E-003 -0.97799999999999998        0.0000000000000000                      +Infinity
  1.58489319246111408E-003 -0.97399999999999998        0.0000000000000000                      +Infinity
  1.58489319246111408E-003 -0.96999999999999997        0.0000000000000000                      +Infinity
  1.58489319246111408E-003 -0.96599999999999997        0.0000000000000000                      +Infinity
  1.58489319246111408E-003 -0.96199999999999997        0.0000000000000000                      +Infinity
  1.58489319246111408E-003 -0.95799999999999996        0.0000000000000000                      +Infinity
  1.58489319246111408E-003 -0.95399999999999996        0.0000000000000000                      +Infinity
  1.58489319246111408E-003 -0.94999999999999996        0.0000000000000000                      +Infinity
  1.58489319246111408E-003 -0.94599999999999995        0.0000000000000000                      +Infinity
  1.58489319246111408E-003 -0.94199999999999995        0.0000000000000000                      +Infinity
  1.58489319246111408E-003 -0.93799999999999994        0.0000000000000000                      +Infinity
  1.58489319246111408E-003 -0.93400000000000005        0.0000000000000000                      +Infinity
  1.58489319246111408E-003 -0.93000000000000005        0.0000000000000000                      +Infinity
  1.58489319246111408E-003 -0.92600000000000005        0.0000000000000000                      +Infinity
  1.58489319246111408E-003 -0.92200000000000004        0.0000000000000000                      +Infinity
  1.58489319246111408E-003 -0.91800000000000004        0.0000000000000000                      +Infinity
  1.58489319246111408E-003 -0.91400000000000003        0.0000000000000000                      +Infinity
  1.58489319246111408E-003 -0.91000000000000003        0.0000000000000000                      +Infinity
  1.58489319246111408E-003 -0.90600000000000003        0.0000000000000000                      +Infinity
  1.58489319246111408E-003 -0.90200000000000002        0.0000000000000000                      +Infinity
  1.58489319246111408E-003 -0.89800000000000002        0.0000000000000000                      +Infinity
  1.58489319246111408E-003 -0.89400000000000002       2.55999999999999985E-009   19.783258578454941
  1.58489319246111408E-003 -0.89000000000000001       1.74400000000000026E-008   17.864499418465577
  1.58489319246111408E-003 -0.88600000000000001       3.28800000000000006E-008   17.230401266758431
  1.58489319246111408E-003 -0.88200000000000001       5.00800000000000024E-008   16.809644110154569
  1.58489319246111408E-003 -0.87800000000000000       6.79200000000000020E-008   16.504935294943319
  1.58489319246111408E-003 -0.87400000000000000       8.94399999999999989E-008   16.229697827539621
  1.58489319246111408E-003 -0.87000000000000000       1.44559999999999992E-007   15.749571190662438
  1.58489319246111408E-003 -0.86599999999999999       2.11999999999999993E-007   15.366679562274399
  1.58489319246111408E-003 -0.86199999999999999       5.18319999999999998E-007   14.472673024804710
  1.58489319246111408E-003 -0.85799999999999998       1.00248000000000001E-006   13.813033628089382
  1.58489319246111408E-003 -0.85399999999999998       1.61904000000000013E-006   13.333677176964962
  1.58489319246111408E-003 -0.84999999999999998       2.56112000000000005E-006   12.875065895148024
  1.58489319246111408E-003 -0.84599999999999997       4.54343999999999982E-006   12.301826123576648
  1.58489319246111408E-003 -0.84199999999999997       6.47952000000000009E-006   11.946864124417784
  1.58489319246111408E-003 -0.83799999999999997       1.06550399999999999E-005   11.449477538314687
  1.58489319246111408E-003 -0.83399999999999996       1.54207999999999998E-005   11.079793310500397
  1.58489319246111408E-003 -0.82999999999999996       2.24065600000000005E-005   10.706156784834706
  1.58489319246111408E-003 -0.82599999999999996       3.11911200000000016E-005   10.375377119044098
  1.58489319246111408E-003 -0.82199999999999995       4.28672000000000018E-005   10.057403593226635
  1.58489319246111408E-003 -0.81799999999999995       5.68388000000000020E-005   9.7752913668512669
  1.58489319246111408E-003 -0.81399999999999995       7.65775200000000047E-005   9.4772069968740915
  1.58489319246111408E-003 -0.81000000000000005       1.02077679999999999E-004   9.1897764658987899
  1.58489319246111408E-003 -0.80600000000000005       1.30444399999999987E-004   8.9445634756280121
  1.58489319246111408E-003 -0.80200000000000005       1.64733200000000010E-004   8.7111833624671124
  1.58489319246111408E-003 -0.79800000000000004       2.05850400000000017E-004   8.4883608665877510
  1.58489319246111408E-003 -0.79400000000000004       2.53605040000000012E-004   8.2797324617816503
  1.58489319246111408E-003 -0.79000000000000004       3.08950080000000007E-004   8.0823308475157436
  1.58489319246111408E-003 -0.78600000000000003       3.70401680000000014E-004   7.9009225195653867
  1.58489319246111408E-003 -0.78200000000000003       4.41170560000000045E-004   7.7260789999191664
  1.58489319246111408E-003 -0.77800000000000002       5.21779279999999958E-004   7.5582658947507086
  1.58489319246111408E-003 -0.77400000000000002       6.09040799999999985E-004   7.4036252974245551
  1.58489319246111408E-003 -0.77000000000000002       6.96002079999999933E-004   7.2701579091285726
  1.58489319246111408E-003 -0.76600000000000001       7.96822720000000032E-004   7.1348783380441789
  1.58489319246111408E-003 -0.76200000000000001       9.02673679999999989E-004   7.0101494430587614
  1.58489319246111408E-003 -0.75800000000000001       1.01422816000000006E-003   6.8936273892621349
  1.58489319246111408E-003 -0.75400000000000000       1.12386199999999999E-003   6.7909843108489154
  1.58489319246111408E-003 -0.75000000000000000       1.23185847999999999E-003   6.6992312905987577
  1.58489319246111408E-003 -0.74600000000000000       1.34888863999999995E-003   6.6084742552010249
  1.58489319246111408E-003 -0.74199999999999999       1.46681624000000004E-003   6.5246610501076416
  1.58489319246111408E-003 -0.73799999999999999       1.59288735999999994E-003   6.4422069599076712
  1.58489319246111408E-003 -0.73399999999999999       1.70692224000000017E-003   6.3730633898102420
  1.58489319246111408E-003 -0.72999999999999998       1.83638416000000016E-003   6.2999567711981781
  1.58489319246111408E-003 -0.72599999999999998       1.96822287999999989E-003   6.2306242347320824
  1.58489319246111408E-003 -0.72199999999999998       2.10063071999999976E-003   6.1655176364895041
  1.58489319246111408E-003 -0.71799999999999997       2.22313495999999994E-003   6.1088369350916638
  1.58489319246111408E-003 -0.71399999999999997       2.34726327999999979E-003   6.0545051911570980
  1.58489319246111408E-003 -0.70999999999999996       2.47324784000000015E-003   6.0022230771061125
  1.58489319246111408E-003 -0.70599999999999996       2.58363048000000020E-003   5.9585597063836744
  1.58489319246111408E-003 -0.70199999999999996       2.68853615999999985E-003   5.9187584119258752
  1.58489319246111408E-003 -0.69799999999999995       2.79294055999999976E-003   5.8806602740214258
  1.58489319246111408E-003 -0.69399999999999995       2.88885791999999968E-003   5.8468940383543337
  1.58489319246111408E-003 -0.68999999999999995       2.98946904000000008E-003   5.8126594859438052
  1.58489319246111408E-003 -0.68600000000000005       3.08217479999999986E-003   5.7821198272746175
  1.58489319246111408E-003 -0.68200000000000005       3.17438928000000030E-003   5.7526400178955512
  1.58489319246111408E-003 -0.67800000000000005       3.24999719999999976E-003   5.7291011441793236
  1.58489319246111408E-003 -0.67400000000000004       3.31984559999999986E-003   5.7078370031592751
  1.58489319246111408E-003 -0.67000000000000004       3.38454743999999988E-003   5.6885350772723635
  1.58489319246111408E-003 -0.66600000000000004       3.45509600000000038E-003   5.6679050363308665
  1.58489319246111408E-003 -0.66200000000000003       3.49995223999999966E-003   5.6550059562941586
  1.58489319246111408E-003 -0.65800000000000003       3.56965999999999967E-003   5.6352849258212627
  1.58489319246111408E-003 -0.65400000000000003       3.62348375999999982E-003   5.6203193512795417
  1.58489319246111408E-003 -0.65000000000000002       3.66195384000000046E-003   5.6097584379430696
  1.58489319246111408E-003 -0.64600000000000002       3.70929087999999959E-003   5.5969145580981943
  1.58489319246111408E-003 -0.64200000000000002       3.74592632000000014E-003   5.5870863441339225
  1.58489319246111408E-003 -0.63800000000000001       3.79372928000000021E-003   5.5744057647858778
  1.58489319246111408E-003 -0.63400000000000001       3.82789527999999974E-003   5.5654401620874596
  1.58489319246111408E-003 -0.63000000000000000       3.84201951999999999E-003   5.5617571339615370
  1.58489319246111408E-003 -0.62600000000000000       3.86275383999999970E-003   5.5563749198238268
  1.58489319246111408E-003 -0.62200000000000000       3.87977703999999989E-003   5.5519775909155946
  1.58489319246111408E-003 -0.61799999999999999       3.89134039999999978E-003   5.5490016048689261
  1.58489319246111408E-003 -0.61399999999999999       3.89244264000000034E-003   5.5487183903955257
  1.58489319246111408E-003 -0.60999999999999999       3.89219103999999998E-003   5.5487830305598367
  1.58489319246111408E-003 -0.60599999999999998       3.90188264000000022E-003   5.5462961141171858
  1.58489319246111408E-003 -0.60199999999999998       3.89977879999999985E-003   5.5468354454037776
  1.58489319246111408E-003 -0.59799999999999998       3.89522967999999994E-003   5.5480026334903902
  1.58489319246111408E-003 -0.59399999999999997       3.89232847999999984E-003   5.5487477194530532
  1.58489319246111408E-003 -0.58999999999999997       3.89322784000000009E-003   5.5485166865076767
  1.58489319246111408E-003 -0.58599999999999997       3.89424368000000024E-003   5.5482557956644420
  1.58489319246111408E-003 -0.58199999999999996       3.89485024000000039E-003   5.5481000496925850
  1.58489319246111408E-003 -0.57799999999999996       3.89197440000000000E-003   5.5488386922750781
  1.58489319246111408E-003 -0.57399999999999995       3.87631647999999969E-003   5.5528699371001036
  1.58489319246111408E-003 -0.56999999999999995       3.85837656000000010E-003   5.5575087642849841
  1.58489319246111408E-003 -0.56599999999999995       3.84379575999999968E-003   5.5612949214396599
  1.58489319246111408E-003 -0.56200000000000006       3.84115159999999988E-003   5.5619830615089354
  1.58489319246111408E-003 -0.55800000000000005       3.82581879999999977E-003   5.5659827692528809
  1.58489319246111408E-003 -0.55400000000000005       3.80590096000000015E-003   5.5712025325171748
  1.58489319246111408E-003 -0.55000000000000004       3.78941615999999967E-003   5.5755433192477399
  1.58489319246111408E-003 -0.54600000000000004       3.77235944000000028E-003   5.5800546271284031
  1.58489319246111408E-003 -0.54200000000000004       3.74507552000000014E-003   5.5873134966622038
  1.58489319246111408E-003 -0.53800000000000003       3.72797223999999988E-003   5.5918908285384479
  1.58489319246111408E-003 -0.53400000000000003       3.71020791999999988E-003   5.5966673608064657
  1.58489319246111408E-003 -0.53000000000000003       3.67670072000000035E-003   5.6057394724150349
  1.58489319246111408E-003 -0.52600000000000002       3.64919591999999984E-003   5.6132484315468520
  1.58489319246111408E-003 -0.52200000000000002       3.62806119999999977E-003   5.6190568780732875
  1.58489319246111408E-003 -0.51800000000000002       3.58936048000000002E-003   5.6297812316264011
  1.58489319246111408E-003 -0.51400000000000001       3.56990695999999993E-003   5.6352157451548495
  1.58489319246111408E-003 -0.51000000000000001       3.55437384000000011E-003   5.6395763662616245
  1.58489319246111408E-003 -0.50600000000000001       3.52126128000000010E-003   5.6489360353709417
  1.58489319246111408E-003 -0.50200000000000000       3.49938312000000040E-003   5.6551685774494489
  1.58489319246111408E-003 -0.49800000000000000       3.47118296000000024E-003   5.6632598324573813
  1.58489319246111408E-003 -0.49399999999999999       3.44713535999999991E-003   5.6702117232889089
  1.58489319246111408E-003 -0.48999999999999999       3.41386136000000010E-003   5.6799112646904710
  1.58489319246111408E-003 -0.48599999999999999       3.38801216000000037E-003   5.6875119130606357
  1.58489319246111408E-003 -0.48199999999999998       3.34713167999999960E-003   5.6996515148319000
  1.58489319246111408E-003 -0.47799999999999998       3.31668311999999991E-003   5.7087900556880298
  1.58489319246111408E-003 -0.47399999999999998       3.29620472000000022E-003   5.7149835572132748
  1.58489319246111408E-003 -0.46999999999999997       3.27021439999999972E-003   5.7228997304730793
  1.58489319246111408E-003 -0.46600000000000003       3.23510471999999966E-003   5.7336939806103882
  1.58489319246111408E-003 -0.46200000000000002       3.20742464000000000E-003   5.7422869566842420
  1.58489319246111408E-003 -0.45800000000000002       3.17540343999999980E-003   5.7523205869933651
  1.58489319246111408E-003 -0.45400000000000001       3.16335527999999982E-003   5.7561220172231833
  1.58489319246111408E-003 -0.45000000000000001       3.14112104000000003E-003   5.7631755236698519
  1.58489319246111408E-003 -0.44600000000000001       3.10878335999999981E-003   5.7735238319030300
  1.58489319246111408E-003 -0.44200000000000000       3.07277799999999997E-003   5.7851732405520648
  1.58489319246111408E-003 -0.43800000000000000       3.05374392000000005E-003   5.7913869263889843
  1.58489319246111408E-003 -0.43400000000000000       3.02977367999999981E-003   5.7992673553198326
  1.58489319246111408E-003 -0.42999999999999999       2.99563864000000016E-003   5.8105978347538390
  1.58489319246111408E-003 -0.42599999999999999       2.96294440000000004E-003   5.8215717753322096
  1.58489319246111408E-003 -0.42199999999999999       2.93314352000000013E-003   5.8316805573507189
  1.58489319246111408E-003 -0.41799999999999998       2.90757055999999988E-003   5.8404374055942130
  1.58489319246111408E-003 -0.41399999999999998       2.87946327999999982E-003   5.8501513633127837
  1.58489319246111408E-003 -0.40999999999999998       2.85625960000000009E-003   5.8582423422770793
  1.58489319246111408E-003 -0.40600000000000003       2.82219072000000019E-003   5.8702418445608879
  1.58489319246111408E-003 -0.40200000000000002       2.80818775999999975E-003   5.8752159289571440
  1.58489319246111408E-003 -0.39800000000000002       2.77914928000000004E-003   5.8856104125000384
  1.58489319246111408E-003 -0.39400000000000002       2.75765055999999988E-003   5.8933762081458285
  1.58489319246111408E-003 -0.39000000000000001       2.72203256000000003E-003   5.9063764130316052
  1.58489319246111408E-003 -0.38600000000000001       2.69386760000000017E-003   5.9167773484526096
  1.58489319246111408E-003 -0.38200000000000001       2.67224656000000001E-003   5.9248357521157535
  1.58489319246111408E-003 -0.37800000000000000       2.64691952000000027E-003   5.9343587604305963
  1.58489319246111408E-003 -0.37400000000000000       2.61852903999999992E-003   5.9451425539873437
  1.58489319246111408E-003 -0.37000000000000000       2.60863624000000002E-003   5.9489277076151996
  1.58489319246111408E-003 -0.36599999999999999       2.58782968000000014E-003   5.9569357159465541
  1.58489319246111408E-003 -0.36199999999999999       2.56598976000000029E-003   5.9654110034435766
  1.58489319246111408E-003 -0.35799999999999998       2.54824407999999997E-003   5.9723507530814057
  1.58489319246111408E-003 -0.35399999999999998       2.52345368000000004E-003   5.9821268078111087
  1.58489319246111408E-003 -0.34999999999999998       2.49841064000000000E-003   5.9921004932788895
  1.58489319246111408E-003 -0.34599999999999997       2.48451471999999989E-003   5.9976779222061030
  1.58489319246111408E-003 -0.34200000000000003       2.46209984000000026E-003   6.0067406996456754
  1.58489319246111408E-003 -0.33800000000000002       2.43787176000000031E-003   6.0166298497987185
  1.58489319246111408E-003 -0.33400000000000002       2.41847375999999998E-003   6.0246186154603221
  1.58489319246111408E-003 -0.33000000000000002       2.39377551999999999E-003   6.0348834439955414
  1.58489319246111408E-003 -0.32600000000000001       2.37074432000000017E-003   6.0445513140695946
  1.58489319246111408E-003 -0.32200000000000001       2.35689487999999996E-003   6.0504102550893206
  1.58489319246111408E-003 -0.31800000000000000       2.34366736000000010E-003   6.0560383286005255
  1.58489319246111408E-003 -0.31400000000000000       2.32006839999999992E-003   6.0661586109799055
  1.58489319246111408E-003 -0.31000000000000000       2.30173608000000009E-003   6.0740916233871047
  1.58489319246111408E-003 -0.30599999999999999       2.28381095999999990E-003   6.0819097576890631
  1.58489319246111408E-003 -0.30199999999999999       2.26389623999999996E-003   6.0906679500801371
  1.58489319246111408E-003 -0.29799999999999999       2.24415127999999997E-003   6.0994278782642297
  1.58489319246111408E-003 -0.29399999999999998       2.22339471999999979E-003   6.1087200979089662
  1.58489319246111408E-003 -0.28999999999999998       2.20667935999999988E-003   6.1162664454520135
  1.58489319246111408E-003 -0.28599999999999998       2.18920623999999987E-003   6.1242162483422788
  1.58489319246111408E-003 -0.28199999999999997       2.16851416000000009E-003   6.1337130648508227
  1.58489319246111408E-003 -0.27800000000000002       2.15591776000000025E-003   6.1395387713753449
  1.58489319246111408E-003 -0.27400000000000002       2.14227776000000016E-003   6.1458856421608088
  1.58489319246111408E-003 -0.27000000000000002       2.12671856000000003E-003   6.1531750693373350
  1.58489319246111408E-003 -0.26600000000000001       2.11785135999999988E-003   6.1573532136801550
  1.58489319246111408E-003 -0.26200000000000001       2.09829520000000009E-003   6.1666300734723665
  1.58489319246111408E-003 -0.25800000000000001       2.09356680000000010E-003   6.1688860647265775
  1.58489319246111408E-003 -0.25400000000000000       2.08398408000000021E-003   6.1734737942756652
  1.58489319246111408E-003 -0.25000000000000000       2.06707784000000018E-003   6.1816193405493802
  1.58489319246111408E-003 -0.24600000000000000       2.05910519999999994E-003   6.1854837594781982
  1.58489319246111408E-003 -0.24199999999999999       2.04448967999999991E-003   6.1926070658612380
  1.58489319246111408E-003 -0.23799999999999999       2.02977448000000006E-003   6.1998305856958504
  1.58489319246111408E-003 -0.23400000000000001       2.01717927999999977E-003   6.2060551394781500
  1.58489319246111408E-003 -0.23000000000000001       2.00656927999999990E-003   6.2113288410686733
  1.58489319246111408E-003 -0.22600000000000001       1.98684328000000004E-003   6.2212081911954407
  1.58489319246111408E-003 -0.22200000000000000       1.96950887999999998E-003   6.2299710668049100
  1.58489319246111408E-003 -0.21800000000000000       1.95944904000000010E-003   6.2350919472971116
  1.58489319246111408E-003 -0.21400000000000000       1.94515680000000024E-003   6.2424126881945190
  1.58489319246111408E-003 -0.20999999999999999       1.93268144000000009E-003   6.2488468931648207
  1.58489319246111408E-003 -0.20599999999999999       1.92306224000000025E-003   6.2538364468046215
  1.58489319246111408E-003 -0.20200000000000001       1.91415311999999999E-003   6.2584799891512040
  1.58489319246111408E-003 -0.19800000000000001       1.89877791999999994E-003   6.2665447997516042
  1.58489319246111408E-003 -0.19400000000000001       1.88895887999999978E-003   6.2717294588309800
  1.58489319246111408E-003 -0.19000000000000000       1.88002952000000017E-003   6.2764678001358964
  1.58489319246111408E-003 -0.18600000000000000       1.87041183999999989E-003   6.2815966370697565
  1.58489319246111408E-003 -0.18200000000000000       1.86819928000000004E-003   6.2827802639233088
  1.58489319246111408E-003 -0.17799999999999999       1.85413655999999987E-003   6.2903361575930852
  1.58489319246111408E-003 -0.17399999999999999       1.83916544000000000E-003   6.2984433754704510
  1.58489319246111408E-003 -0.17000000000000001       1.83395895999999997E-003   6.3012782827155789
  1.58489319246111408E-003 -0.16600000000000001       1.83372712000000001E-003   6.3014047057492037
  1.58489319246111408E-003 -0.16200000000000001       1.82802463999999997E-003   6.3045193268287685
  1.58489319246111408E-003 -0.15800000000000000       1.82695223999999987E-003   6.3051061431430613
  1.58489319246111408E-003 -0.15400000000000000       1.82591071999999997E-003   6.3056763917615450
  1.58489319246111408E-003 -0.14999999999999999       1.82480639999999992E-003   6.3062813797665767
  1.58489319246111408E-003 -0.14599999999999999       1.81767271999999994E-003   6.3101983214349557
  1.58489319246111408E-003 -0.14199999999999999       1.80881680000000004E-003   6.3150823491179500
  1.58489319246111408E-003 -0.13800000000000001       1.80591344000000011E-003   6.3166887542611185
  1.58489319246111408E-003 -0.13400000000000001       1.78786768000000016E-003   6.3267316094435539
  1.58489319246111408E-003 -0.13000000000000000       1.77618104000000021E-003   6.3332897026704380
  1.58489319246111408E-003 -0.12600000000000000       1.77200144000000002E-003   6.3356456141584943
  1.58489319246111408E-003 -0.12200000000000000       1.76530336000000005E-003   6.3394327280116460
  1.58489319246111408E-003 -0.11799999999999999       1.76119984000000008E-003   6.3417599749298290
  1.58489319246111408E-003 -0.11400000000000000       1.75017519999999993E-003   6.3480393817721010
  1.58489319246111408E-003 -0.11000000000000000       1.74349104000000006E-003   6.3518658309498148
  1.58489319246111408E-003 -0.10600000000000000       1.73418424000000007E-003   6.3572181548263185
  1.58489319246111408E-003 -0.10199999999999999       1.73030807999999996E-003   6.3594558054021197
  1.58489319246111408E-003 -9.80000000000000038E-002  1.72945640000000001E-003   6.3599481395029676
  1.58489319246111408E-003 -9.40000000000000002E-002  1.72998791999999990E-003   6.3596408531557875
  1.58489319246111408E-003 -8.99999999999999967E-002  1.72907159999999998E-003   6.3601706619180458
  1.58489319246111408E-003 -8.59999999999999931E-002  1.72530432000000001E-003   6.3623518266672274
  1.58489319246111408E-003 -8.20000000000000034E-002  1.72210672000000010E-003   6.3642069004486190
  1.58489319246111408E-003 -7.79999999999999999E-002  1.71683744000000011E-003   6.3672713783107202
  1.58489319246111408E-003 -7.39999999999999963E-002  1.71592687999999995E-003   6.3678018895468398
  1.58489319246111408E-003 -7.00000000000000067E-002  1.72048551999999999E-003   6.3651487489202490
  1.58489319246111408E-003 -6.60000000000000031E-002  1.71843183999999976E-003   6.3663431249573268
  1.58489319246111408E-003 -6.19999999999999996E-002  1.71662080000000014E-003   6.3673975717781479
  1.58489319246111408E-003 -5.80000000000000029E-002  1.71386855999999983E-003   6.3690021478614316
  1.58489319246111408E-003 -5.39999999999999994E-002  1.71594711999999996E-003   6.3677900942420003
  1.58489319246111408E-003 -5.00000000000000028E-002  1.71633624000000007E-003   6.3675633530549520
  1.58489319246111408E-003 -4.59999999999999992E-002  1.71611528000000001E-003   6.3676921006856277
  1.58489319246111408E-003 -4.20000000000000026E-002  1.70338695999999994E-003   6.3751366805642755
  1.58489319246111408E-003 -3.79999999999999991E-002  1.70491840000000006E-003   6.3742380286294837
  1.58489319246111408E-003 -3.40000000000000024E-002  1.69520727999999997E-003   6.3799502565408783
  1.58489319246111408E-003 -2.99999999999999989E-002  1.69381640000000003E-003   6.3807710711526493
  1.58489319246111408E-003 -2.59999999999999988E-002  1.69699832000000015E-003   6.3788942827128592
  1.58489319246111408E-003 -2.19999999999999987E-002  1.69997687999999991E-003   6.3771406280124472
  1.58489319246111408E-003 -1.79999999999999986E-002  1.69751927999999995E-003   6.3785873407166891
  1.58489319246111408E-003 -1.40000000000000003E-002  1.69719224000000005E-003   6.3787800168831819
  1.58489319246111408E-003 -1.00000000000000002E-002  1.68972504000000005E-003   6.3831894615087990
  1.58489319246111408E-003 -6.00000000000000012E-003  1.68673216000000004E-003   6.3849622550652132
  1.58489319246111408E-003 -2.00000000000000004E-003  1.68919087999999987E-003   6.3835056339245071
  1.58489319246111408E-003  2.00000000000000004E-003  1.68656304000000014E-003   6.3850625249734865
  1.58489319246111408E-003  6.00000000000000012E-003  1.68416640000000010E-003   6.3864845556920766
  1.58489319246111408E-003  1.00000000000000002E-002  1.68245095999999990E-003   6.3875036439727024
  1.58489319246111408E-003  1.40000000000000003E-002  1.67996328000000021E-003   6.3889833429486975
  1.58489319246111408E-003  1.79999999999999986E-002  1.68180544000000017E-003   6.3878873959411440
  1.58489319246111408E-003  2.19999999999999987E-002  1.67923280000000018E-003   6.3894182565376143
  1.58489319246111408E-003  2.59999999999999988E-002  1.68013368000000021E-003   6.3888819173040359
  1.58489319246111408E-003  2.99999999999999989E-002  1.68410687999999984E-003   6.3865198972425148
  1.58489319246111408E-003  3.40000000000000024E-002  1.68847984000000000E-003   6.3839266578012825
  1.58489319246111408E-003  3.79999999999999991E-002  1.69068408000000014E-003   6.3826220508838203
  1.58489319246111408E-003  4.20000000000000026E-002  1.69489680000000005E-003   6.3801334249590402
  1.58489319246111408E-003  4.59999999999999992E-002  1.68907783999999988E-003   6.3835725557767402
  1.58489319246111408E-003  5.00000000000000028E-002  1.68727200000000008E-003   6.3846422554570283
  1.58489319246111408E-003  5.39999999999999994E-002  1.68745055999999999E-003   6.3845364334245556
  1.58489319246111408E-003  5.80000000000000029E-002  1.69704015999999993E-003   6.3788696277183750
  1.58489319246111408E-003  6.19999999999999996E-002  1.70262863999999991E-003   6.3755819633237145
  1.58489319246111408E-003  6.60000000000000031E-002  1.70619895999999998E-003   6.3734872130315372
  1.58489319246111408E-003  7.00000000000000067E-002  1.70247280000000007E-003   6.3756734965733717
  1.58489319246111408E-003  7.39999999999999963E-002  1.70149912000000015E-003   6.3762455812141612
  1.58489319246111408E-003  7.79999999999999999E-002  1.70716880000000028E-003   6.3729189531226789
  1.58489319246111408E-003  8.20000000000000034E-002  1.71110784000000002E-003   6.3706142585889118
  1.58489319246111408E-003  8.59999999999999931E-002  1.70690096000000019E-003   6.3730758567710390
  1.58489319246111408E-003  8.99999999999999967E-002  1.70846495999999988E-003   6.3721599958378574
  1.58489319246111408E-003  9.40000000000000002E-002  1.71323175999999995E-003   6.3693737739872338
  1.58489319246111408E-003  9.80000000000000038E-002  1.71905847999999990E-003   6.3659785333811429
  1.58489319246111408E-003  0.10199999999999999       1.71887671999999998E-003   6.3660842712671677
  1.58489319246111408E-003  0.10600000000000000       1.71945423999999994E-003   6.3657483408333908
  1.58489319246111408E-003  0.11000000000000000       1.73158871999999978E-003   6.3587159566241809
  1.58489319246111408E-003  0.11400000000000000       1.73561991999999989E-003   6.3563906268070252
  1.58489319246111408E-003  0.11799999999999999       1.74447263999999999E-003   6.3513029810373904
  1.58489319246111408E-003  0.12200000000000000       1.75216512000000014E-003   6.3469030443335246
  1.58489319246111408E-003  0.12600000000000000       1.75253423999999994E-003   6.3466924014432511
  1.58489319246111408E-003  0.13000000000000000       1.76028920000000002E-003   6.3422771652490120
  1.58489319246111408E-003  0.13400000000000001       1.76443711999999973E-003   6.3399235516414842
  1.58489319246111408E-003  0.13800000000000001       1.77536063999999996E-003   6.3337516992277152
  1.58489319246111408E-003  0.14199999999999999       1.77947263999999987E-003   6.3314382282375918
  1.58489319246111408E-003  0.14599999999999999       1.78778080000000015E-003   6.3267802048245052
  1.58489319246111408E-003  0.14999999999999999       1.79392032000000009E-003   6.3233519310476147
  1.58489319246111408E-003  0.15400000000000000       1.80045439999999986E-003   6.3197162014943107
  1.58489319246111408E-003  0.15800000000000000       1.80445655999999979E-003   6.3174958073216514
  1.58489319246111408E-003  0.16200000000000001       1.81160184000000025E-003   6.3135438306059815
  1.58489319246111408E-003  0.16600000000000001       1.82084463999999989E-003   6.3084547976368341
  1.58489319246111408E-003  0.17000000000000001       1.82069800000000015E-003   6.3085353349335653
  1.58489319246111408E-003  0.17399999999999999       1.82539984000000001E-003   6.3059562255335226
  1.58489319246111408E-003  0.17799999999999999       1.83915655999999992E-003   6.2984482037590022
  1.58489319246111408E-003  0.18200000000000000       1.84819711999999995E-003   6.2935446447844621
  1.58489319246111408E-003  0.18600000000000000       1.86349936000000009E-003   6.2852991824847839
  1.58489319246111408E-003  0.19000000000000000       1.87485919999999984E-003   6.2792217157127421
  1.58489319246111408E-003  0.19400000000000001       1.88554640000000023E-003   6.2735376327115882
  1.58489319246111408E-003  0.19800000000000001       1.90333384000000022E-003   6.2641482777827138
  1.58489319246111408E-003  0.20200000000000001       1.90314743999999997E-003   6.2642462160025225
  1.58489319246111408E-003  0.20599999999999999       1.92120016000000009E-003   6.2548052048923255
  1.58489319246111408E-003  0.20999999999999999       1.92630720000000000E-003   6.2521504767675919
  1.58489319246111408E-003  0.21400000000000000       1.93417783999999993E-003   6.2480729316801416
  1.58489319246111408E-003  0.21800000000000000       1.93957568000000012E-003   6.2452860514794528
  1.58489319246111408E-003  0.22200000000000000       1.94569544000000008E-003   6.2421358131192317
  1.58489319246111408E-003  0.22600000000000001       1.94688711999999996E-003   6.2415235306466776
  1.58489319246111408E-003  0.23000000000000001       1.96684839999999991E-003   6.2313228142281556
  1.58489319246111408E-003  0.23400000000000001       1.98332016000000002E-003   6.2229829901315732
  1.58489319246111408E-003  0.23799999999999999       1.99558551999999990E-003   6.2168177779668357
  1.58489319246111408E-003  0.24199999999999999       2.00830552000000025E-003   6.2104639373320811
  1.58489319246111408E-003  0.24600000000000000       2.02049728000000019E-003   6.2044116196480870
  1.58489319246111408E-003  0.25000000000000000       2.03248824000000017E-003   6.1984945025369074
  1.58489319246111408E-003  0.25400000000000000       2.04309863999999975E-003   6.1932876823738612
  1.58489319246111408E-003  0.25800000000000001       2.05158744000000009E-003   6.1891414245189829
  1.58489319246111408E-003  0.26200000000000001       2.06871111999999994E-003   6.1808295129732134
  1.58489319246111408E-003  0.26600000000000001       2.09124560000000003E-003   6.1699954096702356
  1.58489319246111408E-003  0.27000000000000002       2.11122711999999976E-003   6.1604859270827514
  1.58489319246111408E-003  0.27400000000000002       2.11629136000000004E-003   6.1580900807031851
  1.58489319246111408E-003  0.27800000000000002       2.13649568000000029E-003   6.1485883248808344
  1.58489319246111408E-003  0.28199999999999997       2.16471735999999989E-003   6.1354654757036116
  1.58489319246111408E-003  0.28599999999999998       2.17393855999999976E-003   6.1312147519520259
  1.58489319246111408E-003  0.28999999999999998       2.18345903999999985E-003   6.1268449440879769
  1.58489319246111408E-003  0.29399999999999998       2.20250072000000019E-003   6.1181618732527445
  1.58489319246111408E-003  0.29799999999999999       2.21995055999999998E-003   6.1102703536162055
  1.58489319246111408E-003  0.30199999999999999       2.22544616000000008E-003   6.1077978621173372
  1.58489319246111408E-003  0.30599999999999999       2.24651951999999986E-003   6.0983731404199197
  1.58489319246111408E-003  0.31000000000000000       2.26382280000000024E-003   6.0907003902555799
  1.58489319246111408E-003  0.31400000000000000       2.28103320000000009E-003   6.0831267807660812
  1.58489319246111408E-003  0.31800000000000000       2.29613879999999992E-003   6.0765263493903516
  1.58489319246111408E-003  0.32200000000000001       2.32344520000000001E-003   6.0647041948260467
  1.58489319246111408E-003  0.32600000000000001       2.34598375999999983E-003   6.0550504511959558
  1.58489319246111408E-003  0.33000000000000002       2.36763119999999988E-003   6.0458653173328596
  1.58489319246111408E-003  0.33400000000000002       2.39568416000000015E-003   6.0340864271174137
  1.58489319246111408E-003  0.33800000000000002       2.42067328000000010E-003   6.0237095626320905
  1.58489319246111408E-003  0.34200000000000003       2.44348991999999987E-003   6.0143279664927762
  1.58489319246111408E-003  0.34599999999999997       2.45496775999999974E-003   6.0096416502047756
  1.58489319246111408E-003  0.34999999999999998       2.47575231999999992E-003   6.0012109614735305
  1.58489319246111408E-003  0.35399999999999998       2.49614400000000005E-003   5.9930081378314011
  1.58489319246111408E-003  0.35799999999999998       2.50560679999999990E-003   5.9892243382506551
  1.58489319246111408E-003  0.36199999999999999       2.52792472000000013E-003   5.9803565816219262
  1.58489319246111408E-003  0.36599999999999999       2.54685255999999999E-003   5.9728969723714078
  1.58489319246111408E-003  0.37000000000000000       2.56810176000000015E-003   5.9645882677712940
  1.58489319246111408E-003  0.37400000000000000       2.60043479999999983E-003   5.9520766171669761
  1.58489319246111408E-003  0.37800000000000000       2.62881456000000008E-003   5.9412222720477956
  1.58489319246111408E-003  0.38200000000000001       2.66116848000000003E-003   5.9289899744474610
  1.58489319246111408E-003  0.38600000000000001       2.68865680000000004E-003   5.9187135409305744
  1.58489319246111408E-003  0.39000000000000001       2.70874831999999999E-003   5.9112686253261728
  1.58489319246111408E-003  0.39400000000000002       2.73315488000000018E-003   5.9022987033162586
  1.58489319246111408E-003  0.39800000000000002       2.77509640000000004E-003   5.8870697936483767
  1.58489319246111408E-003  0.40200000000000002       2.79760423999999988E-003   5.8789918566314698
  1.58489319246111408E-003  0.40600000000000003       2.81741935999999969E-003   5.8719339335779477
  1.58489319246111408E-003  0.40999999999999998       2.84303272000000027E-003   5.8628839374101034
  1.58489319246111408E-003  0.41399999999999998       2.87370215999999991E-003   5.8521541292633792
  1.58489319246111408E-003  0.41799999999999998       2.90199456000000012E-003   5.8423569990911606
  1.58489319246111408E-003  0.42199999999999999       2.92646143999999997E-003   5.8339612854687886
  1.58489319246111408E-003  0.42599999999999999       2.95396951999999996E-003   5.8246054131387757
  1.58489319246111408E-003  0.42999999999999999       2.98243392000000027E-003   5.8150155601471205
  1.58489319246111408E-003  0.43400000000000000       3.00865183999999989E-003   5.8062631942433987
  1.58489319246111408E-003  0.43800000000000000       3.03820447999999989E-003   5.7964885696344952
  1.58489319246111408E-003  0.44200000000000000       3.06191527999999987E-003   5.7887146503201414
  1.58489319246111408E-003  0.44600000000000001       3.09100360000000036E-003   5.7792594511612085
  1.58489319246111408E-003  0.45000000000000001       3.12565080000000006E-003   5.7681127614760426
  1.58489319246111408E-003  0.45400000000000001       3.14854000000000002E-003   5.7608164256537355
  1.58489319246111408E-003  0.45800000000000002       3.16695143999999986E-003   5.7549858446660167
  1.58489319246111408E-003  0.46200000000000002       3.19311864000000004E-003   5.7467572096604087
  1.58489319246111408E-003  0.46600000000000003       3.23147912000000016E-003   5.7348153146778351
  1.58489319246111408E-003  0.46999999999999997       3.26648064000000047E-003   5.7240421305340341
  1.58489319246111408E-003  0.47399999999999998       3.30815983999999987E-003   5.7113631837619101
  1.58489319246111408E-003  0.47799999999999998       3.33886880000000032E-003   5.7021232119941745
  1.58489319246111408E-003  0.48199999999999998       3.36174376000000037E-003   5.6952954634381161
  1.58489319246111408E-003  0.48599999999999999       3.38800000000000039E-003   5.6875155021923289
  1.58489319246111408E-003  0.48999999999999999       3.41809376000000009E-003   5.6786722634186244
  1.58489319246111408E-003  0.49399999999999999       3.44093943999999961E-003   5.6720107518566865
  1.58489319246111408E-003  0.49800000000000000       3.47507855999999987E-003   5.6621381930266761
  1.58489319246111408E-003  0.50200000000000000       3.50404088000000032E-003   5.6538384393093803
  1.58489319246111408E-003  0.50600000000000001       3.51911952000000033E-003   5.6495444570250859
  1.58489319246111408E-003  0.51000000000000001       3.55789368000000022E-003   5.6385865721411230
  1.58489319246111408E-003  0.51400000000000001       3.59695096000000030E-003   5.6276687479451297
  1.58489319246111408E-003  0.51800000000000002       3.64035640000000011E-003   5.6156736900386512
  1.58489319246111408E-003  0.52200000000000002       3.66561760000000013E-003   5.6087584448797996
  1.58489319246111408E-003  0.52600000000000002       3.68916784000000025E-003   5.6023543639777982
  1.58489319246111408E-003  0.53000000000000003       3.72403655999999951E-003   5.5929471022148620
  1.58489319246111408E-003  0.53400000000000003       3.75860584000000005E-003   5.5837071775729603
  1.58489319246111408E-003  0.53800000000000003       3.78323039999999998E-003   5.5771770311414119
  1.58489319246111408E-003  0.54200000000000004       3.80660647999999996E-003   5.5710171744055188
  1.58489319246111408E-003  0.54600000000000004       3.82858256000000044E-003   5.5652606330621790
  1.58489319246111408E-003  0.55000000000000004       3.87339280000000008E-003   5.5536244635044039
  1.58489319246111408E-003  0.55400000000000005       3.90272087999999967E-003   5.5460813075607538
  1.58489319246111408E-003  0.55800000000000005       3.91813167999999993E-003   5.5421403510403815
  1.58489319246111408E-003  0.56200000000000006       3.94412000000000061E-003   5.5355294167411193
  1.58489319246111408E-003  0.56599999999999995       3.97881271999999970E-003   5.5267718157473231
  1.58489319246111408E-003  0.56999999999999995       4.00071808000000001E-003   5.5212814139740338
  1.58489319246111408E-003  0.57399999999999995       4.01802056000000012E-003   5.5169658956288670
  1.58489319246111408E-003  0.57799999999999996       4.02854615999999940E-003   5.5143497224534794
  1.58489319246111408E-003  0.58199999999999996       4.04337743999999989E-003   5.5106749362624416
  1.58489319246111408E-003  0.58599999999999997       4.03862328000000048E-003   5.5118514173623723
  1.58489319246111408E-003  0.58999999999999997       4.03180255999999963E-003   5.5135417176660217
  1.58489319246111408E-003  0.59399999999999997       4.05149079999999988E-003   5.5086703668299872
  1.58489319246111408E-003  0.59799999999999998       4.06671479999999932E-003   5.5049197799155083
  1.58489319246111408E-003  0.60199999999999998       4.07264319999999999E-003   5.5034630554297781
  1.58489319246111408E-003  0.60599999999999998       4.07854991999999968E-003   5.5020137655045032
  1.58489319246111408E-003  0.60999999999999999       4.07408568000000061E-003   5.5031089304708347
  1.58489319246111408E-003  0.61399999999999999       4.06755272000000005E-003   5.5047137576766509
  1.58489319246111408E-003  0.61799999999999999       4.05363296000000022E-003   5.5081417727916202
  1.58489319246111408E-003  0.62200000000000000       4.04084559999999971E-003   5.5113013019800245
  1.58489319246111408E-003  0.62600000000000000       4.02484152000000001E-003   5.5152697427998270
  1.58489319246111408E-003  0.63000000000000000       4.00124799999999978E-003   5.5211489665241249
  1.58489319246111408E-003  0.63400000000000001       3.97748824000000029E-003   5.5271047543877527
  1.58489319246111408E-003  0.63800000000000001       3.95472255999999942E-003   5.5328448294013439
  1.58489319246111408E-003  0.64200000000000002       3.93637528000000039E-003   5.5374949588087707
  1.58489319246111408E-003  0.64600000000000002       3.89366720000000003E-003   5.5484038405021225
  1.58489319246111408E-003  0.65000000000000002       3.84362872000000013E-003   5.5613383794275624
  1.58489319246111408E-003  0.65400000000000003       3.79470432000000033E-003   5.5741487842134010
  1.58489319246111408E-003  0.65800000000000003       3.74334783999999985E-003   5.5877749235734768
  1.58489319246111408E-003  0.66200000000000003       3.68991200000000049E-003   5.6021526694525576
  1.58489319246111408E-003  0.66600000000000004       3.62939440000000033E-003   5.6186894765792994
  1.58489319246111408E-003  0.67000000000000004       3.56586079999999996E-003   5.6363497956367938
  1.58489319246111408E-003  0.67400000000000004       3.49108239999999966E-003   5.6575434475858071
  1.58489319246111408E-003  0.67800000000000005       3.40753696000000014E-003   5.6817655477906355
  1.58489319246111408E-003  0.68200000000000005       3.32765896000000033E-003   5.7054862372357338
  1.58489319246111408E-003  0.68600000000000005       3.23787311999999957E-003   5.7328386091763361
  1.58489319246111408E-003  0.68999999999999995       3.13868999999999997E-003   5.7639497635652743
  1.58489319246111408E-003  0.69399999999999995       3.03687807999999991E-003   5.7969252386041683
  1.58489319246111408E-003  0.69799999999999995       2.94147168000000007E-003   5.8288452514470590
  1.58489319246111408E-003  0.70199999999999996       2.83757711999999994E-003   5.8648047176893288
  1.58489319246111408E-003  0.70599999999999996       2.71853544000000020E-003   5.9076619848622078
  1.58489319246111408E-003  0.70999999999999996       2.60004824000000011E-003   5.9522252802806674
  1.58489319246111408E-003  0.71399999999999997       2.48522320000000001E-003   5.9973928045535416
  1.58489319246111408E-003  0.71799999999999997       2.36375008000000008E-003   6.0475059041470809
  1.58489319246111408E-003  0.72199999999999998       2.22981663999999996E-003   6.1058359211059523
  1.58489319246111408E-003  0.72599999999999998       2.09051592000000005E-003   6.1703443917936376
  1.58489319246111408E-003  0.72999999999999998       1.96092336000000013E-003   6.2343398146326221
  1.58489319246111408E-003  0.73399999999999999       1.82649152000000006E-003   6.3053583544990905
  1.58489319246111408E-003  0.73799999999999999       1.69041520000000008E-003   6.3827810997482874
  1.58489319246111408E-003  0.74199999999999999       1.56510032000000006E-003   6.4598053548080596
  1.58489319246111408E-003  0.74600000000000000       1.43974087999999985E-003   6.5432921260306163
  1.58489319246111408E-003  0.75000000000000000       1.31421839999999995E-003   6.6345131626854155
  1.58489319246111408E-003  0.75400000000000000       1.19402343999999998E-003   6.7304266327136348
  1.58489319246111408E-003  0.75800000000000001       1.07017976000000009E-003   6.8399286446187419
  1.58489319246111408E-003  0.76200000000000001       9.55332480000000068E-004   6.9534511314756493
  1.58489319246111408E-003  0.76600000000000001       8.42007680000000079E-004   7.0797214226234022
  1.58489319246111408E-003  0.77000000000000002       7.45457840000000047E-004   7.2015119780078711
  1.58489319246111408E-003  0.77400000000000002       6.51893200000000029E-004   7.3356298131358910
  1.58489319246111408E-003  0.77800000000000002       5.62007279999999967E-004   7.4839957544178271
  1.58489319246111408E-003  0.78200000000000003       4.80041120000000016E-004   7.6416387910648504
  1.58489319246111408E-003  0.78600000000000003       4.07427120000000036E-004   7.8056484879040884
  1.58489319246111408E-003  0.79000000000000004       3.33658240000000040E-004   8.0053933223813249
  1.58489319246111408E-003  0.79400000000000004       2.76205760000000015E-004   8.1943644627532386
  1.58489319246111408E-003  0.79800000000000004       2.24225839999999993E-004   8.4028567997301860
  1.58489319246111408E-003  0.80200000000000005       1.79255520000000000E-004   8.6266982839796214
  1.58489319246111408E-003  0.80600000000000005       1.41529039999999996E-004   8.8630056322557333
  1.58489319246111408E-003  0.81000000000000005       1.08959920000000008E-004   9.1245304497777315
  1.58489319246111408E-003  0.81399999999999995       8.38616000000000036E-005   9.3863427369855899
  1.58489319246111408E-003  0.81799999999999995       6.26482400000000038E-005   9.6779749695946133
  1.58489319246111408E-003  0.82199999999999995       4.60971999999999963E-005   9.9847583473333845
  1.58489319246111408E-003  0.82599999999999996       3.31451199999999968E-005   10.314615061821899
  1.58489319246111408E-003  0.82999999999999996       2.34463999999999997E-005   10.660793592980767
  1.58489319246111408E-003  0.83399999999999996       1.60733600000000016E-005   11.038347314818106
  1.58489319246111408E-003  0.83799999999999997       1.18527200000000006E-005   11.342953180857481
  1.58489319246111408E-003  0.84199999999999997       7.97008000000000044E-006   11.739816027571372
  1.58489319246111408E-003  0.84599999999999997       5.34440000000000003E-006   12.139461274231673
  1.58489319246111408E-003  0.84999999999999998       3.20271999999999997E-006   12.651510109204015
  1.58489319246111408E-003  0.85399999999999998       2.21040000000000005E-006   13.022337063337204
  1.58489319246111408E-003  0.85799999999999998       1.62336000000000016E-006   13.331012482568086
  1.58489319246111408E-003  0.86199999999999999       7.86479999999999986E-007   14.055698543887742
  1.58489319246111408E-003  0.86599999999999999       2.99199999999999979E-007   15.022153590846090
  1.58489319246111408E-003  0.87000000000000000       2.02559999999999982E-007   15.412229697990600
  1.58489319246111408E-003  0.87400000000000000       4.91199999999999991E-008   16.828999553107526
  1.58489319246111408E-003  0.87800000000000000       5.43999999999999974E-008   16.726901683084513
  1.58489319246111408E-003  0.88200000000000001       1.44799999999999996E-008   18.050497449988843
  1.58489319246111408E-003  0.88600000000000001       5.68000000000000024E-009   18.986314604213351
  1.58489319246111408E-003  0.89000000000000001       2.74399999999999995E-008   17.411264034088727
  1.58489319246111408E-003  0.89400000000000002       1.06399999999999997E-008   18.358645353032912
  1.58489319246111408E-003  0.89800000000000002        0.0000000000000000                      +Infinity
  1.58489319246111408E-003  0.90200000000000002        0.0000000000000000                      +Infinity
  1.58489319246111408E-003  0.90600000000000003        0.0000000000000000                      +Infinity
  1.58489319246111408E-003  0.91000000000000003        0.0000000000000000                      +Infinity
  1.58489319246111408E-003  0.91400000000000003        0.0000000000000000                      +Infinity
  1.58489319246111408E-003  0.91800000000000004        0.0000000000000000                      +Infinity
  1.58489319246111408E-003  0.92200000000000004        0.0000000000000000                      +Infinity
  1.58489319246111408E-003  0.92600000000000005        0.0000000000000000                      +Infinity
  1.58489319246111408E-003  0.93000000000000005        0.0000000000000000                      +Infinity
  1.58489319246111408E-003  0.93400000000000005        0.0000000000000000                      +Infinity
  1.58489319246111408E-003  0.93799999999999994        0.0000000000000000                      +Infinity
  1.58489319246111408E-003  0.94199999999999995        0.0000000000000000                      +Infinity
  1.58489319246111408E-003  0.94599999999999995        0.0000000000000000                      +Infinity
  1.58489319246111408E-003  0.94999999999999996        0.0000000000000000                      +Infinity
  1.58489319246111408E-003  0.95399999999999996        0.0000000000000000                      +Infinity
  1.58489319246111408E-003  0.95799999999999996        0.0000000000000000                      +Infinity
  1.58489319246111408E-003  0.96199999999999997        0.0000000000000000                      +Infinity
  1.58489319246111408E-003  0.96599999999999997        0.0000000000000000                      +Infinity
  1.58489319246111408E-003  0.96999999999999997        0.0000000000000000                      +Infinity
  1.58489319246111408E-003  0.97399999999999998        0.0000000000000000                      +Infinity
  1.58489319246111408E-003  0.97799999999999998        0.0000000000000000                      +Infinity
  1.58489319246111408E-003  0.98199999999999998        0.0000000000000000                      +Infinity
  1.58489319246111408E-003  0.98599999999999999        0.0000000000000000                      +Infinity
  1.58489319246111408E-003  0.98999999999999999        0.0000000000000000                      +Infinity
  1.58489319246111408E-003  0.99399999999999999        0.0000000000000000                      +Infinity
  1.58489319246111408E-003  0.99800000000000000        0.0000000000000000                      +Infinity
