  3.54813389233575322E-003 -0.99800000000000000        0.0000000000000000                      +Infinity
  3.54813389233575322E-003 -0.99399999999999999        0.0000000000000000                      +Infinity
  3.54813389233575322E-003 -0.98999999999999999        0.0000000000000000                      +Infinity
  3.54813389233575322E-003 -0.98599999999999999        0.0000000000000000                      +Infinity
  3.54813389233575322E-003 -0.98199999999999998        0.0000000000000000                      +Infinity
  3.54813389233575322E-003 -0.97799999999999998        0.0000000000000000                      +Infinity
  3.54813389233575322E-003 -0.97399999999999998        0.0000000000000000                      +Infinity
  3.54813389233575322E-003 -0.96999999999999997        0.0000000000000000                      +Infinity
  3.54813389233575322E-003 -0.96599999999999997        0.0000000000000000                      +Infinity
  3.54813389233575322E-003 -0.96199999999999997        0.0000000000000000                      +Infinity
  3.54813389233575322E-003 -0.95799999999999996        0.0000000000000000                      +Infinity
  3.54813389233575322E-003 -0.95399999999999996        0.0000000000000000                      +Infinity
  3.54813389233575322E-003 -0.94999999999999996        0.0000000000000000                      +Infinity
  3.54813389233575322E-003 -0.94599999999999995        0.0000000000000000                      +Infinity
  3.54813389233575322E-003 -0.94199999999999995        0.0000000000000000                      +Infinity
  3.54813389233575322E-003 -0.93799999999999994        0.0000000000000000                      +Infinity
  3.54813389233575322E-003 -0.93400000000000005        0.0000000000000000                      +Infinity
  3.54813389233575322E-003 -0.93000000000000005        0.0000000000000000                      +Infinity
  3.54813389233575322E-003 -0.92600000000000005        0.0000000000000000                      +Infinity
  3.54813389233575322E-003 -0.92200000000000004        0.0000000000000000                      +Infinity
  3.54813389233575322E-003 -0.91800000000000004        0.0000000000000000                      +Infinity
  3.54813389233575322E-003 -0.91400000000000003        0.0000000000000000                      +Infinity
  3.54813389233575322E-003 -0.91000000000000003        0.0000000000000000                      +Infinity
  3.54813389233575322E-003 -0.90600000000000003        0.0000000000000000                      +Infinity
  3.54813389233575322E-003 -0.90200000000000002        0.0000000000000000                      +Infinity
  3.54813389233575322E-003 -0.89800000000000002        0.0000000000000000                      +Infinity
  3.54813389233575322E-003 -0.89400000000000002        0.0000000000000000                      +Infinity
  3.54813389233575322E-003 -0.89000000000000001        0.0000000000000000                      +Infinity
  3.54813389233575322E-003 -0.88600000000000001        0.0000000000000000                      +Infinity
  3.54813389233575322E-003 -0.88200000000000001        0.0000000000000000                      +Infinity
  3.54813389233575322E-003 -0.87800000000000000       1.73599999999999980E-008   17.869097127714205
  3.54813389233575322E-003 -0.87400000000000000       8.02399999999999959E-008   16.338243693292732
  3.54813389233575322E-003 -0.87000000000000000       1.30559999999999999E-007   15.851432945730615
  3.54813389233575322E-003 -0.86599999999999999       8.21600000000000025E-008   16.314597271326107
  3.54813389233575322E-003 -0.86199999999999999       2.32720000000000009E-007   15.273429822759464
  3.54813389233575322E-003 -0.85799999999999998       5.07759999999999989E-007   14.493256941948196
  3.54813389233575322E-003 -0.85399999999999998       7.85119999999999926E-007   14.057429264604817
  3.54813389233575322E-003 -0.84999999999999998       1.54751999999999992E-006   13.378856908400092
  3.54813389233575322E-003 -0.84599999999999997       2.38152000000000011E-006   12.947771618672315
  3.54813389233575322E-003 -0.84199999999999997       3.86720000000000001E-006   12.462979826997193
  3.54813389233575322E-003 -0.83799999999999997       6.33999999999999944E-006   11.968631789515140
  3.54813389233575322E-003 -0.83399999999999996       9.59447999999999966E-006   11.554322624866380
  3.54813389233575322E-003 -0.82999999999999996       1.42407200000000004E-005   11.159405091460895
  3.54813389233575322E-003 -0.82599999999999996       1.97964800000000013E-005   10.830006413845904
  3.54813389233575322E-003 -0.82199999999999995       2.70768799999999968E-005   10.516830330738070
  3.54813389233575322E-003 -0.81799999999999995       3.84046400000000044E-005   10.167332272337019
  3.54813389233575322E-003 -0.81399999999999995       5.15891199999999985E-005   9.8721997604224931
  3.54813389233575322E-003 -0.81000000000000005       6.75577600000000028E-005   9.6025276222877771
  3.54813389233575322E-003 -0.80600000000000005       8.86051999999999966E-005   9.3313200113305523
  3.54813389233575322E-003 -0.80200000000000005       1.12292240000000005E-004   9.0944057992307652
  3.54813389233575322E-003 -0.79800000000000004       1.41742959999999999E-004   8.8614952814927523
  3.54813389233575322E-003 -0.79400000000000004       1.74917760000000018E-004   8.6511946373556547
  3.54813389233575322E-003 -0.79000000000000004       2.17156239999999996E-004   8.4348934634994652
  3.54813389233575322E-003 -0.78600000000000003       2.61544320000000024E-004   8.2489068050724335
  3.54813389233575322E-003 -0.78200000000000003       3.09558320000000002E-004   8.0803640506345022
  3.54813389233575322E-003 -0.77800000000000002       3.66493279999999982E-004   7.9115303724127610
  3.54813389233575322E-003 -0.77400000000000002       4.30606560000000029E-004   7.7503157385936232
  3.54813389233575322E-003 -0.77000000000000002       4.98917519999999962E-004   7.6030697664559117
  3.54813389233575322E-003 -0.76600000000000001       5.71137759999999989E-004   7.4678801164612967
  3.54813389233575322E-003 -0.76200000000000001       6.50681759999999958E-004   7.3374898832070743
  3.54813389233575322E-003 -0.75800000000000001       7.37369599999999968E-004   7.2124212989429815
  3.54813389233575322E-003 -0.75400000000000000       8.26215599999999923E-004   7.0986548015531410
  3.54813389233575322E-003 -0.75000000000000000       9.17881999999999964E-004   6.9934417159108078
  3.54813389233575322E-003 -0.74600000000000000       1.01973496000000007E-003   6.8882125285882898
  3.54813389233575322E-003 -0.74199999999999999       1.12547759999999993E-003   6.7895478000811993
  3.54813389233575322E-003 -0.73799999999999999       1.21973456000000003E-003   6.7091220176800705
  3.54813389233575322E-003 -0.73399999999999999       1.32257072000000007E-003   6.6281779211813774
  3.54813389233575322E-003 -0.72999999999999998       1.43170224000000010E-003   6.5488911650256325
  3.54813389233575322E-003 -0.72599999999999998       1.54531399999999989E-003   6.4725281530361620
  3.54813389233575322E-003 -0.72199999999999998       1.65140920000000023E-003   6.4061262949658229
  3.54813389233575322E-003 -0.71799999999999997       1.76307152000000004E-003   6.3406978091742570
  3.54813389233575322E-003 -0.71399999999999997       1.86432824000000007E-003   6.2848544838009390
  3.54813389233575322E-003 -0.70999999999999996       1.97668488000000021E-003   6.2263341405178014
  3.54813389233575322E-003 -0.70599999999999996       2.08258000000000011E-003   6.1741477692949811
  3.54813389233575322E-003 -0.70199999999999996       2.17850472000000010E-003   6.1291165457807102
  3.54813389233575322E-003 -0.69799999999999995       2.27342167999999975E-003   6.0864692343799023
  3.54813389233575322E-003 -0.69399999999999995       2.36586000000000001E-003   6.0466136867742835
  3.54813389233575322E-003 -0.68999999999999995       2.45814655999999996E-003   6.0083476439038748
  3.54813389233575322E-003 -0.68600000000000005       2.53837976000000033E-003   5.9762292912537083
  3.54813389233575322E-003 -0.68200000000000005       2.61669631999999997E-003   5.9458427034360657
  3.54813389233575322E-003 -0.67800000000000005       2.70235471999999985E-003   5.9136317675277263
  3.54813389233575322E-003 -0.67400000000000004       2.78003767999999984E-003   5.8852907974146111
  3.54813389233575322E-003 -0.67000000000000004       2.85220592000000025E-003   5.8596625770729895
  3.54813389233575322E-003 -0.66600000000000004       2.92508903999999991E-003   5.8344303577359948
  3.54813389233575322E-003 -0.66200000000000003       2.99520848000000032E-003   5.8107414404884281
  3.54813389233575322E-003 -0.65800000000000003       3.06022944000000022E-003   5.7892653854365799
  3.54813389233575322E-003 -0.65400000000000003       3.13040015999999999E-003   5.7665944359563941
  3.54813389233575322E-003 -0.65000000000000002       3.17755192000000004E-003   5.7516442151443092
  3.54813389233575322E-003 -0.64600000000000002       3.23395160000000030E-003   5.7340504839256079
  3.54813389233575322E-003 -0.64200000000000002       3.30195560000000029E-003   5.7132403799707276
  3.54813389233575322E-003 -0.63800000000000001       3.34187008000000037E-003   5.7012247244897791
  3.54813389233575322E-003 -0.63400000000000001       3.38614656000000040E-003   5.6880627120968779
  3.54813389233575322E-003 -0.63000000000000000       3.42535655999999999E-003   5.6765497075770206
  3.54813389233575322E-003 -0.62600000000000000       3.44860055999999995E-003   5.6697867650135203
  3.54813389233575322E-003 -0.62200000000000000       3.48459968000000000E-003   5.6594021108081085
  3.54813389233575322E-003 -0.61799999999999999       3.52050232000000003E-003   5.6491515950080018
  3.54813389233575322E-003 -0.61399999999999999       3.54566032000000041E-003   5.6420308683606981
  3.54813389233575322E-003 -0.60999999999999999       3.56172815999999991E-003   5.6375094137029578
  3.54813389233575322E-003 -0.60599999999999998       3.56814463999999970E-003   5.6357095269694293
  3.54813389233575322E-003 -0.60199999999999998       3.59174104000000013E-003   5.6291182246822506
  3.54813389233575322E-003 -0.59799999999999998       3.61635935999999984E-003   5.6222874608591518
  3.54813389233575322E-003 -0.59399999999999997       3.63608487999999988E-003   5.6168477586049459
  3.54813389233575322E-003 -0.58999999999999997       3.64822295999999964E-003   5.6135150902166542
  3.54813389233575322E-003 -0.58599999999999997       3.64783296000000022E-003   5.6136219972921060
  3.54813389233575322E-003 -0.58199999999999996       3.65691664000000012E-003   5.6111349347151105
  3.54813389233575322E-003 -0.57799999999999996       3.65364623999999989E-003   5.6120296401630609
  3.54813389233575322E-003 -0.57399999999999995       3.64244431999999991E-003   5.6151003062162790
  3.54813389233575322E-003 -0.56999999999999995       3.64937735999999952E-003   5.6131987122406048
  3.54813389233575322E-003 -0.56599999999999995       3.64449815999999972E-003   5.6145366020124863
  3.54813389233575322E-003 -0.56200000000000006       3.65242671999999957E-003   5.6123634775112521
  3.54813389233575322E-003 -0.55800000000000005       3.65129728000000014E-003   5.6126727553560887
  3.54813389233575322E-003 -0.55400000000000005       3.63190487999999955E-003   5.6179980080133518
  3.54813389233575322E-003 -0.55000000000000004       3.60529792000000016E-003   5.6253508708830866
  3.54813389233575322E-003 -0.54600000000000004       3.60080855999999998E-003   5.6265968587388766
  3.54813389233575322E-003 -0.54200000000000004       3.57958959999999998E-003   5.6325071220123446
  3.54813389233575322E-003 -0.53800000000000003       3.56429391999999986E-003   5.6367893036381638
  3.54813389233575322E-003 -0.53400000000000003       3.54929112000000038E-003   5.6410073799414606
  3.54813389233575322E-003 -0.53000000000000003       3.53836232000000021E-003   5.6440912803477072
  3.54813389233575322E-003 -0.52600000000000002       3.52911223999999996E-003   5.6467089297508517
  3.54813389233575322E-003 -0.52200000000000002       3.51555952000000022E-003   5.6505565857330664
  3.54813389233575322E-003 -0.51800000000000002       3.49666319999999975E-003   5.6559461366629327
  3.54813389233575322E-003 -0.51400000000000001       3.48800567999999964E-003   5.6584251444963627
  3.54813389233575322E-003 -0.51000000000000001       3.47368495999999995E-003   5.6625393003645996
  3.54813389233575322E-003 -0.50600000000000001       3.45960687999999957E-003   5.6666003148646844
  3.54813389233575322E-003 -0.50200000000000000       3.44714736000000009E-003   5.6702082421435929
  3.54813389233575322E-003 -0.49800000000000000       3.42479311999999972E-003   5.6767142120119862
  3.54813389233575322E-003 -0.49399999999999999       3.40348327999999986E-003   5.6829558776783156
  3.54813389233575322E-003 -0.48999999999999999       3.39834808000000037E-003   5.6844658242511930
  3.54813389233575322E-003 -0.48599999999999999       3.38116568000000010E-003   5.6895347532035334
  3.54813389233575322E-003 -0.48199999999999998       3.36732336000000049E-003   5.6936371053985164
  3.54813389233575322E-003 -0.47799999999999998       3.33784295999999979E-003   5.7024305009846081
  3.54813389233575322E-003 -0.47399999999999998       3.30963079999999988E-003   5.7109186365997999
  3.54813389233575322E-003 -0.46999999999999997       3.28535776000000003E-003   5.7182797258217875
  3.54813389233575322E-003 -0.46600000000000003       3.26700808000000018E-003   5.7238806731492433
  3.54813389233575322E-003 -0.46200000000000002       3.24668488000000007E-003   5.7301208401552755
  3.54813389233575322E-003 -0.45800000000000002       3.22627608000000026E-003   5.7364267232756303
  3.54813389233575322E-003 -0.45400000000000001       3.20860872000000011E-003   5.7419178563548003
  3.54813389233575322E-003 -0.45000000000000001       3.19227008000000020E-003   5.7470229914451059
  3.54813389233575322E-003 -0.44600000000000001       3.17363399999999983E-003   5.7528779754361121
  3.54813389233575322E-003 -0.44200000000000000       3.14649624000000027E-003   5.7614657499765469
  3.54813389233575322E-003 -0.43800000000000000       3.13066271999999993E-003   5.7665105652126600
  3.54813389233575322E-003 -0.43400000000000000       3.11124984000000007E-003   5.7727307557087491
  3.54813389233575322E-003 -0.42999999999999999       3.07649720000000015E-003   5.7839636019092850
  3.54813389233575322E-003 -0.42599999999999999       3.05630567999999993E-003   5.7905483865021372
  3.54813389233575322E-003 -0.42199999999999999       3.03050495999999990E-003   5.7990260198806585
  3.54813389233575322E-003 -0.41799999999999998       3.00953127999999993E-003   5.8059709332773481
  3.54813389233575322E-003 -0.41399999999999998       2.98227128000000006E-003   5.8150700942756606
  3.54813389233575322E-003 -0.40999999999999998       2.95964855999999998E-003   5.8226847474248302
  3.54813389233575322E-003 -0.40600000000000003       2.93032463999999982E-003   5.8326420634560643
  3.54813389233575322E-003 -0.40200000000000002       2.90337223999999989E-003   5.8418823761867600
  3.54813389233575322E-003 -0.39800000000000002       2.88349200000000009E-003   5.8487532193187590
  3.54813389233575322E-003 -0.39400000000000002       2.86251615999999964E-003   5.8560542647028671
  3.54813389233575322E-003 -0.39000000000000001       2.84014751999999999E-003   5.8638992844960756
  3.54813389233575322E-003 -0.38600000000000001       2.82263279999999967E-003   5.8700852125601397
  3.54813389233575322E-003 -0.38200000000000001       2.79072704000000006E-003   5.8814531292823498
  3.54813389233575322E-003 -0.37800000000000000       2.77625143999999996E-003   5.8866536640704945
  3.54813389233575322E-003 -0.37400000000000000       2.75870823999999982E-003   5.8929927377983375
  3.54813389233575322E-003 -0.37000000000000000       2.72420055999999990E-003   5.9055802663861172
  3.54813389233575322E-003 -0.36599999999999999       2.70242463999999976E-003   5.9136058941311100
  3.54813389233575322E-003 -0.36199999999999999       2.68299480000000002E-003   5.9208216456694887
  3.54813389233575322E-003 -0.35799999999999998       2.67043247999999974E-003   5.9255148421588322
  3.54813389233575322E-003 -0.35399999999999998       2.65610279999999987E-003   5.9308953432976850
  3.54813389233575322E-003 -0.34999999999999998       2.63277016000000022E-003   5.9397186943404252
  3.54813389233575322E-003 -0.34599999999999997       2.60657631999999979E-003   5.9497176735402411
  3.54813389233575322E-003 -0.34200000000000003       2.58241599999999970E-003   5.9590298841209730
  3.54813389233575322E-003 -0.33800000000000002       2.56524695999999983E-003   5.9657005242923393
  3.54813389233575322E-003 -0.33400000000000002       2.55488151999999982E-003   5.9697494282216361
  3.54813389233575322E-003 -0.33000000000000002       2.54347128000000002E-003   5.9742254852926271
  3.54813389233575322E-003 -0.32600000000000001       2.52337495999999974E-003   5.9821580036394684
  3.54813389233575322E-003 -0.32200000000000001       2.49461575999999994E-003   5.9936205656465056
  3.54813389233575322E-003 -0.31800000000000000       2.46972327999999981E-003   6.0036491670070120
  3.54813389233575322E-003 -0.31400000000000000       2.45382647999999991E-003   6.0101066442398743
  3.54813389233575322E-003 -0.31000000000000000       2.44278240000000025E-003   6.0146175614881461
  3.54813389233575322E-003 -0.30599999999999999       2.42688711999999992E-003   6.0211458634140680
  3.54813389233575322E-003 -0.30199999999999999       2.41301367999999976E-003   6.0268788230639743
  3.54813389233575322E-003 -0.29799999999999999       2.40226848000000019E-003   6.0313417880484748
  3.54813389233575322E-003 -0.29399999999999998       2.39456648000000013E-003   6.0345530749420382
  3.54813389233575322E-003 -0.28999999999999998       2.38682672000000004E-003   6.0377905274736969
  3.54813389233575322E-003 -0.28599999999999998       2.37156607999999998E-003   6.0442047488138808
  3.54813389233575322E-003 -0.28199999999999997       2.35961624000000005E-003   6.0492562833365771
  3.54813389233575322E-003 -0.27800000000000002       2.34337944000000001E-003   6.0561611863455607
  3.54813389233575322E-003 -0.27400000000000002       2.32844855999999982E-003   6.0625530872610609
  3.54813389233575322E-003 -0.27000000000000002       2.31269711999999980E-003   6.0693408511294278
  3.54813389233575322E-003 -0.26600000000000001       2.29326888000000017E-003   6.0777770207511006
  3.54813389233575322E-003 -0.26200000000000001       2.28872335999999975E-003   6.0797611015845279
  3.54813389233575322E-003 -0.25800000000000001       2.27357927999999971E-003   6.0863999139634570
  3.54813389233575322E-003 -0.25400000000000000       2.25695343999999989E-003   6.0937394105132663
  3.54813389233575322E-003 -0.25000000000000000       2.25077743999999979E-003   6.0964795935582785
  3.54813389233575322E-003 -0.24600000000000000       2.24465008000000006E-003   6.0992056363060545
  3.54813389233575322E-003 -0.24199999999999999       2.23160144000000013E-003   6.1050358167161773
  3.54813389233575322E-003 -0.23799999999999999       2.21628232000000000E-003   6.1119241174898606
  3.54813389233575322E-003 -0.23400000000000001       2.20698487999999990E-003   6.1161280026598686
  3.54813389233575322E-003 -0.23000000000000001       2.19905392000000009E-003   6.1197280474736582
  3.54813389233575322E-003 -0.22600000000000001       2.19361671999999995E-003   6.1222036270116771
  3.54813389233575322E-003 -0.22200000000000000       2.18642071999999984E-003   6.1254894466298611
  3.54813389233575322E-003 -0.21800000000000000       2.17629848000000037E-003   6.1301297902776168
  3.54813389233575322E-003 -0.21400000000000000       2.16555152000000002E-003   6.1350802063203771
  3.54813389233575322E-003 -0.20999999999999999       2.16038023999999985E-003   6.1374710357417275
  3.54813389233575322E-003 -0.20599999999999999       2.14525120000000000E-003   6.1444986239018364
  3.54813389233575322E-003 -0.20200000000000001       2.13297711999999983E-003   6.1502365662264982
  3.54813389233575322E-003 -0.19800000000000001       2.12983159999999977E-003   6.1517123634191551
  3.54813389233575322E-003 -0.19400000000000001       2.11066192000000001E-003   6.1607536745285136
  3.54813389233575322E-003 -0.19000000000000000       2.09746007999999989E-003   6.1670281519851953
  3.54813389233575322E-003 -0.18600000000000000       2.08423143999999973E-003   6.1733551055950517
  3.54813389233575322E-003 -0.18200000000000000       2.07011248000000007E-003   6.1801523350168726
  3.54813389233575322E-003 -0.17799999999999999       2.06579944000000008E-003   6.1822379894731991
  3.54813389233575322E-003 -0.17399999999999999       2.05911024000000019E-003   6.1854813118160621
  3.54813389233575322E-003 -0.17000000000000001       2.05452568000000007E-003   6.1877102703273472
  3.54813389233575322E-003 -0.16600000000000001       2.04600935999999997E-003   6.1918640366831079
  3.54813389233575322E-003 -0.16200000000000001       2.03915511999999991E-003   6.1952197137753977
  3.54813389233575322E-003 -0.15800000000000000       2.03249783999999998E-003   6.1984897792735003
  3.54813389233575322E-003 -0.15400000000000000       2.01278232000000031E-003   6.2082372752805144
  3.54813389233575322E-003 -0.14999999999999999       2.01082047999999979E-003   6.2092124411967262
  3.54813389233575322E-003 -0.14599999999999999       2.00906680000000016E-003   6.2100849433288010
  3.54813389233575322E-003 -0.14199999999999999       2.00483479999999988E-003   6.2121936156331401
  3.54813389233575322E-003 -0.13800000000000001       2.00135544000000021E-003   6.2139306079706840
  3.54813389233575322E-003 -0.13400000000000001       1.99596792000000019E-003   6.2166261733663113
  3.54813389233575322E-003 -0.13000000000000000       1.98771680000000032E-003   6.2207686356237630
  3.54813389233575322E-003 -0.12600000000000000       1.98581879999999971E-003   6.2217239561923519
  3.54813389233575322E-003 -0.12200000000000000       1.97328864000000017E-003   6.2280537676594658
  3.54813389233575322E-003 -0.11799999999999999       1.96940944000000007E-003   6.2300215578239877
  3.54813389233575322E-003 -0.11400000000000000       1.96190256000000011E-003   6.2338405826808065
  3.54813389233575322E-003 -0.11000000000000000       1.95848624000000008E-003   6.2355834306681084
  3.54813389233575322E-003 -0.10600000000000000       1.95170871999999986E-003   6.2390500234373194
  3.54813389233575322E-003 -0.10199999999999999       1.95216312000000020E-003   6.2388172289088741
  3.54813389233575322E-003 -9.80000000000000038E-002  1.94282448000000015E-003   6.2436124472014694
  3.54813389233575322E-003 -9.40000000000000002E-002  1.93633944000000001E-003   6.2469559749178485
  3.54813389233575322E-003 -8.99999999999999967E-002  1.93284528000000006E-003   6.2487621233458714
  3.54813389233575322E-003 -8.59999999999999931E-002  1.92880560000000000E-003   6.2508543277419255
  3.54813389233575322E-003 -8.20000000000000034E-002  1.92313727999999986E-003   6.2537974264679912
  3.54813389233575322E-003 -7.79999999999999999E-002  1.91663351999999993E-003   6.2571850069035726
  3.54813389233575322E-003 -7.39999999999999963E-002  1.91099391999999995E-003   6.2601317953093867
  3.54813389233575322E-003 -7.00000000000000067E-002  1.89802783999999994E-003   6.2669399108303221
  3.54813389233575322E-003 -6.60000000000000031E-002  1.88761487999999987E-003   6.2724412151170474
  3.54813389233575322E-003 -6.19999999999999996E-002  1.88514295999999987E-003   6.2737516201091283
  3.54813389233575322E-003 -5.80000000000000029E-002  1.87976528000000022E-003   6.2766083609986518
  3.54813389233575322E-003 -5.39999999999999994E-002  1.88125344000000003E-003   6.2758170008973311
  3.54813389233575322E-003 -5.00000000000000028E-002  1.88259704000000002E-003   6.2751030511460266
  3.54813389233575322E-003 -4.59999999999999992E-002  1.88568256000000000E-003   6.2734654228290783
  3.54813389233575322E-003 -4.20000000000000026E-002  1.88403351999999989E-003   6.2743403110541811
  3.54813389233575322E-003 -3.79999999999999991E-002  1.88382327999999993E-003   6.2744519076521295
  3.54813389233575322E-003 -3.40000000000000024E-002  1.87670728000000021E-003   6.2782364845250003
  3.54813389233575322E-003 -2.99999999999999989E-002  1.87624400000000022E-003   6.2784833728898031
  3.54813389233575322E-003 -2.59999999999999988E-002  1.87745536000000018E-003   6.2778379509069140
  3.54813389233575322E-003 -2.19999999999999987E-002  1.87400143999999990E-003   6.2796793267563835
  3.54813389233575322E-003 -1.79999999999999986E-002  1.87162152000000005E-003   6.2809501008549438
  3.54813389233575322E-003 -1.40000000000000003E-002  1.86873072000000003E-003   6.2824958379353548
  3.54813389233575322E-003 -1.00000000000000002E-002  1.86905247999999977E-003   6.2823236717161937
  3.54813389233575322E-003 -6.00000000000000012E-003  1.86832704000000020E-003   6.2827118795528492
  3.54813389233575322E-003 -2.00000000000000004E-003  1.86399128000000014E-003   6.2850352408412675
  3.54813389233575322E-003  2.00000000000000004E-003  1.86124687999999995E-003   6.2865086502602745
  3.54813389233575322E-003  6.00000000000000012E-003  1.86096983999999997E-003   6.2866575077940245
  3.54813389233575322E-003  1.00000000000000002E-002  1.85205392000000022E-003   6.2914600287111249
  3.54813389233575322E-003  1.40000000000000003E-002  1.85160464000000001E-003   6.2917026428694909
  3.54813389233575322E-003  1.79999999999999986E-002  1.85815576000000001E-003   6.2881708100267000
  3.54813389233575322E-003  2.19999999999999987E-002  1.85706303999999978E-003   6.2887590499610528
  3.54813389233575322E-003  2.59999999999999988E-002  1.85611287999999978E-003   6.2892708275020093
  3.54813389233575322E-003  2.99999999999999989E-002  1.85382120000000014E-003   6.2905062566185714
  3.54813389233575322E-003  3.40000000000000024E-002  1.86141648000000010E-003   6.2864175327007654
  3.54813389233575322E-003  3.79999999999999991E-002  1.86562031999999993E-003   6.2841616699291674
  3.54813389233575322E-003  4.20000000000000026E-002  1.87549928000000006E-003   6.2788803723400326
  3.54813389233575322E-003  4.59999999999999992E-002  1.88479591999999988E-003   6.2739357291952578
  3.54813389233575322E-003  5.00000000000000028E-002  1.88369104000000011E-003   6.2745221077834739
  3.54813389233575322E-003  5.39999999999999994E-002  1.88717599999999974E-003   6.2726737472047471
  3.54813389233575322E-003  5.80000000000000029E-002  1.89303384000000002E-003   6.2695745305280441
  3.54813389233575322E-003  6.19999999999999996E-002  1.88792423999999993E-003   6.2722773391825868
  3.54813389233575322E-003  6.60000000000000031E-002  1.88938824000000000E-003   6.2715021848467689
  3.54813389233575322E-003  7.00000000000000067E-002  1.89788039999999993E-003   6.2670175944784781
  3.54813389233575322E-003  7.39999999999999963E-002  1.90584391999999996E-003   6.2628303658754936
  3.54813389233575322E-003  7.79999999999999999E-002  1.90893703999999993E-003   6.2612087154005236
  3.54813389233575322E-003  8.20000000000000034E-002  1.90950440000000016E-003   6.2609115470332251
  3.54813389233575322E-003  8.59999999999999931E-002  1.90519319999999997E-003   6.2631718582230276
  3.54813389233575322E-003  8.99999999999999967E-002  1.91590887999999997E-003   6.2575631579756310
  3.54813389233575322E-003  9.40000000000000002E-002  1.92650384000000010E-003   6.2520484006480368
  3.54813389233575322E-003  9.80000000000000038E-002  1.92373440000000000E-003   6.2534869820058576
  3.54813389233575322E-003  0.10199999999999999       1.92315575999999996E-003   6.2537878172157537
  3.54813389233575322E-003  0.10600000000000000       1.92800903999999990E-003   6.2512673940080949
  3.54813389233575322E-003  0.11000000000000000       1.92985624000000010E-003   6.2503097658862732
  3.54813389233575322E-003  0.11400000000000000       1.94225103999999993E-003   6.2439076486724376
  3.54813389233575322E-003  0.11799999999999999       1.94128247999999994E-003   6.2444064521539033
  3.54813389233575322E-003  0.12200000000000000       1.95037208000000003E-003   6.2397351143520332
  3.54813389233575322E-003  0.12600000000000000       1.95910679999999979E-003   6.2352666238947387
  3.54813389233575322E-003  0.13000000000000000       1.95938615999999982E-003   6.2351240384654290
  3.54813389233575322E-003  0.13400000000000001       1.96438984000000009E-003   6.2325735958752757
  3.54813389233575322E-003  0.13800000000000001       1.97726399999999984E-003   6.2260412080486587
  3.54813389233575322E-003  0.14199999999999999       1.99030623999999975E-003   6.2194667626382660
  3.54813389233575322E-003  0.14599999999999999       2.00896840000000000E-003   6.2101339224915622
  3.54813389233575322E-003  0.14999999999999999       2.01841776000000021E-003   6.2054413616273862
  3.54813389233575322E-003  0.15400000000000000       2.01615423999999994E-003   6.2065634237630896
  3.54813389233575322E-003  0.15800000000000000       2.01667616000000003E-003   6.2063045881805596
  3.54813389233575322E-003  0.16200000000000001       2.01939911999999980E-003   6.2049552771671506
  3.54813389233575322E-003  0.16600000000000001       2.03901479999999986E-003   6.1952885289561319
  3.54813389233575322E-003  0.17000000000000001       2.03863511999999997E-003   6.1954747538692789
  3.54813389233575322E-003  0.17399999999999999       2.04510551999999984E-003   6.1923058917965506
  3.54813389233575322E-003  0.17799999999999999       2.05267024000000027E-003   6.1886137773245098
  3.54813389233575322E-003  0.18200000000000000       2.06343840000000004E-003   6.1833815614100995
  3.54813389233575322E-003  0.18600000000000000       2.07390424000000002E-003   6.1783223418897322
  3.54813389233575322E-003  0.19000000000000000       2.08571303999999973E-003   6.1726444965836125
  3.54813389233575322E-003  0.19400000000000001       2.08758551999999997E-003   6.1717471344137449
  3.54813389233575322E-003  0.19800000000000001       2.09863272000000017E-003   6.1664692320153955
  3.54813389233575322E-003  0.20200000000000001       2.10202415999999987E-003   6.1648545127780174
  3.54813389233575322E-003  0.20599999999999999       2.11564431999999988E-003   6.1583958698521553
  3.54813389233575322E-003  0.20999999999999999       2.12742104000000027E-003   6.1528448121890342
  3.54813389233575322E-003  0.21400000000000000       2.14145959999999984E-003   6.1462676263681448
  3.54813389233575322E-003  0.21800000000000000       2.14916360000000015E-003   6.1426765357875572
  3.54813389233575322E-003  0.22200000000000000       2.16330807999999975E-003   6.1361167103459877
  3.54813389233575322E-003  0.22600000000000001       2.17599127999999970E-003   6.1302709573494116
  3.54813389233575322E-003  0.23000000000000001       2.18715983999999983E-003   6.1251514535384359
  3.54813389233575322E-003  0.23400000000000001       2.19733832000000009E-003   6.1205085056281758
  3.54813389233575322E-003  0.23799999999999999       2.20770808000000018E-003   6.1158003694527476
  3.54813389233575322E-003  0.24199999999999999       2.21347920000000004E-003   6.1131897027189943
  3.54813389233575322E-003  0.24600000000000000       2.22266783999999990E-003   6.1090470748674175
  3.54813389233575322E-003  0.25000000000000000       2.24115800000000004E-003   6.1007625824094749
  3.54813389233575322E-003  0.25400000000000000       2.26722008000000003E-003   6.0892008323274878
  3.54813389233575322E-003  0.25800000000000001       2.27755831999999986E-003   6.0846513221327685
  3.54813389233575322E-003  0.26200000000000001       2.30030631999999981E-003   6.0747129823063535
  3.54813389233575322E-003  0.26600000000000001       2.31934400000000009E-003   6.0664708919083639
  3.54813389233575322E-003  0.27000000000000002       2.33255392000000002E-003   6.0607915086825264
  3.54813389233575322E-003  0.27400000000000002       2.34846864000000030E-003   6.0539918057905515
  3.54813389233575322E-003  0.27800000000000002       2.36936712000000022E-003   6.0451323974707689
  3.54813389233575322E-003  0.28199999999999997       2.38914424000000007E-003   6.0368200357344017
  3.54813389233575322E-003  0.28599999999999998       2.40192495999999979E-003   6.0314847964451497
  3.54813389233575322E-003  0.28999999999999998       2.42545743999999976E-003   6.0217351373304986
  3.54813389233575322E-003  0.29399999999999998       2.44379192000000007E-003   6.0142043804135312
  3.54813389233575322E-003  0.29799999999999999       2.44797432000000035E-003   6.0124944045831583
  3.54813389233575322E-003  0.30199999999999999       2.46309632000000014E-003   6.0063360538280373
  3.54813389233575322E-003  0.30599999999999999       2.47663327999999997E-003   6.0008551894959634
  3.54813389233575322E-003  0.31000000000000000       2.49302488000000032E-003   5.9942584945466724
  3.54813389233575322E-003  0.31400000000000000       2.50903312000000031E-003   5.9878578112066991
  3.54813389233575322E-003  0.31800000000000000       2.53231480000000019E-003   5.9786214538343696
  3.54813389233575322E-003  0.32200000000000001       2.54834456000000006E-003   5.9723113227851385
  3.54813389233575322E-003  0.32600000000000001       2.56005080000000019E-003   5.9677281769375501
  3.54813389233575322E-003  0.33000000000000002       2.57142856000000010E-003   5.9632936745857297
  3.54813389233575322E-003  0.33400000000000002       2.58997295999999991E-003   5.9561078434796295
  3.54813389233575322E-003  0.33800000000000002       2.62319623999999986E-003   5.9433617657986932
  3.54813389233575322E-003  0.34200000000000003       2.64948248000000013E-003   5.9333909486217298
  3.54813389233575322E-003  0.34599999999999997       2.67103023999999993E-003   5.9252910233160057
  3.54813389233575322E-003  0.34999999999999998       2.69359031999999964E-003   5.9168802838274610
  3.54813389233575322E-003  0.35399999999999998       2.70775672000000012E-003   5.9116347654862036
  3.54813389233575322E-003  0.35799999999999998       2.72852175999999981E-003   5.9039952962919067
  3.54813389233575322E-003  0.36199999999999999       2.75415224000000007E-003   5.8946456006102155
  3.54813389233575322E-003  0.36599999999999999       2.78544696000000008E-003   5.8833469301494228
  3.54813389233575322E-003  0.37000000000000000       2.79667728000000020E-003   5.8793232521842924
  3.54813389233575322E-003  0.37400000000000000       2.80660847999999975E-003   5.8757784712023629
  3.54813389233575322E-003  0.37800000000000000       2.83636984000000016E-003   5.8652302697879755
  3.54813389233575322E-003  0.38200000000000001       2.86732736000000011E-003   5.8543749165273287
  3.54813389233575322E-003  0.38600000000000001       2.88179207999999989E-003   5.8493429283515406
  3.54813389233575322E-003  0.39000000000000001       2.90446680000000035E-003   5.8415054511358351
  3.54813389233575322E-003  0.39400000000000002       2.92788224000000005E-003   5.8334759022710960
  3.54813389233575322E-003  0.39800000000000002       2.94435655999999990E-003   5.8278649713187969
  3.54813389233575322E-003  0.40200000000000002       2.96769159999999994E-003   5.8199708674316453
  3.54813389233575322E-003  0.40600000000000003       2.98634103999999984E-003   5.8137063733929741
  3.54813389233575322E-003  0.40999999999999998       3.00617119999999982E-003   5.8070880365119573
  3.54813389233575322E-003  0.41399999999999998       3.03706752000000016E-003   5.7968628606994130
  3.54813389233575322E-003  0.41799999999999998       3.06314343999999992E-003   5.7883136223226632
  3.54813389233575322E-003  0.42199999999999999       3.08295231999999994E-003   5.7818675956534404
  3.54813389233575322E-003  0.42599999999999999       3.10731399999999991E-003   5.7739965915598601
  3.54813389233575322E-003  0.42999999999999999       3.13561415999999990E-003   5.7649302197777761
  3.54813389233575322E-003  0.43400000000000000       3.15749087999999973E-003   5.7579775921048446
  3.54813389233575322E-003  0.43800000000000000       3.18758568000000004E-003   5.7484914888588534
  3.54813389233575322E-003  0.44200000000000000       3.20774368000000020E-003   5.7421874924194407
  3.54813389233575322E-003  0.44600000000000001       3.23031047999999994E-003   5.7351770225281626
  3.54813389233575322E-003  0.45000000000000001       3.25642551999999995E-003   5.7271251514200827
  3.54813389233575322E-003  0.45400000000000001       3.28916272000000015E-003   5.7171222389947589
  3.54813389233575322E-003  0.45800000000000002       3.30955295999999996E-003   5.7109421561160501
  3.54813389233575322E-003  0.46200000000000002       3.33780711999999988E-003   5.7024412385156564
  3.54813389233575322E-003  0.46600000000000003       3.36297983999999999E-003   5.6949278408896085
  3.54813389233575322E-003  0.46999999999999997       3.38703855999999970E-003   5.6877993205050776
  3.54813389233575322E-003  0.47399999999999998       3.40181192000000004E-003   5.6834470716631422
  3.54813389233575322E-003  0.47799999999999998       3.42071175999999946E-003   5.6779066326018892
  3.54813389233575322E-003  0.48199999999999998       3.44270495999999962E-003   5.6714977910074262
  3.54813389233575322E-003  0.48599999999999999       3.47449784000000012E-003   5.6623053168822679
  3.54813389233575322E-003  0.48999999999999999       3.47490423999999992E-003   5.6621883571796108
  3.54813389233575322E-003  0.49399999999999999       3.49527495999999967E-003   5.6563432340017465
  3.54813389233575322E-003  0.49800000000000000       3.52748375999999966E-003   5.6471704780749761
  3.54813389233575322E-003  0.50200000000000000       3.54431319999999996E-003   5.6424108754262852
  3.54813389233575322E-003  0.50600000000000001       3.56472359999999988E-003   5.6366687596784066
  3.54813389233575322E-003  0.51000000000000001       3.59465695999999953E-003   5.6283067137806775
  3.54813389233575322E-003  0.51400000000000001       3.62169727999999986E-003   5.6208125011473902
  3.54813389233575322E-003  0.51800000000000002       3.65472528000000034E-003   5.6117343513959570
  3.54813389233575322E-003  0.52200000000000002       3.68183799999999978E-003   5.6043431949664519
  3.54813389233575322E-003  0.52600000000000002       3.71184503999999992E-003   5.5962262106192133
  3.54813389233575322E-003  0.53000000000000003       3.72313848000000022E-003   5.5931882889734732
  3.54813389233575322E-003  0.53400000000000003       3.73618960000000021E-003   5.5896890104385832
  3.54813389233575322E-003  0.53800000000000003       3.74733655999999991E-003   5.5867099420139832
  3.54813389233575322E-003  0.54200000000000004       3.76553776000000022E-003   5.5818645965884031
  3.54813389233575322E-003  0.54600000000000004       3.79709288000000013E-003   5.5735195366147394
  3.54813389233575322E-003  0.55000000000000004       3.80606680000000015E-003   5.5711589590273078
  3.54813389233575322E-003  0.55400000000000005       3.80895855999999981E-003   5.5703994710407834
  3.54813389233575322E-003  0.55800000000000005       3.81809184000000013E-003   5.5680044994891009
  3.54813389233575322E-003  0.56200000000000006       3.82641991999999997E-003   5.5658256596740419
  3.54813389233575322E-003  0.56599999999999995       3.82268648000000030E-003   5.5668018365243137
  3.54813389233575322E-003  0.56999999999999995       3.83101416000000000E-003   5.5646257171075746
  3.54813389233575322E-003  0.57399999999999995       3.83183760000000003E-003   5.5644107997298251
  3.54813389233575322E-003  0.57799999999999996       3.82943976000000045E-003   5.5650367632514737
  3.54813389233575322E-003  0.58199999999999996       3.83084520000000033E-003   5.5646698212844035
  3.54813389233575322E-003  0.58599999999999997       3.82735776000000041E-003   5.5655805937617817
  3.54813389233575322E-003  0.58999999999999997       3.82851936000000014E-003   5.5652771406131203
  3.54813389233575322E-003  0.59399999999999997       3.81578152000000038E-003   5.5686097807039134
  3.54813389233575322E-003  0.59799999999999998       3.80409935999999988E-003   5.5716760147662940
  3.54813389233575322E-003  0.60199999999999998       3.78439943999999990E-003   5.5768680731098970
  3.54813389233575322E-003  0.60599999999999998       3.78332400000000024E-003   5.5771522906862305
  3.54813389233575322E-003  0.60999999999999999       3.76478632000000046E-003   5.5820641736569359
  3.54813389233575322E-003  0.61399999999999999       3.74252496000000018E-003   5.5879947723540528
  3.54813389233575322E-003  0.61799999999999999       3.73430288000000006E-003   5.5901941230654053
  3.54813389233575322E-003  0.62200000000000000       3.72076760000000003E-003   5.5938252878970731
  3.54813389233575322E-003  0.62600000000000000       3.68669063999999989E-003   5.6030260688647235
  3.54813389233575322E-003  0.63000000000000000       3.64619447999999999E-003   5.6140712635009429
  3.54813389233575322E-003  0.63400000000000001       3.61392832000000021E-003   5.6229599209877668
  3.54813389233575322E-003  0.63800000000000001       3.58430656000000014E-003   5.6311902518131376
  3.54813389233575322E-003  0.64200000000000002       3.54632208000000030E-003   5.6418442463516190
  3.54813389233575322E-003  0.64600000000000002       3.49719520000000032E-003   5.6557940031850729
  3.54813389233575322E-003  0.65000000000000002       3.45139775999999971E-003   5.6689759821630012
  3.54813389233575322E-003  0.65400000000000003       3.38374760000000009E-003   5.6887714263082714
  3.54813389233575322E-003  0.65800000000000003       3.32461271999999952E-003   5.7064020868460510
  3.54813389233575322E-003  0.66200000000000003       3.25818320000000007E-003   5.7265855395667247
  3.54813389233575322E-003  0.66600000000000004       3.18719864000000007E-003   5.7486129172809131
  3.54813389233575322E-003  0.67000000000000004       3.10273503999999997E-003   5.7754712854955557
  3.54813389233575322E-003  0.67400000000000004       3.02600735999999969E-003   5.8005112313651308
  3.54813389233575322E-003  0.67800000000000005       2.94922495999999992E-003   5.8262128685725072
  3.54813389233575322E-003  0.68200000000000005       2.85586255999999974E-003   5.8583813589120597
  3.54813389233575322E-003  0.68600000000000005       2.76877951999999995E-003   5.8893486623766496
  3.54813389233575322E-003  0.68999999999999995       2.66313231999999993E-003   5.9282522850633237
  3.54813389233575322E-003  0.69399999999999995       2.56722320000000006E-003   5.9649304311262581
  3.54813389233575322E-003  0.69799999999999995       2.47193279999999987E-003   6.0027549242222165
  3.54813389233575322E-003  0.70199999999999996       2.35799079999999975E-003   6.0499453784861048
  3.54813389233575322E-003  0.70599999999999996       2.25231223999999971E-003   6.0957979282269186
  3.54813389233575322E-003  0.70999999999999996       2.14392728000000008E-003   6.1451159542592544
  3.54813389233575322E-003  0.71399999999999997       2.03225608000000019E-003   6.1986087335841642
  3.54813389233575322E-003  0.71799999999999997       1.91480840000000018E-003   6.2581377135744063
  3.54813389233575322E-003  0.72199999999999998       1.80124616000000028E-003   6.3192765425056940
  3.54813389233575322E-003  0.72599999999999998       1.68399095999999986E-003   6.3865887313474321
  3.54813389233575322E-003  0.72999999999999998       1.57183232000000003E-003   6.4555132573310825
  3.54813389233575322E-003  0.73399999999999999       1.45665056000000002E-003   6.5316156158121172
  3.54813389233575322E-003  0.73799999999999999       1.34177168000000017E-003   6.6137643890352660
  3.54813389233575322E-003  0.74199999999999999       1.22474983999999992E-003   6.7050186680845041
  3.54813389233575322E-003  0.74600000000000000       1.12467799999999983E-003   6.7902585065173744
  3.54813389233575322E-003  0.75000000000000000       1.01930344000000003E-003   6.8886357869304984
  3.54813389233575322E-003  0.75400000000000000       9.09661599999999964E-004   7.0024378957453468
  3.54813389233575322E-003  0.75800000000000001       8.08665120000000032E-004   7.1201256697435724
  3.54813389233575322E-003  0.76200000000000001       7.19024640000000010E-004   7.2376149310112305
  3.54813389233575322E-003  0.76600000000000001       6.34261199999999964E-004   7.3630497009888440
  3.54813389233575322E-003  0.77000000000000002       5.52162639999999967E-004   7.5016679174031768
  3.54813389233575322E-003  0.77400000000000002       4.78051280000000027E-004   7.6457925508922138
  3.54813389233575322E-003  0.77800000000000002       4.11080560000000013E-004   7.7967213529430772
  3.54813389233575322E-003  0.78200000000000003       3.49235360000000011E-004   7.9597644791023674
  3.54813389233575322E-003  0.78600000000000003       2.90873440000000009E-004   8.1426222994846906
  3.54813389233575322E-003  0.79000000000000004       2.39093279999999975E-004   8.3386567892901908
  3.54813389233575322E-003  0.79400000000000004       1.97090640000000016E-004   8.5318468335176938
  3.54813389233575322E-003  0.79800000000000004       1.61377520000000020E-004   8.7317640931176879
  3.54813389233575322E-003  0.80200000000000005       1.28216000000000007E-004   8.9617942162730007
  3.54813389233575322E-003  0.80600000000000005       9.82401599999999922E-005   9.2280954649022728
  3.54813389233575322E-003  0.81000000000000005       7.60181600000000006E-005   9.4845382988528968
  3.54813389233575322E-003  0.81399999999999995       5.98498400000000002E-005   9.7236717993139070
  3.54813389233575322E-003  0.81799999999999995       4.43087199999999995E-005   10.024329060554463
  3.54813389233575322E-003  0.82199999999999995       3.37036799999999992E-005   10.297903527754658
  3.54813389233575322E-003  0.82599999999999996       2.35044000000000015E-005   10.658322920297714
  3.54813389233575322E-003  0.82999999999999996       1.69929599999999987E-005   10.982711417325509
  3.54813389233575322E-003  0.83399999999999996       1.24205599999999999E-005   11.296157393908572
  3.54813389233575322E-003  0.83799999999999997       8.11848000000000058E-006   11.721367613431545
  3.54813389233575322E-003  0.84199999999999997       5.51704000000000012E-006   12.107669073383063
  3.54813389233575322E-003  0.84599999999999997       3.65431999999999960E-006   12.519600528582959
  3.54813389233575322E-003  0.84999999999999998       2.24167999999999994E-006   13.008284973206779
  3.54813389233575322E-003  0.85399999999999998       1.41432000000000008E-006   13.468861707748644
  3.54813389233575322E-003  0.85799999999999998       7.75439999999999961E-007   14.069835226762059
  3.54813389233575322E-003  0.86199999999999999       4.63440000000000026E-007   14.584588910158043
  3.54813389233575322E-003  0.86599999999999999       2.19519999999999996E-007   15.331822492408891
  3.54813389233575322E-003  0.87000000000000000       8.55200000000000008E-008   16.274515570229621
  3.54813389233575322E-003  0.87400000000000000       1.88800000000000010E-008   17.785162676229056
  3.54813389233575322E-003  0.87800000000000000       3.17600000000000012E-008   17.265058200567477
  3.54813389233575322E-003  0.88200000000000001       1.20799999999999996E-008   18.231714644439741
  3.54813389233575322E-003  0.88600000000000001        0.0000000000000000                      +Infinity
  3.54813389233575322E-003  0.89000000000000001        0.0000000000000000                      +Infinity
  3.54813389233575322E-003  0.89400000000000002        0.0000000000000000                      +Infinity
  3.54813389233575322E-003  0.89800000000000002        0.0000000000000000                      +Infinity
  3.54813389233575322E-003  0.90200000000000002        0.0000000000000000                      +Infinity
  3.54813389233575322E-003  0.90600000000000003        0.0000000000000000                      +Infinity
  3.54813389233575322E-003  0.91000000000000003        0.0000000000000000                      +Infinity
  3.54813389233575322E-003  0.91400000000000003        0.0000000000000000                      +Infinity
  3.54813389233575322E-003  0.91800000000000004        0.0000000000000000                      +Infinity
  3.54813389233575322E-003  0.92200000000000004        0.0000000000000000                      +Infinity
  3.54813389233575322E-003  0.92600000000000005        0.0000000000000000                      +Infinity
  3.54813389233575322E-003  0.93000000000000005        0.0000000000000000                      +Infinity
  3.54813389233575322E-003  0.93400000000000005        0.0000000000000000                      +Infinity
  3.54813389233575322E-003  0.93799999999999994        0.0000000000000000                      +Infinity
  3.54813389233575322E-003  0.94199999999999995        0.0000000000000000                      +Infinity
  3.54813389233575322E-003  0.94599999999999995        0.0000000000000000                      +Infinity
  3.54813389233575322E-003  0.94999999999999996        0.0000000000000000                      +Infinity
  3.54813389233575322E-003  0.95399999999999996        0.0000000000000000                      +Infinity
  3.54813389233575322E-003  0.95799999999999996        0.0000000000000000                      +Infinity
  3.54813389233575322E-003  0.96199999999999997        0.0000000000000000                      +Infinity
  3.54813389233575322E-003  0.96599999999999997        0.0000000000000000                      +Infinity
  3.54813389233575322E-003  0.96999999999999997        0.0000000000000000                      +Infinity
  3.54813389233575322E-003  0.97399999999999998        0.0000000000000000                      +Infinity
  3.54813389233575322E-003  0.97799999999999998        0.0000000000000000                      +Infinity
  3.54813389233575322E-003  0.98199999999999998        0.0000000000000000                      +Infinity
  3.54813389233575322E-003  0.98599999999999999        0.0000000000000000                      +Infinity
  3.54813389233575322E-003  0.98999999999999999        0.0000000000000000                      +Infinity
  3.54813389233575322E-003  0.99399999999999999        0.0000000000000000                      +Infinity
  3.54813389233575322E-003  0.99800000000000000        0.0000000000000000                      +Infinity
