  0.10000000000000001      -0.99800000000000000        0.0000000000000000                      +Infinity
  0.10000000000000001      -0.99399999999999999        0.0000000000000000                      +Infinity
  0.10000000000000001      -0.98999999999999999        0.0000000000000000                      +Infinity
  0.10000000000000001      -0.98599999999999999        0.0000000000000000                      +Infinity
  0.10000000000000001      -0.98199999999999998        0.0000000000000000                      +Infinity
  0.10000000000000001      -0.97799999999999998        0.0000000000000000                      +Infinity
  0.10000000000000001      -0.97399999999999998        0.0000000000000000                      +Infinity
  0.10000000000000001      -0.96999999999999997        0.0000000000000000                      +Infinity
  0.10000000000000001      -0.96599999999999997        0.0000000000000000                      +Infinity
  0.10000000000000001      -0.96199999999999997        0.0000000000000000                      +Infinity
  0.10000000000000001      -0.95799999999999996        0.0000000000000000                      +Infinity
  0.10000000000000001      -0.95399999999999996        0.0000000000000000                      +Infinity
  0.10000000000000001      -0.94999999999999996        0.0000000000000000                      +Infinity
  0.10000000000000001      -0.94599999999999995        0.0000000000000000                      +Infinity
  0.10000000000000001      -0.94199999999999995        0.0000000000000000                      +Infinity
  0.10000000000000001      -0.93799999999999994        0.0000000000000000                      +Infinity
  0.10000000000000001      -0.93400000000000005        0.0000000000000000                      +Infinity
  0.10000000000000001      -0.93000000000000005        0.0000000000000000                      +Infinity
  0.10000000000000001      -0.92600000000000005        0.0000000000000000                      +Infinity
  0.10000000000000001      -0.92200000000000004        0.0000000000000000                      +Infinity
  0.10000000000000001      -0.91800000000000004        0.0000000000000000                      +Infinity
  0.10000000000000001      -0.91400000000000003        0.0000000000000000                      +Infinity
  0.10000000000000001      -0.91000000000000003        0.0000000000000000                      +Infinity
  0.10000000000000001      -0.90600000000000003        0.0000000000000000                      +Infinity
  0.10000000000000001      -0.90200000000000002        0.0000000000000000                      +Infinity
  0.10000000000000001      -0.89800000000000002        0.0000000000000000                      +Infinity
  0.10000000000000001      -0.89400000000000002        0.0000000000000000                      +Infinity
  0.10000000000000001      -0.89000000000000001        0.0000000000000000                      +Infinity
  0.10000000000000001      -0.88600000000000001        0.0000000000000000                      +Infinity
  0.10000000000000001      -0.88200000000000001        0.0000000000000000                      +Infinity
  0.10000000000000001      -0.87800000000000000        0.0000000000000000                      +Infinity
  0.10000000000000001      -0.87400000000000000        0.0000000000000000                      +Infinity
  0.10000000000000001      -0.87000000000000000        0.0000000000000000                      +Infinity
  0.10000000000000001      -0.86599999999999999        0.0000000000000000                      +Infinity
  0.10000000000000001      -0.86199999999999999        0.0000000000000000                      +Infinity
  0.10000000000000001      -0.85799999999999998        0.0000000000000000                      +Infinity
  0.10000000000000001      -0.85399999999999998        0.0000000000000000                      +Infinity
  0.10000000000000001      -0.84999999999999998        0.0000000000000000                      +Infinity
  0.10000000000000001      -0.84599999999999997        0.0000000000000000                      +Infinity
  0.10000000000000001      -0.84199999999999997        0.0000000000000000                      +Infinity
  0.10000000000000001      -0.83799999999999997        0.0000000000000000                      +Infinity
  0.10000000000000001      -0.83399999999999996        0.0000000000000000                      +Infinity
  0.10000000000000001      -0.82999999999999996        0.0000000000000000                      +Infinity
  0.10000000000000001      -0.82599999999999996        0.0000000000000000                      +Infinity
  0.10000000000000001      -0.82199999999999995        0.0000000000000000                      +Infinity
  0.10000000000000001      -0.81799999999999995        0.0000000000000000                      +Infinity
  0.10000000000000001      -0.81399999999999995        0.0000000000000000                      +Infinity
  0.10000000000000001      -0.81000000000000005        0.0000000000000000                      +Infinity
  0.10000000000000001      -0.80600000000000005        0.0000000000000000                      +Infinity
  0.10000000000000001      -0.80200000000000005        0.0000000000000000                      +Infinity
  0.10000000000000001      -0.79800000000000004        0.0000000000000000                      +Infinity
  0.10000000000000001      -0.79400000000000004        0.0000000000000000                      +Infinity
  0.10000000000000001      -0.79000000000000004        0.0000000000000000                      +Infinity
  0.10000000000000001      -0.78600000000000003        0.0000000000000000                      +Infinity
  0.10000000000000001      -0.78200000000000003        0.0000000000000000                      +Infinity
  0.10000000000000001      -0.77800000000000002        0.0000000000000000                      +Infinity
  0.10000000000000001      -0.77400000000000002        0.0000000000000000                      +Infinity
  0.10000000000000001      -0.77000000000000002        0.0000000000000000                      +Infinity
  0.10000000000000001      -0.76600000000000001        0.0000000000000000                      +Infinity
  0.10000000000000001      -0.76200000000000001        0.0000000000000000                      +Infinity
  0.10000000000000001      -0.75800000000000001        0.0000000000000000                      +Infinity
  0.10000000000000001      -0.75400000000000000        0.0000000000000000                      +Infinity
  0.10000000000000001      -0.75000000000000000        0.0000000000000000                      +Infinity
  0.10000000000000001      -0.74600000000000000        0.0000000000000000                      +Infinity
  0.10000000000000001      -0.74199999999999999        0.0000000000000000                      +Infinity
  0.10000000000000001      -0.73799999999999999        0.0000000000000000                      +Infinity
  0.10000000000000001      -0.73399999999999999        0.0000000000000000                      +Infinity
  0.10000000000000001      -0.72999999999999998        0.0000000000000000                      +Infinity
  0.10000000000000001      -0.72599999999999998        0.0000000000000000                      +Infinity
  0.10000000000000001      -0.72199999999999998        0.0000000000000000                      +Infinity
  0.10000000000000001      -0.71799999999999997        0.0000000000000000                      +Infinity
  0.10000000000000001      -0.71399999999999997        0.0000000000000000                      +Infinity
  0.10000000000000001      -0.70999999999999996        0.0000000000000000                      +Infinity
  0.10000000000000001      -0.70599999999999996        0.0000000000000000                      +Infinity
  0.10000000000000001      -0.70199999999999996        0.0000000000000000                      +Infinity
  0.10000000000000001      -0.69799999999999995        0.0000000000000000                      +Infinity
  0.10000000000000001      -0.69399999999999995        0.0000000000000000                      +Infinity
  0.10000000000000001      -0.68999999999999995        0.0000000000000000                      +Infinity
  0.10000000000000001      -0.68600000000000005        0.0000000000000000                      +Infinity
  0.10000000000000001      -0.68200000000000005        0.0000000000000000                      +Infinity
  0.10000000000000001      -0.67800000000000005        0.0000000000000000                      +Infinity
  0.10000000000000001      -0.67400000000000004        0.0000000000000000                      +Infinity
  0.10000000000000001      -0.67000000000000004        0.0000000000000000                      +Infinity
  0.10000000000000001      -0.66600000000000004        0.0000000000000000                      +Infinity
  0.10000000000000001      -0.66200000000000003        0.0000000000000000                      +Infinity
  0.10000000000000001      -0.65800000000000003        0.0000000000000000                      +Infinity
  0.10000000000000001      -0.65400000000000003        0.0000000000000000                      +Infinity
  0.10000000000000001      -0.65000000000000002        0.0000000000000000                      +Infinity
  0.10000000000000001      -0.64600000000000002        0.0000000000000000                      +Infinity
  0.10000000000000001      -0.64200000000000002        0.0000000000000000                      +Infinity
  0.10000000000000001      -0.63800000000000001        0.0000000000000000                      +Infinity
  0.10000000000000001      -0.63400000000000001        0.0000000000000000                      +Infinity
  0.10000000000000001      -0.63000000000000000        0.0000000000000000                      +Infinity
  0.10000000000000001      -0.62600000000000000        0.0000000000000000                      +Infinity
  0.10000000000000001      -0.62200000000000000        0.0000000000000000                      +Infinity
  0.10000000000000001      -0.61799999999999999        0.0000000000000000                      +Infinity
  0.10000000000000001      -0.61399999999999999        0.0000000000000000                      +Infinity
  0.10000000000000001      -0.60999999999999999        0.0000000000000000                      +Infinity
  0.10000000000000001      -0.60599999999999998        0.0000000000000000                      +Infinity
  0.10000000000000001      -0.60199999999999998        0.0000000000000000                      +Infinity
  0.10000000000000001      -0.59799999999999998        0.0000000000000000                      +Infinity
  0.10000000000000001      -0.59399999999999997       5.75999999999999996E-009   18.972328362238610
  0.10000000000000001      -0.58999999999999997       2.94400000000000009E-008   17.340911543085735
  0.10000000000000001      -0.58599999999999997       5.07199999999999936E-008   16.796945526817442
  0.10000000000000001      -0.58199999999999996       5.96800000000000024E-008   16.634268881050907
  0.10000000000000001      -0.57799999999999996       9.15200000000000016E-008   16.206708309314923
  0.10000000000000001      -0.57399999999999995       1.10160000000000015E-007   16.021331982526011
  0.10000000000000001      -0.56999999999999995       6.93600000000000070E-008   16.483955504474125
  0.10000000000000001      -0.56599999999999995       6.01600000000000040E-008   16.626258157304825
  0.10000000000000001      -0.56200000000000006       6.61600000000000048E-008   16.531189786230975
  0.10000000000000001      -0.55800000000000005       1.07280000000000005E-007   16.047823597972990
  0.10000000000000001      -0.55400000000000005       1.27600000000000004E-007   15.874365466035721
  0.10000000000000001      -0.55000000000000004       2.20959999999999988E-007   15.325284147285430
  0.10000000000000001      -0.54600000000000004       2.68159999999999987E-007   15.131682019652693
  0.10000000000000001      -0.54200000000000004       4.10639999999999977E-007   14.705548918694364
  0.10000000000000001      -0.53800000000000003       5.03120000000000021E-007   14.502437126711163
  0.10000000000000001      -0.53400000000000003       5.36799999999999989E-007   14.437640251288940
  0.10000000000000001      -0.53000000000000003       6.52880000000000007E-007   14.241872491785424
  0.10000000000000001      -0.52600000000000002       7.11119999999999978E-007   14.156424645012992
  0.10000000000000001      -0.52200000000000002       9.16559999999999996E-007   13.902638305361041
  0.10000000000000001      -0.51800000000000002       1.06751999999999986E-006   13.750172356656138
  0.10000000000000001      -0.51400000000000001       1.32016000000000004E-006   13.537757616590378
  0.10000000000000001      -0.51000000000000001       1.78184000000000008E-006   13.237864019703181
  0.10000000000000001      -0.50600000000000001       2.27576000000000004E-006   12.993196495414894
  0.10000000000000001      -0.50200000000000000       2.62663999999999981E-006   12.849805095098395
  0.10000000000000001      -0.49800000000000000       2.94119999999999989E-006   12.736692896624344
  0.10000000000000001      -0.49399999999999999       3.36519999999999998E-006   12.602023161269752
  0.10000000000000001      -0.48999999999999999       3.66136000000000038E-006   12.517675894872042
  0.10000000000000001      -0.48599999999999999       4.45687999999999992E-006   12.321061588302181
  0.10000000000000001      -0.48199999999999998       5.29016000000000035E-006   12.149662066804767
  0.10000000000000001      -0.47799999999999998       6.24135999999999982E-006   11.984312450612361
  0.10000000000000001      -0.47399999999999998       7.41440000000000054E-006   11.812086502708354
  0.10000000000000001      -0.46999999999999997       8.76495999999999883E-006   11.644748603206738
  0.10000000000000001      -0.46600000000000003       1.01563999999999999E-005   11.497406509312558
  0.10000000000000001      -0.46200000000000002       1.16300799999999993E-005   11.361915712695536
  0.10000000000000001      -0.45800000000000002       1.37270399999999986E-005   11.196142947733819
  0.10000000000000001      -0.45400000000000001       1.60640799999999995E-005   11.038924834387675
  0.10000000000000001      -0.45000000000000001       1.84297600000000016E-005   10.901543808613670
  0.10000000000000001      -0.44600000000000001       2.14270399999999994E-005   10.750856882143863
  0.10000000000000001      -0.44200000000000000       2.51047200000000018E-005   10.592454681696545
  0.10000000000000001      -0.43800000000000000       2.80688800000000002E-005   10.480849068635896
  0.10000000000000001      -0.43400000000000000       3.10103200000000050E-005   10.381190505653306
  0.10000000000000001      -0.42999999999999999       3.46110400000000006E-005   10.271337851649735
  0.10000000000000001      -0.42599999999999999       3.95952800000000022E-005   10.136800638726953
  0.10000000000000001      -0.42199999999999999       4.43241600000000022E-005   10.023980657114199
  0.10000000000000001      -0.41799999999999998       5.07129599999999977E-005   9.8893290587309206
  0.10000000000000001      -0.41399999999999998       5.67687999999999976E-005   9.7765236789300083
  0.10000000000000001      -0.40999999999999998       6.31817600000000027E-005   9.6694949060615851
  0.10000000000000001      -0.40600000000000003       7.04360800000000068E-005   9.5608049260835486
  0.10000000000000001      -0.40200000000000002       7.95315200000000039E-005   9.4393571368931948
  0.10000000000000001      -0.39800000000000002       8.85375200000000054E-005   9.3320841409915758
  0.10000000000000001      -0.39400000000000002       1.00358239999999993E-004   9.2067643734871023
  0.10000000000000001      -0.39000000000000001       1.11155120000000011E-004   9.1045838547373332
  0.10000000000000001      -0.38600000000000001       1.23684320000000013E-004   8.9977780448865179
  0.10000000000000001      -0.38200000000000001       1.38040480000000006E-004   8.8879635824875471
  0.10000000000000001      -0.37800000000000000       1.53646879999999993E-004   8.7808535754839578
  0.10000000000000001      -0.37400000000000000       1.71018640000000012E-004   8.6737380015543675
  0.10000000000000001      -0.37000000000000000       1.88361519999999990E-004   8.5771474629676252
  0.10000000000000001      -0.36599999999999999       2.07571199999999969E-004   8.4800361446199037
  0.10000000000000001      -0.36199999999999999       2.29066800000000021E-004   8.3814968938903309
  0.10000000000000001      -0.35799999999999998       2.50790480000000009E-004   8.2908927084586477
  0.10000000000000001      -0.35399999999999998       2.78135360000000018E-004   8.1874026562993105
  0.10000000000000001      -0.34999999999999998       3.03594320000000043E-004   8.0998182214452150
  0.10000000000000001      -0.34599999999999997       3.29650239999999979E-004   8.0174783443603346
  0.10000000000000001      -0.34200000000000003       3.62176080000000029E-004   7.9233800555571570
  0.10000000000000001      -0.33800000000000002       3.94306799999999977E-004   7.8383812714774335
  0.10000000000000001      -0.33400000000000002       4.32294559999999990E-004   7.7464033502236704
  0.10000000000000001      -0.33000000000000002       4.69561199999999972E-004   7.6637119163732672
  0.10000000000000001      -0.32600000000000001       5.11494879999999986E-004   7.5781729823978621
  0.10000000000000001      -0.32200000000000001       5.56618480000000077E-004   7.4936305078426164
  0.10000000000000001      -0.31800000000000000       6.03979119999999993E-004   7.4119709301634229
  0.10000000000000001      -0.31400000000000000       6.58443199999999944E-004   7.3256322971451446
  0.10000000000000001      -0.31000000000000000       7.12519359999999971E-004   7.2467034742607943
  0.10000000000000001      -0.30599999999999999       7.66299039999999965E-004   7.1739380727617652
  0.10000000000000001      -0.30199999999999999       8.26827680000000024E-004   7.0979142522458378
  0.10000000000000001      -0.29799999999999999       8.94976959999999977E-004   7.0187125830375354
  0.10000000000000001      -0.29399999999999998       9.62690880000000048E-004   6.9457781945814112
  0.10000000000000001      -0.28999999999999998       1.03703727999999995E-003   6.8713874005255757
  0.10000000000000001      -0.28599999999999998       1.11828024000000005E-003   6.7959632737634310
  0.10000000000000001      -0.28199999999999997       1.19398991999999991E-003   6.7304547062584179
  0.10000000000000001      -0.27800000000000002       1.28205975999999989E-003   6.6592873069055019
  0.10000000000000001      -0.27400000000000002       1.36658975999999987E-003   6.5954368686941107
  0.10000000000000001      -0.27000000000000002       1.45737912000000014E-003   6.5311155797142142
  0.10000000000000001      -0.26600000000000001       1.56069464000000010E-003   6.4626242747780420
  0.10000000000000001      -0.26200000000000001       1.65693671999999985E-003   6.4027847307660437
  0.10000000000000001      -0.25800000000000001       1.76963839999999973E-003   6.3369800470525277
  0.10000000000000001      -0.25400000000000000       1.88819264000000017E-003   6.2721351825656271
  0.10000000000000001      -0.25000000000000000       2.00603919999999989E-003   6.2115930482574511
  0.10000000000000001      -0.24600000000000000       2.13259712000000035E-003   6.1504147368453284
  0.10000000000000001      -0.24199999999999999       2.25875928000000012E-003   6.0929396075992033
  0.10000000000000001      -0.23799999999999999       2.38709176000000004E-003   6.0376794908058606
  0.10000000000000001      -0.23400000000000001       2.52784048000000020E-003   5.9803899059543175
  0.10000000000000001      -0.23000000000000001       2.66422431999999978E-003   5.9278423256447654
  0.10000000000000001      -0.22600000000000001       2.80714439999999983E-003   5.8755875401040107
  0.10000000000000001      -0.22200000000000000       2.95573088000000012E-003   5.8240093219893305
  0.10000000000000001      -0.21800000000000000       3.11491143999999970E-003   5.7715545573234310
  0.10000000000000001      -0.21400000000000000       3.27387719999999976E-003   5.7217803083725425
  0.10000000000000001      -0.20999999999999999       3.44193024000000007E-003   5.6717228486846345
  0.10000000000000001      -0.20599999999999999       3.62072271999999999E-003   5.6210816266623098
  0.10000000000000001      -0.20200000000000001       3.79444760000000004E-003   5.5742164386767206
  0.10000000000000001      -0.19800000000000001       3.97391471999999999E-003   5.5280035945694337
  0.10000000000000001      -0.19400000000000001       4.16125448000000033E-003   5.4819386924760396
  0.10000000000000001      -0.19000000000000000       4.34985088000000054E-003   5.4376137149289026
  0.10000000000000001      -0.18600000000000000       4.54839943999999982E-003   5.3929798793339323
  0.10000000000000001      -0.18200000000000000       4.75730823999999993E-003   5.3480732664901813
  0.10000000000000001      -0.17799999999999999       4.96021576000000002E-003   5.3063060391913988
  0.10000000000000001      -0.17399999999999999       5.16393607999999973E-003   5.2660561840758984
  0.10000000000000001      -0.17000000000000001       5.37368871999999945E-003   5.2262406938010324
  0.10000000000000001      -0.16600000000000001       5.58406088000000002E-003   5.1878390110027022
  0.10000000000000001      -0.16200000000000001       5.78903680000000028E-003   5.1517893570217295
  0.10000000000000001      -0.15800000000000000       6.00081320000000074E-003   5.1158602856045610
  0.10000000000000001      -0.15400000000000000       6.21781296000000015E-003   5.0803370482097074
  0.10000000000000001      -0.14999999999999999       6.42491488000000027E-003   5.0475718965376393
  0.10000000000000001      -0.14599999999999999       6.63844919999999946E-003   5.0148768969886959
  0.10000000000000001      -0.14199999999999999       6.85334536000000057E-003   4.9830183722010091
  0.10000000000000001      -0.13800000000000001       7.07212247999999995E-003   4.9515946347922419
  0.10000000000000001      -0.13400000000000001       7.30252640000000029E-003   4.9195349085086386
  0.10000000000000001      -0.13000000000000000       7.52136040000000051E-003   4.8900082531262710
  0.10000000000000001      -0.12600000000000000       7.73885680000000083E-003   4.8615013025476568
  0.10000000000000001      -0.12200000000000000       7.95716871999999943E-003   4.8336820308401940
  0.10000000000000001      -0.11799999999999999       8.17545719999999976E-003   4.8066186371571495
  0.10000000000000001      -0.11400000000000000       8.38650448000000104E-003   4.7811314746377507
  0.10000000000000001      -0.11000000000000000       8.60494296000000047E-003   4.7554184780448461
  0.10000000000000001      -0.10600000000000000       8.81326600000000016E-003   4.7314971926354312
  0.10000000000000001      -0.10199999999999999       9.02551031999999920E-003   4.7077002312094551
  0.10000000000000001      -9.80000000000000038E-002  9.23308751999999885E-003   4.6849617771940073
  0.10000000000000001      -9.40000000000000002E-002  9.44412824000000033E-003   4.6623620808591113
  0.10000000000000001      -8.99999999999999967E-002  9.64138791999999932E-003   4.6416902056193692
  0.10000000000000001      -8.59999999999999931E-002  9.83235712000000116E-003   4.6220765851648578
  0.10000000000000001      -8.20000000000000034E-002  1.00150748800000005E-002   4.6036638331074835
  0.10000000000000001      -7.79999999999999999E-002  1.01832831200000008E-002   4.5870078129776966
  0.10000000000000001      -7.39999999999999963E-002  1.03512890400000012E-002   4.5706442220982986
  0.10000000000000001      -7.00000000000000067E-002  1.05361316799999997E-002   4.5529448165175115
  0.10000000000000001      -6.60000000000000031E-002  1.06998706400000011E-002   4.5375236273069834
  0.10000000000000001      -6.19999999999999996E-002  1.08427637600000005E-002   4.5242573560576700
  0.10000000000000001      -5.80000000000000029E-002  1.09945835999999998E-002   4.5103525274524570
  0.10000000000000001      -5.39999999999999994E-002  1.11129456000000001E-002   4.4996445799584306
  0.10000000000000001      -5.00000000000000028E-002  1.12560844799999994E-002   4.4868464538677237
  0.10000000000000001      -4.59999999999999992E-002  1.13561228000000000E-002   4.4779982267630958
  0.10000000000000001      -4.20000000000000026E-002  1.14676731200000007E-002   4.4682232350296154
  0.10000000000000001      -3.79999999999999991E-002  1.15796581599999990E-002   4.4585053271348380
  0.10000000000000001      -3.40000000000000024E-002  1.16777742399999992E-002   4.4500678813850687
  0.10000000000000001      -2.99999999999999989E-002  1.17626049600000008E-002   4.4428298508373372
  0.10000000000000001      -2.59999999999999988E-002  1.18364256000000004E-002   4.4365735869967002
  0.10000000000000001      -2.19999999999999987E-002  1.18940358399999991E-002   4.4317181944182664
  0.10000000000000001      -1.79999999999999986E-002  1.19374508000000008E-002   4.4280746946497498
  0.10000000000000001      -1.40000000000000003E-002  1.19727437599999997E-002   4.4251225659631244
  0.10000000000000001      -1.00000000000000002E-002  1.20113356800000005E-002   4.4219044350857191
  0.10000000000000001      -6.00000000000000012E-003  1.20453850399999986E-002   4.4190736766350298
  0.10000000000000001      -2.00000000000000004E-003  1.20634320000000007E-002   4.4175765510530560
  0.10000000000000001       2.00000000000000004E-003  1.20708016000000001E-002   4.4169658334847091
  0.10000000000000001       6.00000000000000012E-003  1.20681881599999999E-002   4.4171823661595395
  0.10000000000000001       1.00000000000000002E-002  1.20507830400000005E-002   4.4186256385841345
  0.10000000000000001       1.40000000000000003E-002  1.20132840000000008E-002   4.4217422414668208
  0.10000000000000001       1.79999999999999986E-002  1.19660377600000010E-002   4.4256828284117207
  0.10000000000000001       2.19999999999999987E-002  1.19135695999999999E-002   4.4300772259947454
  0.10000000000000001       2.59999999999999988E-002  1.18441244800000008E-002   4.4359233588351712
  0.10000000000000001       2.99999999999999989E-002  1.17872839200000006E-002   4.4407339624737201
  0.10000000000000001       3.40000000000000024E-002  1.17106312000000001E-002   4.4472582001778962
  0.10000000000000001       3.79999999999999991E-002  1.16073417600000006E-002   4.4561174707282731
  0.10000000000000001       4.20000000000000026E-002  1.15060789600000008E-002   4.4648797780580640
  0.10000000000000001       4.59999999999999992E-002  1.13988988000000013E-002   4.4742385247386567
  0.10000000000000001       5.00000000000000028E-002  1.12755279200000003E-002   4.4851205725165695
  0.10000000000000001       5.39999999999999994E-002  1.11326235199999991E-002   4.4978754253886954
  0.10000000000000001       5.80000000000000029E-002  1.10110979200000007E-002   4.5088516129649685
  0.10000000000000001       6.19999999999999996E-002  1.08705608799999996E-002   4.5216969802841520
  0.10000000000000001       6.60000000000000031E-002  1.07131872799999996E-002   4.5362798402900619
  0.10000000000000001       7.00000000000000067E-002  1.05542612799999994E-002   4.5512255878146677
  0.10000000000000001       7.39999999999999963E-002  1.03891751999999997E-002   4.5669908610451788
  0.10000000000000001       7.79999999999999999E-002  1.02135214399999997E-002   4.5840428051928921
  0.10000000000000001       8.20000000000000034E-002  1.00281500800000010E-002   4.6023591327031470
  0.10000000000000001       8.59999999999999931E-002  9.84066047999999916E-003   4.6212324482193328
  0.10000000000000001       8.99999999999999967E-002  9.65908119999999912E-003   4.6398567491529574
  0.10000000000000001       9.40000000000000002E-002  9.46551015999999926E-003   4.6601005961431676
  0.10000000000000001       9.80000000000000038E-002  9.25610680000000033E-003   4.6824717506957905
  0.10000000000000001       0.10199999999999999       9.04848368000000028E-003   4.7051580844795033
  0.10000000000000001       0.10600000000000000       8.84507087999999997E-003   4.7278949378355097
  0.10000000000000001       0.11000000000000000       8.62155992000000065E-003   4.7534892454815454
  0.10000000000000001       0.11400000000000000       8.39323039999999992E-003   4.7803298028105958
  0.10000000000000001       0.11799999999999999       8.17825712000000080E-003   4.8062762170839388
  0.10000000000000001       0.12200000000000000       7.96161232000000031E-003   4.8331237468730679
  0.10000000000000001       0.12600000000000000       7.74324455999999932E-003   4.8609344854192260
  0.10000000000000001       0.13000000000000000       7.50297183999999902E-003   4.8924560915909892
  0.10000000000000001       0.13400000000000001       7.27073423999999996E-003   4.9238979966629968
  0.10000000000000001       0.13800000000000001       7.05609263999999996E-003   4.9538638311121339
  0.10000000000000001       0.14199999999999999       6.84365087999999969E-003   4.9844339353579175
  0.10000000000000001       0.14599999999999999       6.62439775999999932E-003   5.0169958153928276
  0.10000000000000001       0.14999999999999999       6.40744744000000012E-003   5.0502943026469334
  0.10000000000000001       0.15400000000000000       6.17476160000000017E-003   5.0872850045008260
  0.10000000000000001       0.15800000000000000       5.95270008000000055E-003   5.1239103674004083
  0.10000000000000001       0.16200000000000001       5.74752327999999979E-003   5.1589862508784199
  0.10000000000000001       0.16600000000000001       5.53109032000000025E-003   5.1973703183253086
  0.10000000000000001       0.17000000000000001       5.31851559999999956E-003   5.2365610371190110
  0.10000000000000001       0.17399999999999999       5.10967752000000049E-003   5.2766189843899882
  0.10000000000000001       0.17799999999999999       4.91004640000000051E-003   5.3164718871185270
  0.10000000000000001       0.18200000000000000       4.71152975999999946E-003   5.3577426338776855
  0.10000000000000001       0.18600000000000000       4.52673944000000009E-003   5.3977533690657129
  0.10000000000000001       0.19000000000000000       4.33275039999999993E-003   5.4415527423146735
  0.10000000000000001       0.19400000000000001       4.13896711999999986E-003   5.4873090101949087
  0.10000000000000001       0.19800000000000001       3.96302568000000011E-003   5.5307474848553939
  0.10000000000000001       0.20200000000000001       3.77879103999999993E-003   5.5783511511952142
  0.10000000000000001       0.20599999999999999       3.60196320000000019E-003   5.6262762488269251
  0.10000000000000001       0.20999999999999999       3.43288408000000031E-003   5.6743545314617654
  0.10000000000000001       0.21400000000000000       3.26183527999999957E-003   5.7254652726861481
  0.10000000000000001       0.21800000000000000       3.09647304000000003E-003   5.7774915442282921
  0.10000000000000001       0.22200000000000000       2.94391800000000023E-003   5.8280139317642856
  0.10000000000000001       0.22600000000000001       2.79082983999999999E-003   5.8814162936817382
  0.10000000000000001       0.23000000000000001       2.64364559999999979E-003   5.9355964053111139
  0.10000000000000001       0.23400000000000001       2.50593864000000013E-003   5.9890919080434637
  0.10000000000000001       0.23799999999999999       2.37449112000000023E-003   6.0429721297167713
  0.10000000000000001       0.24199999999999999       2.23745672000000024E-003   6.1024154510191018
  0.10000000000000001       0.24600000000000000       2.11879215999999978E-003   6.1569090885084128
  0.10000000000000001       0.25000000000000000       2.00108296000000001E-003   6.2140667649695880
  0.10000000000000001       0.25400000000000000       1.88823912000000006E-003   6.2721105667362114
  0.10000000000000001       0.25800000000000001       1.78261223999999995E-003   6.3296754399162731
  0.10000000000000001       0.26200000000000001       1.67401328000000020E-003   6.3925313738519352
  0.10000000000000001       0.26600000000000001       1.56660504000000005E-003   6.4588443958781339
  0.10000000000000001       0.27000000000000002       1.46843736000000003E-003   6.5235564640065773
  0.10000000000000001       0.27400000000000002       1.37556240000000001E-003   6.5888926133069186
  0.10000000000000001       0.27800000000000002       1.28552896000000004E-003   6.6565850033129417
  0.10000000000000001       0.28199999999999997       1.19794400000000005E-003   6.7271485249557319
  0.10000000000000001       0.28599999999999998       1.11397984000000008E-003   6.7998162345887314
  0.10000000000000001       0.28999999999999998       1.04163008000000010E-003   6.8669684082787157
  0.10000000000000001       0.29399999999999998       9.70968719999999947E-004   6.9372163044039903
  0.10000000000000001       0.29799999999999999       9.02582879999999925E-004   7.0102500381786887
  0.10000000000000001       0.30199999999999999       8.40395280000000040E-004   7.0816382053823563
  0.10000000000000001       0.30599999999999999       7.78433520000000015E-004   7.1582269653269472
  0.10000000000000001       0.31000000000000000       7.19545600000000025E-004   7.2368906562997317
  0.10000000000000001       0.31400000000000000       6.63074399999999961E-004   7.3186233568797201
  0.10000000000000001       0.31800000000000000       6.10659200000000010E-004   7.4009715285472950
  0.10000000000000001       0.32200000000000001       5.63495119999999966E-004   7.4813518846816587
  0.10000000000000001       0.32600000000000001       5.20906960000000084E-004   7.5599391118126631
  0.10000000000000001       0.33000000000000002       4.79912320000000058E-004   7.6419071374145915
  0.10000000000000001       0.33400000000000002       4.40581119999999956E-004   7.7274159751723408
  0.10000000000000001       0.33800000000000002       4.05076400000000010E-004   7.8114348666730864
  0.10000000000000001       0.34200000000000003       3.67898000000000021E-004   7.9077048321281751
  0.10000000000000001       0.34599999999999997       3.34923200000000006E-004   8.0016093061532043
  0.10000000000000001       0.34999999999999998       3.05507999999999962E-004   8.0935345931161091
  0.10000000000000001       0.35399999999999998       2.77228480000000002E-004   8.1906685542233522
  0.10000000000000001       0.35799999999999998       2.52975519999999992E-004   8.2822178328114777
  0.10000000000000001       0.36199999999999999       2.30241680000000000E-004   8.3763810181179945
  0.10000000000000001       0.36599999999999999       2.06903520000000017E-004   8.4832579603077143
  0.10000000000000001       0.37000000000000000       1.87868799999999999E-004   8.5797667111010050
  0.10000000000000001       0.37400000000000000       1.71059119999999998E-004   8.6735013302186506
  0.10000000000000001       0.37800000000000000       1.54626240000000010E-004   8.7744997078819988
  0.10000000000000001       0.38200000000000001       1.38564720000000006E-004   8.8841730490652093
  0.10000000000000001       0.38600000000000001       1.25043279999999995E-004   8.9868506405892088
  0.10000000000000001       0.39000000000000001       1.11200879999999986E-004   9.1041722625100405
  0.10000000000000001       0.39400000000000002       9.97999199999999943E-005   9.2123431762503838
  0.10000000000000001       0.39800000000000002       9.01223199999999974E-005   9.3143426992784146
  0.10000000000000001       0.40200000000000002       7.95550399999999958E-005   9.4390614488077738
  0.10000000000000001       0.40600000000000003       7.09237599999999974E-005   9.5539050606791545
  0.10000000000000001       0.40999999999999998       6.29860800000000019E-005   9.6725968083672669
  0.10000000000000001       0.41399999999999998       5.46420000000000030E-005   9.8147077401505367
  0.10000000000000001       0.41799999999999998       4.87967200000000013E-005   9.9278474604788300
  0.10000000000000001       0.42199999999999999       4.35356000000000038E-005   10.041931563764194
  0.10000000000000001       0.42599999999999999       3.87835200000000003E-005   10.157515143831635
  0.10000000000000001       0.42999999999999999       3.39786399999999963E-005   10.289778466064712
  0.10000000000000001       0.43400000000000000       2.96864799999999997E-005   10.424818834654397
  0.10000000000000001       0.43800000000000000       2.56012799999999969E-005   10.572868207728716
  0.10000000000000001       0.44200000000000000       2.22204800000000004E-005   10.714496171825898
  0.10000000000000001       0.44600000000000001       1.92182400000000012E-005   10.859650729894950
  0.10000000000000001       0.45000000000000001       1.68154400000000011E-005   10.993213046001697
  0.10000000000000001       0.45400000000000001       1.46887200000000002E-005   11.128430705679717
  0.10000000000000001       0.45800000000000002       1.29407999999999998E-005   11.255125447000369
  0.10000000000000001       0.46200000000000002       1.08983200000000000E-005   11.426901909048551
  0.10000000000000001       0.46600000000000003       9.41904000000000020E-006   11.572777385397290
  0.10000000000000001       0.46999999999999997       7.91439999999999998E-006   11.746826672937399
  0.10000000000000001       0.47399999999999998       6.96231999999999994E-006   11.874997805827826
  0.10000000000000001       0.47799999999999998       6.07224000000000033E-006   12.011782992960365
  0.10000000000000001       0.48199999999999998       5.50103999999999977E-006   12.110573392692190
  0.10000000000000001       0.48599999999999999       4.74040000000000039E-006   12.259389037632118
  0.10000000000000001       0.48999999999999999       3.96383999999999947E-006   12.438297305580576
  0.10000000000000001       0.49399999999999999       3.37760000000000007E-006   12.598345159852355
  0.10000000000000001       0.49800000000000000       3.07096000000000007E-006   12.693520341663682
  0.10000000000000001       0.50200000000000000       2.53856000000000031E-006   12.883913566832772
  0.10000000000000001       0.50600000000000001       2.23823999999999985E-006   13.009820715218291
  0.10000000000000001       0.51000000000000001       1.87511999999999997E-006   13.186837900589813
  0.10000000000000001       0.51400000000000001       1.63623999999999994E-006   13.323109631276500
  0.10000000000000001       0.51800000000000002       1.25664000000000001E-006   13.587069065556767
  0.10000000000000001       0.52200000000000002       9.84800000000000083E-007   13.830827262076168
  0.10000000000000001       0.52600000000000002       9.02799999999999958E-007   13.917764792003030
  0.10000000000000001       0.53000000000000003       8.08879999999999974E-007   14.027615262163268
  0.10000000000000001       0.53400000000000003       4.96879999999999934E-007   14.514917288695363
  0.10000000000000001       0.53800000000000003       4.81680000000000062E-007   14.545985843790218
  0.10000000000000001       0.54200000000000004       4.80959999999999987E-007   14.547481730381801
  0.10000000000000001       0.54600000000000004       3.99600000000000058E-007   14.732801790172013
  0.10000000000000001       0.55000000000000004       3.47199999999999986E-007   14.873364854160217
  0.10000000000000001       0.55400000000000005       2.23999999999999968E-007   15.311619785091372
  0.10000000000000001       0.55800000000000005       2.01200000000000002E-007   15.418966398720826
  0.10000000000000001       0.56200000000000006       1.72000000000000005E-007   15.575771360132958
  0.10000000000000001       0.56599999999999995       1.33760000000000001E-007   15.827218687610019
  0.10000000000000001       0.56999999999999995       1.39040000000000006E-007   15.788504175429329
  0.10000000000000001       0.57399999999999995       7.75999999999999934E-008   16.371698409757236
  0.10000000000000001       0.57799999999999996       6.55199999999999938E-008   16.540910397401596
  0.10000000000000001       0.58199999999999996       6.44799999999999924E-008   16.556910738748037
  0.10000000000000001       0.58599999999999997       4.94399999999999980E-008   16.822506023796976
  0.10000000000000001       0.58999999999999997       1.75200000000000007E-008   17.859922751438166
  0.10000000000000001       0.59399999999999997       2.81600000000000020E-008   17.385363305656568
  0.10000000000000001       0.59799999999999998       1.91200000000000018E-008   17.772530929323157
  0.10000000000000001       0.60199999999999998       3.19999999999999970E-009   19.560115027140732
  0.10000000000000001       0.60599999999999998        0.0000000000000000                      +Infinity
  0.10000000000000001       0.60999999999999999        0.0000000000000000                      +Infinity
  0.10000000000000001       0.61399999999999999        0.0000000000000000                      +Infinity
  0.10000000000000001       0.61799999999999999        0.0000000000000000                      +Infinity
  0.10000000000000001       0.62200000000000000        0.0000000000000000                      +Infinity
  0.10000000000000001       0.62600000000000000        0.0000000000000000                      +Infinity
  0.10000000000000001       0.63000000000000000        0.0000000000000000                      +Infinity
  0.10000000000000001       0.63400000000000001        0.0000000000000000                      +Infinity
  0.10000000000000001       0.63800000000000001        0.0000000000000000                      +Infinity
  0.10000000000000001       0.64200000000000002        0.0000000000000000                      +Infinity
  0.10000000000000001       0.64600000000000002        0.0000000000000000                      +Infinity
  0.10000000000000001       0.65000000000000002        0.0000000000000000                      +Infinity
  0.10000000000000001       0.65400000000000003        0.0000000000000000                      +Infinity
  0.10000000000000001       0.65800000000000003        0.0000000000000000                      +Infinity
  0.10000000000000001       0.66200000000000003        0.0000000000000000                      +Infinity
  0.10000000000000001       0.66600000000000004        0.0000000000000000                      +Infinity
  0.10000000000000001       0.67000000000000004        0.0000000000000000                      +Infinity
  0.10000000000000001       0.67400000000000004        0.0000000000000000                      +Infinity
  0.10000000000000001       0.67800000000000005        0.0000000000000000                      +Infinity
  0.10000000000000001       0.68200000000000005        0.0000000000000000                      +Infinity
  0.10000000000000001       0.68600000000000005        0.0000000000000000                      +Infinity
  0.10000000000000001       0.68999999999999995        0.0000000000000000                      +Infinity
  0.10000000000000001       0.69399999999999995        0.0000000000000000                      +Infinity
  0.10000000000000001       0.69799999999999995        0.0000000000000000                      +Infinity
  0.10000000000000001       0.70199999999999996        0.0000000000000000                      +Infinity
  0.10000000000000001       0.70599999999999996        0.0000000000000000                      +Infinity
  0.10000000000000001       0.70999999999999996        0.0000000000000000                      +Infinity
  0.10000000000000001       0.71399999999999997        0.0000000000000000                      +Infinity
  0.10000000000000001       0.71799999999999997        0.0000000000000000                      +Infinity
  0.10000000000000001       0.72199999999999998        0.0000000000000000                      +Infinity
  0.10000000000000001       0.72599999999999998        0.0000000000000000                      +Infinity
  0.10000000000000001       0.72999999999999998        0.0000000000000000                      +Infinity
  0.10000000000000001       0.73399999999999999        0.0000000000000000                      +Infinity
  0.10000000000000001       0.73799999999999999        0.0000000000000000                      +Infinity
  0.10000000000000001       0.74199999999999999        0.0000000000000000                      +Infinity
  0.10000000000000001       0.74600000000000000        0.0000000000000000                      +Infinity
  0.10000000000000001       0.75000000000000000        0.0000000000000000                      +Infinity
  0.10000000000000001       0.75400000000000000        0.0000000000000000                      +Infinity
  0.10000000000000001       0.75800000000000001        0.0000000000000000                      +Infinity
  0.10000000000000001       0.76200000000000001        0.0000000000000000                      +Infinity
  0.10000000000000001       0.76600000000000001        0.0000000000000000                      +Infinity
  0.10000000000000001       0.77000000000000002        0.0000000000000000                      +Infinity
  0.10000000000000001       0.77400000000000002        0.0000000000000000                      +Infinity
  0.10000000000000001       0.77800000000000002        0.0000000000000000                      +Infinity
  0.10000000000000001       0.78200000000000003        0.0000000000000000                      +Infinity
  0.10000000000000001       0.78600000000000003        0.0000000000000000                      +Infinity
  0.10000000000000001       0.79000000000000004        0.0000000000000000                      +Infinity
  0.10000000000000001       0.79400000000000004        0.0000000000000000                      +Infinity
  0.10000000000000001       0.79800000000000004        0.0000000000000000                      +Infinity
  0.10000000000000001       0.80200000000000005        0.0000000000000000                      +Infinity
  0.10000000000000001       0.80600000000000005        0.0000000000000000                      +Infinity
  0.10000000000000001       0.81000000000000005        0.0000000000000000                      +Infinity
  0.10000000000000001       0.81399999999999995        0.0000000000000000                      +Infinity
  0.10000000000000001       0.81799999999999995        0.0000000000000000                      +Infinity
  0.10000000000000001       0.82199999999999995        0.0000000000000000                      +Infinity
  0.10000000000000001       0.82599999999999996        0.0000000000000000                      +Infinity
  0.10000000000000001       0.82999999999999996        0.0000000000000000                      +Infinity
  0.10000000000000001       0.83399999999999996        0.0000000000000000                      +Infinity
  0.10000000000000001       0.83799999999999997        0.0000000000000000                      +Infinity
  0.10000000000000001       0.84199999999999997        0.0000000000000000                      +Infinity
  0.10000000000000001       0.84599999999999997        0.0000000000000000                      +Infinity
  0.10000000000000001       0.84999999999999998        0.0000000000000000                      +Infinity
  0.10000000000000001       0.85399999999999998        0.0000000000000000                      +Infinity
  0.10000000000000001       0.85799999999999998        0.0000000000000000                      +Infinity
  0.10000000000000001       0.86199999999999999        0.0000000000000000                      +Infinity
  0.10000000000000001       0.86599999999999999        0.0000000000000000                      +Infinity
  0.10000000000000001       0.87000000000000000        0.0000000000000000                      +Infinity
  0.10000000000000001       0.87400000000000000        0.0000000000000000                      +Infinity
  0.10000000000000001       0.87800000000000000        0.0000000000000000                      +Infinity
  0.10000000000000001       0.88200000000000001        0.0000000000000000                      +Infinity
  0.10000000000000001       0.88600000000000001        0.0000000000000000                      +Infinity
  0.10000000000000001       0.89000000000000001        0.0000000000000000                      +Infinity
  0.10000000000000001       0.89400000000000002        0.0000000000000000                      +Infinity
  0.10000000000000001       0.89800000000000002        0.0000000000000000                      +Infinity
  0.10000000000000001       0.90200000000000002        0.0000000000000000                      +Infinity
  0.10000000000000001       0.90600000000000003        0.0000000000000000                      +Infinity
  0.10000000000000001       0.91000000000000003        0.0000000000000000                      +Infinity
  0.10000000000000001       0.91400000000000003        0.0000000000000000                      +Infinity
  0.10000000000000001       0.91800000000000004        0.0000000000000000                      +Infinity
  0.10000000000000001       0.92200000000000004        0.0000000000000000                      +Infinity
  0.10000000000000001       0.92600000000000005        0.0000000000000000                      +Infinity
  0.10000000000000001       0.93000000000000005        0.0000000000000000                      +Infinity
  0.10000000000000001       0.93400000000000005        0.0000000000000000                      +Infinity
  0.10000000000000001       0.93799999999999994        0.0000000000000000                      +Infinity
  0.10000000000000001       0.94199999999999995        0.0000000000000000                      +Infinity
  0.10000000000000001       0.94599999999999995        0.0000000000000000                      +Infinity
  0.10000000000000001       0.94999999999999996        0.0000000000000000                      +Infinity
  0.10000000000000001       0.95399999999999996        0.0000000000000000                      +Infinity
  0.10000000000000001       0.95799999999999996        0.0000000000000000                      +Infinity
  0.10000000000000001       0.96199999999999997        0.0000000000000000                      +Infinity
  0.10000000000000001       0.96599999999999997        0.0000000000000000                      +Infinity
  0.10000000000000001       0.96999999999999997        0.0000000000000000                      +Infinity
  0.10000000000000001       0.97399999999999998        0.0000000000000000                      +Infinity
  0.10000000000000001       0.97799999999999998        0.0000000000000000                      +Infinity
  0.10000000000000001       0.98199999999999998        0.0000000000000000                      +Infinity
  0.10000000000000001       0.98599999999999999        0.0000000000000000                      +Infinity
  0.10000000000000001       0.98999999999999999        0.0000000000000000                      +Infinity
  0.10000000000000001       0.99399999999999999        0.0000000000000000                      +Infinity
  0.10000000000000001       0.99800000000000000        0.0000000000000000                      +Infinity
