  3.16227766016837913E-002 -0.99800000000000000        0.0000000000000000                      +Infinity
  3.16227766016837913E-002 -0.99399999999999999        0.0000000000000000                      +Infinity
  3.16227766016837913E-002 -0.98999999999999999        0.0000000000000000                      +Infinity
  3.16227766016837913E-002 -0.98599999999999999        0.0000000000000000                      +Infinity
  3.16227766016837913E-002 -0.98199999999999998        0.0000000000000000                      +Infinity
  3.16227766016837913E-002 -0.97799999999999998        0.0000000000000000                      +Infinity
  3.16227766016837913E-002 -0.97399999999999998        0.0000000000000000                      +Infinity
  3.16227766016837913E-002 -0.96999999999999997        0.0000000000000000                      +Infinity
  3.16227766016837913E-002 -0.96599999999999997        0.0000000000000000                      +Infinity
  3.16227766016837913E-002 -0.96199999999999997        0.0000000000000000                      +Infinity
  3.16227766016837913E-002 -0.95799999999999996        0.0000000000000000                      +Infinity
  3.16227766016837913E-002 -0.95399999999999996        0.0000000000000000                      +Infinity
  3.16227766016837913E-002 -0.94999999999999996        0.0000000000000000                      +Infinity
  3.16227766016837913E-002 -0.94599999999999995        0.0000000000000000                      +Infinity
  3.16227766016837913E-002 -0.94199999999999995        0.0000000000000000                      +Infinity
  3.16227766016837913E-002 -0.93799999999999994        0.0000000000000000                      +Infinity
  3.16227766016837913E-002 -0.93400000000000005        0.0000000000000000                      +Infinity
  3.16227766016837913E-002 -0.93000000000000005        0.0000000000000000                      +Infinity
  3.16227766016837913E-002 -0.92600000000000005        0.0000000000000000                      +Infinity
  3.16227766016837913E-002 -0.92200000000000004        0.0000000000000000                      +Infinity
  3.16227766016837913E-002 -0.91800000000000004        0.0000000000000000                      +Infinity
  3.16227766016837913E-002 -0.91400000000000003        0.0000000000000000                      +Infinity
  3.16227766016837913E-002 -0.91000000000000003        0.0000000000000000                      +Infinity
  3.16227766016837913E-002 -0.90600000000000003        0.0000000000000000                      +Infinity
  3.16227766016837913E-002 -0.90200000000000002        0.0000000000000000                      +Infinity
  3.16227766016837913E-002 -0.89800000000000002        0.0000000000000000                      +Infinity
  3.16227766016837913E-002 -0.89400000000000002        0.0000000000000000                      +Infinity
  3.16227766016837913E-002 -0.89000000000000001        0.0000000000000000                      +Infinity
  3.16227766016837913E-002 -0.88600000000000001        0.0000000000000000                      +Infinity
  3.16227766016837913E-002 -0.88200000000000001        0.0000000000000000                      +Infinity
  3.16227766016837913E-002 -0.87800000000000000        0.0000000000000000                      +Infinity
  3.16227766016837913E-002 -0.87400000000000000        0.0000000000000000                      +Infinity
  3.16227766016837913E-002 -0.87000000000000000        0.0000000000000000                      +Infinity
  3.16227766016837913E-002 -0.86599999999999999        0.0000000000000000                      +Infinity
  3.16227766016837913E-002 -0.86199999999999999        0.0000000000000000                      +Infinity
  3.16227766016837913E-002 -0.85799999999999998        0.0000000000000000                      +Infinity
  3.16227766016837913E-002 -0.85399999999999998        0.0000000000000000                      +Infinity
  3.16227766016837913E-002 -0.84999999999999998        0.0000000000000000                      +Infinity
  3.16227766016837913E-002 -0.84599999999999997        0.0000000000000000                      +Infinity
  3.16227766016837913E-002 -0.84199999999999997        0.0000000000000000                      +Infinity
  3.16227766016837913E-002 -0.83799999999999997        0.0000000000000000                      +Infinity
  3.16227766016837913E-002 -0.83399999999999996        0.0000000000000000                      +Infinity
  3.16227766016837913E-002 -0.82999999999999996        0.0000000000000000                      +Infinity
  3.16227766016837913E-002 -0.82599999999999996        0.0000000000000000                      +Infinity
  3.16227766016837913E-002 -0.82199999999999995       4.79999999999999997E-010   21.457235012026612
  3.16227766016837913E-002 -0.81799999999999995       3.28000000000000025E-008   17.232837321556314
  3.16227766016837913E-002 -0.81399999999999995       4.36799999999999981E-008   16.946375505509760
  3.16227766016837913E-002 -0.81000000000000005       4.31999999999999964E-008   16.957425341696347
  3.16227766016837913E-002 -0.80600000000000005       5.64000000000000021E-008   16.690796678442396
  3.16227766016837913E-002 -0.80200000000000005       1.27519999999999993E-007   15.874992621904505
  3.16227766016837913E-002 -0.79800000000000004       9.16799999999999977E-008   16.204961583979983
  3.16227766016837913E-002 -0.79400000000000004       1.69439999999999987E-007   15.590766955093315
  3.16227766016837913E-002 -0.79000000000000004       3.04080000000000007E-007   15.005975012265418
  3.16227766016837913E-002 -0.78600000000000003       3.71920000000000011E-007   14.804587059564081
  3.16227766016837913E-002 -0.78200000000000003       5.17120000000000014E-007   14.474990881053735
  3.16227766016837913E-002 -0.77800000000000002       7.32160000000000013E-007   14.127266767635087
  3.16227766016837913E-002 -0.77400000000000002       1.08432000000000006E-006   13.734557495558608
  3.16227766016837913E-002 -0.77000000000000002       1.34576000000000005E-006   13.518551648732284
  3.16227766016837913E-002 -0.76600000000000001       1.52415999999999990E-006   13.394067119333915
  3.16227766016837913E-002 -0.76200000000000001       1.95272000000000008E-006   13.146287285523702
  3.16227766016837913E-002 -0.75800000000000001       2.59920000000000003E-006   12.860306852591521
  3.16227766016837913E-002 -0.75400000000000000       3.31159999999999977E-006   12.618079101681760
  3.16227766016837913E-002 -0.75000000000000000       4.47232000000000007E-006   12.317603268320884
  3.16227766016837913E-002 -0.74600000000000000       5.99727999999999961E-006   12.024204524856174
  3.16227766016837913E-002 -0.74199999999999999       7.64904000000000021E-006   11.780930408196461
  3.16227766016837913E-002 -0.73799999999999999       9.70496000000000000E-006   11.542873462938605
  3.16227766016837913E-002 -0.73399999999999999       1.13743200000000002E-005   11.384152375133949
  3.16227766016837913E-002 -0.72999999999999998       1.29603199999999999E-005   11.253618175986947
  3.16227766016837913E-002 -0.72599999999999998       1.59116800000000008E-005   11.048457127223170
  3.16227766016837913E-002 -0.72199999999999998       1.83736800000000019E-005   10.904591352180450
  3.16227766016837913E-002 -0.71799999999999997       2.10940800000000005E-005   10.766518125569400
  3.16227766016837913E-002 -0.71399999999999997       2.53519199999999983E-005   10.582656091150215
  3.16227766016837913E-002 -0.70999999999999996       2.90457599999999995E-005   10.446638040568427
  3.16227766016837913E-002 -0.70599999999999996       3.35631999999999974E-005   10.302080329301885
  3.16227766016837913E-002 -0.70199999999999996       3.96075999999999967E-005   10.136489538926051
  3.16227766016837913E-002 -0.69799999999999995       4.66185599999999984E-005   9.9735118128645954
  3.16227766016837913E-002 -0.69399999999999995       5.43728000000000023E-005   9.8196465291440589
  3.16227766016837913E-002 -0.68999999999999995       6.13824000000000037E-005   9.6983874088528346
  3.16227766016837913E-002 -0.68600000000000005       7.00870399999999977E-005   9.5657726597605617
  3.16227766016837913E-002 -0.68200000000000005       7.92955200000000014E-005   9.4423289252446825
  3.16227766016837913E-002 -0.67800000000000005       8.96759199999999944E-005   9.3193082753289698
  3.16227766016837913E-002 -0.67400000000000004       1.00921599999999993E-004   9.2011665801751974
  3.16227766016837913E-002 -0.67000000000000004       1.11512560000000011E-004   9.1013733276682451
  3.16227766016837913E-002 -0.66600000000000004       1.24521920000000006E-004   8.9910287932999751
  3.16227766016837913E-002 -0.66200000000000003       1.37612640000000000E-004   8.8910677762188293
  3.16227766016837913E-002 -0.65800000000000003       1.50695599999999994E-004   8.8002486498383590
  3.16227766016837913E-002 -0.65400000000000003       1.65549759999999996E-004   8.7062387436851481
  3.16227766016837913E-002 -0.65000000000000002       1.82782320000000008E-004   8.6072146213459746
  3.16227766016837913E-002 -0.64600000000000002       1.98025679999999996E-004   8.5271138387099672
  3.16227766016837913E-002 -0.64200000000000002       2.16333440000000007E-004   8.4386896368621596
  3.16227766016837913E-002 -0.63800000000000001       2.33716480000000003E-004   8.3614018011479132
  3.16227766016837913E-002 -0.63400000000000001       2.54575199999999954E-004   8.2759142842837559
  3.16227766016837913E-002 -0.63000000000000000       2.76922480000000009E-004   8.1917729465394888
  3.16227766016837913E-002 -0.62600000000000000       2.99099679999999984E-004   8.1147336622052393
  3.16227766016837913E-002 -0.62200000000000000       3.20083039999999981E-004   8.0469300958348029
  3.16227766016837913E-002 -0.61799999999999999       3.46906960000000029E-004   7.9664539407709851
  3.16227766016837913E-002 -0.61399999999999999       3.71096160000000024E-004   7.8990493375664572
  3.16227766016837913E-002 -0.60999999999999999       3.93851680000000014E-004   7.8395361662406948
  3.16227766016837913E-002 -0.60599999999999998       4.21348960000000005E-004   7.7720491840057520
  3.16227766016837913E-002 -0.60199999999999998       4.52089359999999999E-004   7.7016306985568930
  3.16227766016837913E-002 -0.59799999999999998       4.82114400000000041E-004   7.6373291276770594
  3.16227766016837913E-002 -0.59399999999999997       5.14542799999999942E-004   7.5722318185893247
  3.16227766016837913E-002 -0.58999999999999997       5.45868399999999946E-004   7.5131326369117426
  3.16227766016837913E-002 -0.58599999999999997       5.76822719999999997E-004   7.4579755830328134
  3.16227766016837913E-002 -0.58199999999999996       6.09592319999999969E-004   7.4027201520963954
  3.16227766016837913E-002 -0.57799999999999996       6.44712960000000043E-004   7.3467053634765529
  3.16227766016837913E-002 -0.57399999999999995       6.76555279999999982E-004   7.2984963989838398
  3.16227766016837913E-002 -0.56999999999999995       7.11710159999999958E-004   7.2478398080829907
  3.16227766016837913E-002 -0.56599999999999995       7.46394159999999953E-004   7.2002567326846867
  3.16227766016837913E-002 -0.56200000000000006       7.82594239999999971E-004   7.1528962082968262
  3.16227766016837913E-002 -0.55800000000000005       8.19337600000000048E-004   7.1070143490342019
  3.16227766016837913E-002 -0.55400000000000005       8.57287919999999881E-004   7.0617367331288685
  3.16227766016837913E-002 -0.55000000000000004       8.93687760000000104E-004   7.0201541055418151
  3.16227766016837913E-002 -0.54600000000000004       9.33961440000000056E-004   6.9760754053842460
  3.16227766016837913E-002 -0.54200000000000004       9.75246240000000051E-004   6.9328205650066268
  3.16227766016837913E-002 -0.53800000000000003       1.01708967999999999E-003   6.8908099848791364
  3.16227766016837913E-002 -0.53400000000000003       1.05480159999999995E-003   6.8544025866110561
  3.16227766016837913E-002 -0.53000000000000003       1.09925879999999993E-003   6.8131191444771311
  3.16227766016837913E-002 -0.52600000000000002       1.14220015999999991E-003   6.7747989116529750
  3.16227766016837913E-002 -0.52200000000000002       1.18269095999999998E-003   6.7399629622639363
  3.16227766016837913E-002 -0.51800000000000002       1.21254879999999998E-003   6.7150306885398612
  3.16227766016837913E-002 -0.51400000000000001       1.25686599999999993E-003   6.6791339580796034
  3.16227766016837913E-002 -0.51000000000000001       1.30338735999999990E-003   6.6427887418266893
  3.16227766016837913E-002 -0.50600000000000001       1.34223023999999994E-003   6.6134226903195952
  3.16227766016837913E-002 -0.50200000000000000       1.38419816000000012E-003   6.5826342528450699
  3.16227766016837913E-002 -0.49800000000000000       1.42952911999999987E-003   6.5504101756503825
  3.16227766016837913E-002 -0.49399999999999999       1.47412016000000000E-003   6.5196939688631845
  3.16227766016837913E-002 -0.48999999999999999       1.51895543999999998E-003   6.4897323908876574
  3.16227766016837913E-002 -0.48599999999999999       1.56138087999999997E-003   6.4621846697738352
  3.16227766016837913E-002 -0.48199999999999998       1.60762904000000023E-003   6.4329948313573100
  3.16227766016837913E-002 -0.47799999999999998       1.65526271999999995E-003   6.4037955395490629
  3.16227766016837913E-002 -0.47399999999999998       1.70436015999999983E-003   6.3745655114063613
  3.16227766016837913E-002 -0.46999999999999997       1.74684032000000018E-003   6.3499466544117933
  3.16227766016837913E-002 -0.46600000000000003       1.79210431999999990E-003   6.3243647518380701
  3.16227766016837913E-002 -0.46200000000000002       1.83856992000000019E-003   6.2987672269425721
  3.16227766016837913E-002 -0.45800000000000002       1.88114648000000002E-003   6.2758738582236671
  3.16227766016837913E-002 -0.45400000000000001       1.92324127999999998E-003   6.2537433496274497
  3.16227766016837913E-002 -0.45000000000000001       1.95770208000000008E-003   6.2359839017110739
  3.16227766016837913E-002 -0.44600000000000001       2.00109800000000020E-003   6.2140592490675584
  3.16227766016837913E-002 -0.44200000000000000       2.05350495999999990E-003   6.1882072091822167
  3.16227766016837913E-002 -0.43800000000000000       2.09770679999999980E-003   6.1669105309191723
  3.16227766016837913E-002 -0.43400000000000000       2.13998944000000010E-003   6.1469543845399910
  3.16227766016837913E-002 -0.42999999999999999       2.18090552000000000E-003   6.1280151122791402
  3.16227766016837913E-002 -0.42599999999999999       2.22869887999999983E-003   6.1063373256736400
  3.16227766016837913E-002 -0.42199999999999999       2.27106848000000004E-003   6.0875048621962131
  3.16227766016837913E-002 -0.41799999999999998       2.31828367999999986E-003   6.0669281601893212
  3.16227766016837913E-002 -0.41399999999999998       2.36567431999999992E-003   6.0466921729428442
  3.16227766016837913E-002 -0.40999999999999998       2.40873192000000012E-003   6.0286548442316938
  3.16227766016837913E-002 -0.40600000000000003       2.45339568000000003E-003   6.0102822221888896
  3.16227766016837913E-002 -0.40200000000000002       2.49715728000000003E-003   5.9926022820830331
  3.16227766016837913E-002 -0.39800000000000002       2.54732336000000007E-003   5.9727121338386464
  3.16227766016837913E-002 -0.39400000000000002       2.59984239999999991E-003   5.9523044511765031
  3.16227766016837913E-002 -0.39000000000000001       2.64861776000000024E-003   5.9337173750646075
  3.16227766016837913E-002 -0.38600000000000001       2.69231168000000007E-003   5.9173550938124997
  3.16227766016837913E-002 -0.38200000000000001       2.74401456000000028E-003   5.8983332630101266
  3.16227766016837913E-002 -0.37800000000000000       2.78819480000000019E-003   5.8823609176495362
  3.16227766016837913E-002 -0.37400000000000000       2.82948255999999985E-003   5.8676614250338419
  3.16227766016837913E-002 -0.37000000000000000       2.88074623999999991E-003   5.8497059072866575
  3.16227766016837913E-002 -0.36599999999999999       2.92778824000000009E-003   5.8335080079028350
  3.16227766016837913E-002 -0.36199999999999999       2.97264504000000016E-003   5.8183031366452314
  3.16227766016837913E-002 -0.35799999999999998       3.01774616000000020E-003   5.8032450308550594
  3.16227766016837913E-002 -0.35399999999999998       3.05946223999999968E-003   5.7895161170237701
  3.16227766016837913E-002 -0.34999999999999998       3.10856512000000015E-003   5.7735940354635327
  3.16227766016837913E-002 -0.34599999999999997       3.15405840000000008E-003   5.7590652744427695
  3.16227766016837913E-002 -0.34200000000000003       3.19412271999999992E-003   5.7464428078860967
  3.16227766016837913E-002 -0.33800000000000002       3.24345823999999975E-003   5.7311151603747783
  3.16227766016837913E-002 -0.33400000000000002       3.29427536000000045E-003   5.7155690563064203
  3.16227766016837913E-002 -0.33000000000000002       3.33915607999999992E-003   5.7020371745788196
  3.16227766016837913E-002 -0.32600000000000001       3.37919455999999979E-003   5.6901178937421673
  3.16227766016837913E-002 -0.32200000000000001       3.42531800000000011E-003   5.6765609648626096
  3.16227766016837913E-002 -0.31800000000000000       3.46873608000000016E-003   5.6639649934505547
  3.16227766016837913E-002 -0.31400000000000000       3.50535560000000013E-003   5.6534633085776065
  3.16227766016837913E-002 -0.31000000000000000       3.54610064000000043E-003   5.6419066904581863
  3.16227766016837913E-002 -0.30599999999999999       3.58431768000000038E-003   5.6311871494047461
  3.16227766016837913E-002 -0.30199999999999999       3.62557127999999992E-003   5.6197434086094464
  3.16227766016837913E-002 -0.29799999999999999       3.65613240000000001E-003   5.6113494116039471
  3.16227766016837913E-002 -0.29399999999999998       3.69719935999999983E-003   5.6001796756776372
  3.16227766016837913E-002 -0.28999999999999998       3.72656551999999992E-003   5.5922682416154181
  3.16227766016837913E-002 -0.28599999999999998       3.76035952000000010E-003   5.5832407091300729
  3.16227766016837913E-002 -0.28199999999999997       3.80509991999999995E-003   5.5714130278293119
  3.16227766016837913E-002 -0.27800000000000002       3.84169440000000023E-003   5.5618417597046550
  3.16227766016837913E-002 -0.27400000000000002       3.87860743999999960E-003   5.5522790969860596
  3.16227766016837913E-002 -0.27000000000000002       3.90676720000000029E-003   5.5450450500440924
  3.16227766016837913E-002 -0.26600000000000001       3.93541440000000006E-003   5.5377390913488496
  3.16227766016837913E-002 -0.26200000000000001       3.96413023999999965E-003   5.5304688073528201
  3.16227766016837913E-002 -0.25800000000000001       4.00444968000000009E-003   5.5203491161428921
  3.16227766016837913E-002 -0.25400000000000000       4.02490120000000007E-003   5.5152549149967340
  3.16227766016837913E-002 -0.25000000000000000       4.07010319999999946E-003   5.5040869235837420
  3.16227766016837913E-002 -0.24600000000000000       4.10685768000000010E-003   5.4950970976395555
  3.16227766016837913E-002 -0.24199999999999999       4.13545127999999981E-003   5.4881588198230000
  3.16227766016837913E-002 -0.23799999999999999       4.16648983999999990E-003   5.4806813626425255
  3.16227766016837913E-002 -0.23400000000000001       4.20455544000000042E-003   5.4715867129059745
  3.16227766016837913E-002 -0.23000000000000001       4.23279599999999961E-003   5.4648925113757434
  3.16227766016837913E-002 -0.22600000000000001       4.26026287999999986E-003   5.4584244116845877
  3.16227766016837913E-002 -0.22200000000000000       4.28084439999999993E-003   5.4536049991278626
  3.16227766016837913E-002 -0.21800000000000000       4.30693112000000034E-003   5.4475296656082808
  3.16227766016837913E-002 -0.21400000000000000       4.32713264000000007E-003   5.4428501641763978
  3.16227766016837913E-002 -0.20999999999999999       4.34098551999999999E-003   5.4396538783071939
  3.16227766016837913E-002 -0.20599999999999999       4.36686527999999990E-003   5.4337098545080398
  3.16227766016837913E-002 -0.20200000000000001       4.41153455999999944E-003   5.4235326772627568
  3.16227766016837913E-002 -0.19800000000000001       4.44439952000000044E-003   5.4161105102555060
  3.16227766016837913E-002 -0.19400000000000001       4.47049960000000038E-003   5.4102551092643552
  3.16227766016837913E-002 -0.19000000000000000       4.50819248000000009E-003   5.4018589862893194
  3.16227766016837913E-002 -0.18600000000000000       4.53698255999999966E-003   5.3954931222574452
  3.16227766016837913E-002 -0.18200000000000000       4.56460719999999924E-003   5.3894228146395653
  3.16227766016837913E-002 -0.17799999999999999       4.58949423999999943E-003   5.3839854483445917
  3.16227766016837913E-002 -0.17399999999999999       4.61628824000000042E-003   5.3781643080516872
  3.16227766016837913E-002 -0.17000000000000001       4.64433464000000001E-003   5.3721071591723879
  3.16227766016837913E-002 -0.16600000000000001       4.66230855999999992E-003   5.3682445543725947
  3.16227766016837913E-002 -0.16200000000000001       4.67120352000000016E-003   5.3663385274415392
  3.16227766016837913E-002 -0.15800000000000000       4.69287287999999980E-003   5.3617103296877957
  3.16227766016837913E-002 -0.15400000000000000       4.70873879999999991E-003   5.3583351775114227
  3.16227766016837913E-002 -0.14999999999999999       4.72847760000000023E-003   5.3541519887516085
  3.16227766016837913E-002 -0.14599999999999999       4.74546503999999977E-003   5.3505658454001068
  3.16227766016837913E-002 -0.14199999999999999       4.76142632000000048E-003   5.3472080085651985
  3.16227766016837913E-002 -0.13800000000000001       4.78129216000000058E-003   5.3430444426505268
  3.16227766016837913E-002 -0.13400000000000001       4.79199752000000062E-003   5.3408079356983382
  3.16227766016837913E-002 -0.13000000000000000       4.80279087999999944E-003   5.3385580967018269
  3.16227766016837913E-002 -0.12600000000000000       4.82330040000000012E-003   5.3342968549499989
  3.16227766016837913E-002 -0.12200000000000000       4.83451496000000033E-003   5.3319744736199759
  3.16227766016837913E-002 -0.11799999999999999       4.86081864000000030E-003   5.3265484108104628
  3.16227766016837913E-002 -0.11400000000000000       4.86833159999999938E-003   5.3250039878530568
  3.16227766016837913E-002 -0.11000000000000000       4.87899200000000040E-003   5.3228166378300434
  3.16227766016837913E-002 -0.10600000000000000       4.90866568000000031E-003   5.3167531297087667
  3.16227766016837913E-002 -0.10199999999999999       4.92583368000000001E-003   5.3132617435565992
  3.16227766016837913E-002 -9.80000000000000038E-002  4.94246688000000035E-003   5.3098907040041698
  3.16227766016837913E-002 -9.40000000000000002E-002  4.96797559999999968E-003   5.3047428457961932
  3.16227766016837913E-002 -8.99999999999999967E-002  4.97025600000000015E-003   5.3042839311458199
  3.16227766016837913E-002 -8.59999999999999931E-002  4.98396992000000021E-003   5.3015285328281996
  3.16227766016837913E-002 -8.20000000000000034E-002  4.99155144000000030E-003   5.3000085077215129
  3.16227766016837913E-002 -7.79999999999999999E-002  5.01002143999999990E-003   5.2963150844534024
  3.16227766016837913E-002 -7.39999999999999963E-002  5.02612416000000010E-003   5.2931061366242806
  3.16227766016837913E-002 -7.00000000000000067E-002  5.02823343999999998E-003   5.2926865613287006
  3.16227766016837913E-002 -6.60000000000000031E-002  5.04002415999999995E-003   5.2903444032595557
  3.16227766016837913E-002 -6.19999999999999996E-002  5.05326871999999937E-003   5.2877199737974498
  3.16227766016837913E-002 -5.80000000000000029E-002  5.04967415999999988E-003   5.2884315605488297
  3.16227766016837913E-002 -5.39999999999999994E-002  5.05828384000000034E-003   5.2867280152665570
  3.16227766016837913E-002 -5.00000000000000028E-002  5.06937760000000012E-003   5.2845372302560580
  3.16227766016837913E-002 -4.59999999999999992E-002  5.07267991999999987E-003   5.2838860172038364
  3.16227766016837913E-002 -4.20000000000000026E-002  5.06310768000000060E-003   5.2857748181976145
  3.16227766016837913E-002 -3.79999999999999991E-002  5.06299959999999966E-003   5.2857961649989109
  3.16227766016837913E-002 -3.40000000000000024E-002  5.06347248000000010E-003   5.2857027701825112
  3.16227766016837913E-002 -2.99999999999999989E-002  5.07881735999999966E-003   5.2826768476442130
  3.16227766016837913E-002 -2.59999999999999988E-002  5.08473391999999993E-003   5.2815125773010347
  3.16227766016837913E-002 -2.19999999999999987E-002  5.09672968000000025E-003   5.2791561841493415
  3.16227766016837913E-002 -1.79999999999999986E-002  5.09012943999999964E-003   5.2804520184876464
  3.16227766016837913E-002 -1.40000000000000003E-002  5.09790408000000000E-003   5.2789257884268777
  3.16227766016837913E-002 -1.00000000000000002E-002  5.09754391999999931E-003   5.2789964395645521
  3.16227766016837913E-002 -6.00000000000000012E-003  5.10413775999999948E-003   5.2777037427082769
  3.16227766016837913E-002 -2.00000000000000004E-003  5.10111071999999957E-003   5.2782969747289776
  3.16227766016837913E-002  2.00000000000000004E-003  5.10656848000000038E-003   5.2772276306766921
  3.16227766016837913E-002  6.00000000000000012E-003  5.09842399999999984E-003   5.2788238066160975
  3.16227766016837913E-002  1.00000000000000002E-002  5.08979696000000023E-003   5.2805173391956854
  3.16227766016837913E-002  1.40000000000000003E-002  5.09109832000000009E-003   5.2802616917361460
  3.16227766016837913E-002  1.79999999999999986E-002  5.09615303999999981E-003   5.2792693297660342
  3.16227766016837913E-002  2.19999999999999987E-002  5.09267464000000020E-003   5.2799521168823498
  3.16227766016837913E-002  2.59999999999999988E-002  5.08906879999999982E-003   5.2806604121113550
  3.16227766016837913E-002  2.99999999999999989E-002  5.08446320000000007E-003   5.2815658204424292
  3.16227766016837913E-002  3.40000000000000024E-002  5.07405752000000040E-003   5.2836144816454151
  3.16227766016837913E-002  3.79999999999999991E-002  5.07098319999999946E-003   5.2842205551307675
  3.16227766016837913E-002  4.20000000000000026E-002  5.06985303999999987E-003   5.2844434479924471
  3.16227766016837913E-002  4.59999999999999992E-002  5.05822960000000023E-003   5.2867387383284736
  3.16227766016837913E-002  5.00000000000000028E-002  5.05692207999999983E-003   5.2869972653478694
  3.16227766016837913E-002  5.39999999999999994E-002  5.06109856000000035E-003   5.2861717125276488
  3.16227766016837913E-002  5.80000000000000029E-002  5.05375327999999999E-003   5.2876240879865017
  3.16227766016837913E-002  6.19999999999999996E-002  5.04645871999999992E-003   5.2890685252454972
  3.16227766016837913E-002  6.60000000000000031E-002  5.03885688000000036E-003   5.2905760321478388
  3.16227766016837913E-002  7.00000000000000067E-002  5.02535400000000011E-003   5.2932593797571306
  3.16227766016837913E-002  7.39999999999999963E-002  5.01076192000000052E-003   5.2961672956080106
  3.16227766016837913E-002  7.79999999999999999E-002  4.99077383999999968E-003   5.3001643030857712
  3.16227766016837913E-002  8.20000000000000034E-002  4.96931544000000017E-003   5.3044731867909922
  3.16227766016837913E-002  8.59999999999999931E-002  4.95690703999999982E-003   5.3069733133977373
  3.16227766016837913E-002  8.99999999999999967E-002  4.94440680000000042E-003   5.3094982806582909
  3.16227766016837913E-002  9.40000000000000002E-002  4.92453688000000014E-003   5.3135250432973740
  3.16227766016837913E-002  9.80000000000000038E-002  4.91295840000000039E-003   5.3158789931630430
  3.16227766016837913E-002  0.10199999999999999       4.90783848000000012E-003   5.3169216622104551
  3.16227766016837913E-002  0.10600000000000000       4.89464647999999971E-003   5.3196132262409979
  3.16227766016837913E-002  0.11000000000000000       4.88508415999999984E-003   5.3215687653860515
  3.16227766016837913E-002  0.11400000000000000       4.86786543999999984E-003   5.3250997459808849
  3.16227766016837913E-002  0.11799999999999999       4.83834527999999972E-003   5.3311825010068778
  3.16227766016837913E-002  0.12200000000000000       4.82665415999999989E-003   5.3336017718562543
  3.16227766016837913E-002  0.12600000000000000       4.80951055999999984E-003   5.3371599547195805
  3.16227766016837913E-002  0.13000000000000000       4.78211040000000014E-003   5.3428733236378401
  3.16227766016837913E-002  0.13400000000000001       4.76500703999999976E-003   5.3464562644373990
  3.16227766016837913E-002  0.13800000000000001       4.74278576000000066E-003   5.3511306028306782
  3.16227766016837913E-002  0.14199999999999999       4.73522168000000028E-003   5.3527267361221460
  3.16227766016837913E-002  0.14599999999999999       4.71341775999999969E-003   5.3573419950367276
  3.16227766016837913E-002  0.14999999999999999       4.70198559999999988E-003   5.3597703913955330
  3.16227766016837913E-002  0.15400000000000000       4.69126543999999999E-003   5.3620529162867800
  3.16227766016837913E-002  0.15800000000000000       4.67058495999999983E-003   5.3664709560449548
  3.16227766016837913E-002  0.16200000000000001       4.65586824000000041E-003   5.3696268679224959
  3.16227766016837913E-002  0.16600000000000001       4.64523799999999945E-003   5.3719126701387463
  3.16227766016837913E-002  0.17000000000000001       4.62129552000000061E-003   5.3770801976131750
  3.16227766016837913E-002  0.17399999999999999       4.60536432000000027E-003   5.3805334983976998
  3.16227766016837913E-002  0.17799999999999999       4.58528887999999982E-003   5.3849021698059065
  3.16227766016837913E-002  0.18200000000000000       4.56566888000000011E-003   5.3891902521199917
  3.16227766016837913E-002  0.18600000000000000       4.52929624000000027E-003   5.3971887069644842
  3.16227766016837913E-002  0.19000000000000000       4.50286807999999983E-003   5.4030407341167122
  3.16227766016837913E-002  0.19400000000000001       4.47608399999999997E-003   5.4090067219525197
  3.16227766016837913E-002  0.19800000000000001       4.44557951999999951E-003   5.4158450428114051
  3.16227766016837913E-002  0.20200000000000001       4.40854776000000007E-003   5.4242099498789988
  3.16227766016837913E-002  0.20599999999999999       4.37420248000000046E-003   5.4320310660751669
  3.16227766016837913E-002  0.20999999999999999       4.35208024000000027E-003   5.4371013320984645
  3.16227766016837913E-002  0.21400000000000000       4.32641359999999964E-003   5.4430163480695004
  3.16227766016837913E-002  0.21800000000000000       4.30375767999999995E-003   5.4482667588228626
  3.16227766016837913E-002  0.22200000000000000       4.27286703999999948E-003   5.4554702391160967
  3.16227766016837913E-002  0.22600000000000001       4.24004663999999996E-003   5.4631810097987703
  3.16227766016837913E-002  0.23000000000000001       4.20553847999999980E-003   5.4713529366809226
  3.16227766016837913E-002  0.23400000000000001       4.17802080000000044E-003   5.4779176374015623
  3.16227766016837913E-002  0.23799999999999999       4.14275695999999968E-003   5.4863937804123326
  3.16227766016837913E-002  0.24199999999999999       4.09964215999999992E-003   5.4968555871296063
  3.16227766016837913E-002  0.24600000000000000       4.05395232000000001E-003   5.5080629922449758
  3.16227766016837913E-002  0.25000000000000000       4.03543111999999943E-003   5.5126421378624286
  3.16227766016837913E-002  0.25400000000000000       4.00880223999999959E-003   5.5192627755482109
  3.16227766016837913E-002  0.25800000000000001       3.98593216000000042E-003   5.5249840769048584
  3.16227766016837913E-002  0.26200000000000001       3.95602495999999946E-003   5.5325155558381383
  3.16227766016837913E-002  0.26600000000000001       3.92691640000000005E-003   5.5399007921282744
  3.16227766016837913E-002  0.27000000000000002       3.87874624000000010E-003   5.5522433115866203
  3.16227766016837913E-002  0.27400000000000002       3.84729984000000032E-003   5.5603837169963164
  3.16227766016837913E-002  0.27800000000000002       3.81583991999999992E-003   5.5685944759615440
  3.16227766016837913E-002  0.28199999999999997       3.76812320000000003E-003   5.5811782264118772
  3.16227766016837913E-002  0.28599999999999998       3.73618344000000010E-003   5.5896906591785394
  3.16227766016837913E-002  0.28999999999999998       3.70475616000000025E-003   5.5981378361650895
  3.16227766016837913E-002  0.29399999999999998       3.66997328000000017E-003   5.6075708975961129
  3.16227766016837913E-002  0.29799999999999999       3.62558871999999963E-003   5.6197385983446058
  3.16227766016837913E-002  0.30199999999999999       3.58950984000000039E-003   5.6297396206226180
  3.16227766016837913E-002  0.30599999999999999       3.55556240000000010E-003   5.6392420285204823
  3.16227766016837913E-002  0.31000000000000000       3.51022231999999993E-003   5.6520759044788553
  3.16227766016837913E-002  0.31400000000000000       3.47472744000000035E-003   5.6622392375739041
  3.16227766016837913E-002  0.31800000000000000       3.43559679999999980E-003   5.6735646274965523
  3.16227766016837913E-002  0.32200000000000001       3.39160528000000041E-003   5.6864519357482806
  3.16227766016837913E-002  0.32600000000000001       3.35404079999999981E-003   5.6975894510755012
  3.16227766016837913E-002  0.33000000000000002       3.31577375999999972E-003   5.7090642708158930
  3.16227766016837913E-002  0.33400000000000002       3.27077919999999977E-003   5.7227270349971491
  3.16227766016837913E-002  0.33800000000000002       3.22670632000000021E-003   5.7362933771810747
  3.16227766016837913E-002  0.34200000000000003       3.18572288000000016E-003   5.7490760518171689
  3.16227766016837913E-002  0.34599999999999997       3.13929063999999992E-003   5.7637584154116954
  3.16227766016837913E-002  0.34999999999999998       3.09305712000000014E-003   5.7785953179424521
  3.16227766016837913E-002  0.35399999999999998       3.04894263999999984E-003   5.7929604238784647
  3.16227766016837913E-002  0.35799999999999998       3.00076719999999974E-003   5.8088872896748889
  3.16227766016837913E-002  0.36199999999999999       2.96283608000000006E-003   5.8216083342295155
  3.16227766016837913E-002  0.36599999999999999       2.92573679999999980E-003   5.8342089325832518
  3.16227766016837913E-002  0.37000000000000000       2.88351192000000029E-003   5.8487463110522562
  3.16227766016837913E-002  0.37400000000000000       2.84310344000000001E-003   5.8628590628738584
  3.16227766016837913E-002  0.37800000000000000       2.78913487999999992E-003   5.8820238100862969
  3.16227766016837913E-002  0.38200000000000001       2.72884616000000028E-003   5.9038764111424582
  3.16227766016837913E-002  0.38600000000000001       2.68842080000000023E-003   5.9188013209544863
  3.16227766016837913E-002  0.39000000000000001       2.64993055999999992E-003   5.9332218431009158
  3.16227766016837913E-002  0.39400000000000002       2.60496791999999993E-003   5.9503349186319046
  3.16227766016837913E-002  0.39800000000000002       2.55701144000000007E-003   5.9689161086901352
  3.16227766016837913E-002  0.40200000000000002       2.51023871999999986E-003   5.9873774227911616
  3.16227766016837913E-002  0.40600000000000003       2.45920280000000002E-003   6.0079180465989381
  3.16227766016837913E-002  0.40999999999999998       2.42036104000000005E-003   6.0238385598586310
  3.16227766016837913E-002  0.41399999999999998       2.38586704000000012E-003   6.0381926819219780
  3.16227766016837913E-002  0.41799999999999998       2.33808119999999973E-003   6.0584246859964299
  3.16227766016837913E-002  0.42199999999999999       2.28886720000000005E-003   6.0796982562958712
  3.16227766016837913E-002  0.42599999999999999       2.24461495999999988E-003   6.0992212825197170
  3.16227766016837913E-002  0.42999999999999999       2.19869920000000021E-003   6.1198893662157925
  3.16227766016837913E-002  0.43400000000000000       2.15128144000000009E-003   6.1416915957864582
  3.16227766016837913E-002  0.43800000000000000       2.11283999999999994E-003   6.1597222649379209
  3.16227766016837913E-002  0.44200000000000000       2.07119912000000008E-003   6.1796275544015051
  3.16227766016837913E-002  0.44600000000000001       2.02073687999999993E-003   6.2042930420102698
  3.16227766016837913E-002  0.45000000000000001       1.97479024000000005E-003   6.2272930938644144
  3.16227766016837913E-002  0.45400000000000001       1.93138055999999983E-003   6.2495202157197633
  3.16227766016837913E-002  0.45800000000000002       1.89602639999999979E-003   6.2679949511956128
  3.16227766016837913E-002  0.46200000000000002       1.84793255999999998E-003   6.2936877999350420
  3.16227766016837913E-002  0.46600000000000003       1.79943920000000018E-003   6.3202802181790885
  3.16227766016837913E-002  0.46999999999999997       1.75175936000000016E-003   6.3471346474997050
  3.16227766016837913E-002  0.47399999999999998       1.70670288000000000E-003   6.3731919100739445
  3.16227766016837913E-002  0.47799999999999998       1.66636103999999994E-003   6.3971130480315805
  3.16227766016837913E-002  0.48199999999999998       1.61780071999999991E-003   6.4266876323316895
  3.16227766016837913E-002  0.48599999999999999       1.58175424000000001E-003   6.4492207693655610
  3.16227766016837913E-002  0.48999999999999999       1.53444775999999998E-003   6.4795847281464125
  3.16227766016837913E-002  0.49399999999999999       1.48794528000000003E-003   6.5103591174409727
  3.16227766016837913E-002  0.49800000000000000       1.44279928000000000E-003   6.5411701079646791
  3.16227766016837913E-002  0.50200000000000000       1.39605263999999988E-003   6.5741065676164858
  3.16227766016837913E-002  0.50600000000000001       1.34806360000000003E-003   6.6090860865961085
  3.16227766016837913E-002  0.51000000000000001       1.30396535999999989E-003   6.6423453802476944
  3.16227766016837913E-002  0.51400000000000001       1.26341864000000014E-003   6.6739340257696629
  3.16227766016837913E-002  0.51800000000000002       1.22676592000000011E-003   6.7033739056992125
  3.16227766016837913E-002  0.52200000000000002       1.18348607999999998E-003   6.7392908908031064
  3.16227766016837913E-002  0.52600000000000002       1.14217664000000000E-003   6.7748195037024139
  3.16227766016837913E-002  0.53000000000000003       1.09829863999999998E-003   6.8139929874480787
  3.16227766016837913E-002  0.53400000000000003       1.05540984000000010E-003   6.8538261135569201
  3.16227766016837913E-002  0.53800000000000003       1.01136079999999983E-003   6.8964585282265185
  3.16227766016837913E-002  0.54200000000000004       9.73674800000000058E-004   6.9344331909758683
  3.16227766016837913E-002  0.54600000000000004       9.36604400000000089E-004   6.9732495633826046
  3.16227766016837913E-002  0.55000000000000004       9.03118240000000080E-004   7.0096570718125983
  3.16227766016837913E-002  0.55400000000000005       8.66361040000000011E-004   7.0512088309709338
  3.16227766016837913E-002  0.55800000000000005       8.31592000000000030E-004   7.0921686220363087
  3.16227766016837913E-002  0.56200000000000006       7.95513519999999953E-004   7.1365227147306047
  3.16227766016837913E-002  0.56599999999999995       7.54039679999999961E-004   7.1900655653463224
  3.16227766016837913E-002  0.56999999999999995       7.25082239999999957E-004   7.2292254750600451
  3.16227766016837913E-002  0.57399999999999995       6.87330400000000022E-004   7.2826954497658463
  3.16227766016837913E-002  0.57799999999999996       6.52002880000000003E-004   7.3354615788694630
  3.16227766016837913E-002  0.58199999999999996       6.19679200000000001E-004   7.3863086331875625
  3.16227766016837913E-002  0.58599999999999997       5.89563279999999945E-004   7.4361284985401301
  3.16227766016837913E-002  0.58999999999999997       5.57347199999999989E-004   7.4923221729144736
  3.16227766016837913E-002  0.59399999999999997       5.24356319999999933E-004   7.5533391047384750
  3.16227766016837913E-002  0.59799999999999998       4.91932399999999966E-004   7.6171692492859711
  3.16227766016837913E-002  0.60199999999999998       4.61720720000000041E-004   7.6805503518321370
  3.16227766016837913E-002  0.60599999999999998       4.34115279999999965E-004   7.7422004370153630
  3.16227766016837913E-002  0.60999999999999999       4.07826480000000055E-004   7.8046687681409521
  3.16227766016837913E-002  0.61399999999999999       3.86743360000000019E-004   7.8577492373721221
  3.16227766016837913E-002  0.61799999999999999       3.60818960000000013E-004   7.9271342212673677
  3.16227766016837913E-002  0.62200000000000000       3.38382000000000027E-004   7.9913351231362846
  3.16227766016837913E-002  0.62600000000000000       3.15314799999999971E-004   8.0619390530921073
  3.16227766016837913E-002  0.63000000000000000       2.93309199999999967E-004   8.1342832152719904
  3.16227766016837913E-002  0.63400000000000001       2.73156320000000007E-004   8.2054663259199607
  3.16227766016837913E-002  0.63800000000000001       2.51521680000000040E-004   8.2879813693564266
  3.16227766016837913E-002  0.64200000000000002       2.30376079999999997E-004   8.3757974539765936
  3.16227766016837913E-002  0.64600000000000002       2.12504239999999987E-004   8.4565486168576829
  3.16227766016837913E-002  0.65000000000000002       1.94490080000000022E-004   8.5451293987771422
  3.16227766016837913E-002  0.65400000000000003       1.75793200000000003E-004   8.6462022537798440
  3.16227766016837913E-002  0.65800000000000003       1.61101679999999995E-004   8.7334748395303201
  3.16227766016837913E-002  0.66200000000000003       1.47496719999999995E-004   8.8217046197197870
  3.16227766016837913E-002  0.66600000000000004       1.33581280000000013E-004   8.9208004264398983
  3.16227766016837913E-002  0.67000000000000004       1.17880640000000007E-004   9.0458379708594343
  3.16227766016837913E-002  0.67400000000000004       1.05422480000000001E-004   9.1575346618660927
  3.16227766016837913E-002  0.67800000000000005       9.31846399999999983E-005   9.2809276567218255
  3.16227766016837913E-002  0.68200000000000005       8.45736000000000063E-005   9.3778883967895208
  3.16227766016837913E-002  0.68600000000000005       7.52810400000000025E-005   9.4942822476922473
  3.16227766016837913E-002  0.68999999999999995       6.61311999999999946E-005   9.6238699103664302
  3.16227766016837913E-002  0.69399999999999995       5.73886400000000042E-005   9.7656641836330706
  3.16227766016837913E-002  0.69799999999999995       4.92894399999999988E-005   9.9178006986424272
  3.16227766016837913E-002  0.70199999999999996       4.23325599999999991E-005   10.069954028057184
  3.16227766016837913E-002  0.70599999999999996       3.70255200000000012E-005   10.203903153344552
  3.16227766016837913E-002  0.70999999999999996       3.30590399999999992E-005   10.317215504105533
  3.16227766016837913E-002  0.71399999999999997       2.82075200000000020E-005   10.475921948902775
  3.16227766016837913E-002  0.71799999999999997       2.45171200000000008E-005   10.616138908933321
  3.16227766016837913E-002  0.72199999999999998       2.05312000000000009E-005   10.793564877594379
  3.16227766016837913E-002  0.72599999999999998       1.75359999999999995E-005   10.951254647198668
  3.16227766016837913E-002  0.72999999999999998       1.37017599999999987E-005   11.197986266228108
  3.16227766016837913E-002  0.73399999999999999       1.11591999999999998E-005   11.403246288168386
  3.16227766016837913E-002  0.73799999999999999       9.66487999999999987E-006   11.547011861314839
  3.16227766016837913E-002  0.74199999999999999       7.96872000000000017E-006   11.739986680318543
  3.16227766016837913E-002  0.74600000000000000       6.40263999999999974E-006   11.958800152653383
  3.16227766016837913E-002  0.75000000000000000       5.21071999999999964E-006   12.164792515969804
  3.16227766016837913E-002  0.75400000000000000       3.90127999999999969E-006   12.454205853547990
  3.16227766016837913E-002  0.75800000000000001       3.23895999999999956E-006   12.640258267341920
  3.16227766016837913E-002  0.76200000000000001       2.87239999999999981E-006   12.760362640710248
  3.16227766016837913E-002  0.76600000000000001       2.21703999999999995E-006   13.019337585093222
  3.16227766016837913E-002  0.77000000000000002       1.79944000000000013E-006   13.228035052578369
  3.16227766016837913E-002  0.77400000000000002       1.82712000000000018E-006   13.212769601280344
  3.16227766016837913E-002  0.77800000000000002       1.32424000000000000E-006   13.534671847994501
  3.16227766016837913E-002  0.78200000000000003       6.71519999999999967E-007   14.213722037361130
  3.16227766016837913E-002  0.78600000000000003       5.28800000000000024E-007   14.452655548408934
  3.16227766016837913E-002  0.79000000000000004       2.81039999999999981E-007   15.084768828988839
  3.16227766016837913E-002  0.79400000000000004       2.16320000000000021E-007   15.346507044091812
  3.16227766016837913E-002  0.79800000000000004       7.71200000000000050E-008   16.377903186644122
  3.16227766016837913E-002  0.80200000000000005       7.87200000000000061E-008   16.357368584202412
  3.16227766016837913E-002  0.80600000000000005       8.12799999999999973E-008   16.325365853116239
  3.16227766016837913E-002  0.81000000000000005       2.78399999999999998E-008   17.396792001480193
  3.16227766016837913E-002  0.81399999999999995       5.59999999999999969E-009   19.000499239205308
  3.16227766016837913E-002  0.81799999999999995        0.0000000000000000                      +Infinity
  3.16227766016837913E-002  0.82199999999999995        0.0000000000000000                      +Infinity
  3.16227766016837913E-002  0.82599999999999996        0.0000000000000000                      +Infinity
  3.16227766016837913E-002  0.82999999999999996        0.0000000000000000                      +Infinity
  3.16227766016837913E-002  0.83399999999999996        0.0000000000000000                      +Infinity
  3.16227766016837913E-002  0.83799999999999997        0.0000000000000000                      +Infinity
  3.16227766016837913E-002  0.84199999999999997        0.0000000000000000                      +Infinity
  3.16227766016837913E-002  0.84599999999999997        0.0000000000000000                      +Infinity
  3.16227766016837913E-002  0.84999999999999998        0.0000000000000000                      +Infinity
  3.16227766016837913E-002  0.85399999999999998        0.0000000000000000                      +Infinity
  3.16227766016837913E-002  0.85799999999999998        0.0000000000000000                      +Infinity
  3.16227766016837913E-002  0.86199999999999999        0.0000000000000000                      +Infinity
  3.16227766016837913E-002  0.86599999999999999        0.0000000000000000                      +Infinity
  3.16227766016837913E-002  0.87000000000000000        0.0000000000000000                      +Infinity
  3.16227766016837913E-002  0.87400000000000000        0.0000000000000000                      +Infinity
  3.16227766016837913E-002  0.87800000000000000        0.0000000000000000                      +Infinity
  3.16227766016837913E-002  0.88200000000000001        0.0000000000000000                      +Infinity
  3.16227766016837913E-002  0.88600000000000001        0.0000000000000000                      +Infinity
  3.16227766016837913E-002  0.89000000000000001        0.0000000000000000                      +Infinity
  3.16227766016837913E-002  0.89400000000000002        0.0000000000000000                      +Infinity
  3.16227766016837913E-002  0.89800000000000002        0.0000000000000000                      +Infinity
  3.16227766016837913E-002  0.90200000000000002        0.0000000000000000                      +Infinity
  3.16227766016837913E-002  0.90600000000000003        0.0000000000000000                      +Infinity
  3.16227766016837913E-002  0.91000000000000003        0.0000000000000000                      +Infinity
  3.16227766016837913E-002  0.91400000000000003        0.0000000000000000                      +Infinity
  3.16227766016837913E-002  0.91800000000000004        0.0000000000000000                      +Infinity
  3.16227766016837913E-002  0.92200000000000004        0.0000000000000000                      +Infinity
  3.16227766016837913E-002  0.92600000000000005        0.0000000000000000                      +Infinity
  3.16227766016837913E-002  0.93000000000000005        0.0000000000000000                      +Infinity
  3.16227766016837913E-002  0.93400000000000005        0.0000000000000000                      +Infinity
  3.16227766016837913E-002  0.93799999999999994        0.0000000000000000                      +Infinity
  3.16227766016837913E-002  0.94199999999999995        0.0000000000000000                      +Infinity
  3.16227766016837913E-002  0.94599999999999995        0.0000000000000000                      +Infinity
  3.16227766016837913E-002  0.94999999999999996        0.0000000000000000                      +Infinity
  3.16227766016837913E-002  0.95399999999999996        0.0000000000000000                      +Infinity
  3.16227766016837913E-002  0.95799999999999996        0.0000000000000000                      +Infinity
  3.16227766016837913E-002  0.96199999999999997        0.0000000000000000                      +Infinity
  3.16227766016837913E-002  0.96599999999999997        0.0000000000000000                      +Infinity
  3.16227766016837913E-002  0.96999999999999997        0.0000000000000000                      +Infinity
  3.16227766016837913E-002  0.97399999999999998        0.0000000000000000                      +Infinity
  3.16227766016837913E-002  0.97799999999999998        0.0000000000000000                      +Infinity
  3.16227766016837913E-002  0.98199999999999998        0.0000000000000000                      +Infinity
  3.16227766016837913E-002  0.98599999999999999        0.0000000000000000                      +Infinity
  3.16227766016837913E-002  0.98999999999999999        0.0000000000000000                      +Infinity
  3.16227766016837913E-002  0.99399999999999999        0.0000000000000000                      +Infinity
  3.16227766016837913E-002  0.99800000000000000        0.0000000000000000                      +Infinity
