  1.25892541179416749E-003 -0.99800000000000000        0.0000000000000000                      +Infinity
  1.25892541179416749E-003 -0.99399999999999999        0.0000000000000000                      +Infinity
  1.25892541179416749E-003 -0.98999999999999999        0.0000000000000000                      +Infinity
  1.25892541179416749E-003 -0.98599999999999999        0.0000000000000000                      +Infinity
  1.25892541179416749E-003 -0.98199999999999998        0.0000000000000000                      +Infinity
  1.25892541179416749E-003 -0.97799999999999998        0.0000000000000000                      +Infinity
  1.25892541179416749E-003 -0.97399999999999998        0.0000000000000000                      +Infinity
  1.25892541179416749E-003 -0.96999999999999997        0.0000000000000000                      +Infinity
  1.25892541179416749E-003 -0.96599999999999997        0.0000000000000000                      +Infinity
  1.25892541179416749E-003 -0.96199999999999997        0.0000000000000000                      +Infinity
  1.25892541179416749E-003 -0.95799999999999996        0.0000000000000000                      +Infinity
  1.25892541179416749E-003 -0.95399999999999996        0.0000000000000000                      +Infinity
  1.25892541179416749E-003 -0.94999999999999996        0.0000000000000000                      +Infinity
  1.25892541179416749E-003 -0.94599999999999995        0.0000000000000000                      +Infinity
  1.25892541179416749E-003 -0.94199999999999995        0.0000000000000000                      +Infinity
  1.25892541179416749E-003 -0.93799999999999994        0.0000000000000000                      +Infinity
  1.25892541179416749E-003 -0.93400000000000005        0.0000000000000000                      +Infinity
  1.25892541179416749E-003 -0.93000000000000005        0.0000000000000000                      +Infinity
  1.25892541179416749E-003 -0.92600000000000005        0.0000000000000000                      +Infinity
  1.25892541179416749E-003 -0.92200000000000004        0.0000000000000000                      +Infinity
  1.25892541179416749E-003 -0.91800000000000004        0.0000000000000000                      +Infinity
  1.25892541179416749E-003 -0.91400000000000003        0.0000000000000000                      +Infinity
  1.25892541179416749E-003 -0.91000000000000003        0.0000000000000000                      +Infinity
  1.25892541179416749E-003 -0.90600000000000003        0.0000000000000000                      +Infinity
  1.25892541179416749E-003 -0.90200000000000002        0.0000000000000000                      +Infinity
  1.25892541179416749E-003 -0.89800000000000002        0.0000000000000000                      +Infinity
  1.25892541179416749E-003 -0.89400000000000002        0.0000000000000000                      +Infinity
  1.25892541179416749E-003 -0.89000000000000001        0.0000000000000000                      +Infinity
  1.25892541179416749E-003 -0.88600000000000001        0.0000000000000000                      +Infinity
  1.25892541179416749E-003 -0.88200000000000001       6.95999999999999995E-009   18.783086362600084
  1.25892541179416749E-003 -0.87800000000000000       4.69599999999999983E-008   16.873969661426571
  1.25892541179416749E-003 -0.87400000000000000       6.28800000000000045E-008   16.582037688825459
  1.25892541179416749E-003 -0.87000000000000000       7.20799999999999943E-008   16.445489223646330
  1.25892541179416749E-003 -0.86599999999999999       2.27440000000000030E-007   15.296379369603667
  1.25892541179416749E-003 -0.86199999999999999       4.73439999999999983E-007   14.563240648294512
  1.25892541179416749E-003 -0.85799999999999998       7.23359999999999987E-007   14.139358813400117
  1.25892541179416749E-003 -0.85399999999999998       1.20408000000000013E-006   13.629794768102304
  1.25892541179416749E-003 -0.84999999999999998       2.39040000000000002E-006   12.944049842007914
  1.25892541179416749E-003 -0.84599999999999997       4.07023999999999984E-006   12.411808592189351
  1.25892541179416749E-003 -0.84199999999999997       6.56599999999999948E-006   11.933605738884873
  1.25892541179416749E-003 -0.83799999999999997       1.02305599999999988E-005   11.490131238541004
  1.25892541179416749E-003 -0.83399999999999996       1.57263999999999990E-005   11.060169729134046
  1.25892541179416749E-003 -0.82999999999999996       2.27981600000000020E-005   10.688830727014826
  1.25892541179416749E-003 -0.82599999999999996       3.26359199999999984E-005   10.330097035681518
  1.25892541179416749E-003 -0.82199999999999995       4.53639200000000026E-005   10.000793482525662
  1.25892541179416749E-003 -0.81799999999999995       6.00143200000000004E-005   9.7209273575518651
  1.25892541179416749E-003 -0.81399999999999995       7.90232000000000060E-005   9.4457690777240302
  1.25892541179416749E-003 -0.81000000000000005       1.02610320000000004E-004   9.1845720454905955
  1.25892541179416749E-003 -0.80600000000000005       1.29533360000000006E-004   8.9515721038218494
  1.25892541179416749E-003 -0.80200000000000005       1.66879360000000011E-004   8.6982394018102482
  1.25892541179416749E-003 -0.79800000000000004       2.06680239999999983E-004   8.4843376933305592
  1.25892541179416749E-003 -0.79400000000000004       2.54393519999999984E-004   8.2766281985208288
  1.25892541179416749E-003 -0.79000000000000004       3.12816080000000000E-004   8.0698951439647786
  1.25892541179416749E-003 -0.78600000000000003       3.79359599999999999E-004   7.8770259900551576
  1.25892541179416749E-003 -0.78200000000000003       4.47938960000000006E-004   7.7108535848321633
  1.25892541179416749E-003 -0.77800000000000002       5.28386080000000052E-004   7.5456833293421353
  1.25892541179416749E-003 -0.77400000000000002       6.13690719999999902E-004   7.3960194700783708
  1.25892541179416749E-003 -0.77000000000000002       7.04447759999999971E-004   7.2580963812556920
  1.25892541179416749E-003 -0.76600000000000001       8.04214879999999989E-004   7.1256440608122915
  1.25892541179416749E-003 -0.76200000000000001       9.01942640000000023E-004   7.0109596319414464
  1.25892541179416749E-003 -0.75800000000000001       1.01975792000000005E-003   6.8881900131873035
  1.25892541179416749E-003 -0.75400000000000000       1.14261903999999994E-003   6.7744322480634072
  1.25892541179416749E-003 -0.75000000000000000       1.26147311999999989E-003   6.6754750980768858
  1.25892541179416749E-003 -0.74600000000000000       1.38939319999999990E-003   6.5788881739164049
  1.25892541179416749E-003 -0.74199999999999999       1.50923327999999998E-003   6.4961535186992778
  1.25892541179416749E-003 -0.73799999999999999       1.63382447999999990E-003   6.4168317056946469
  1.25892541179416749E-003 -0.73399999999999999       1.75352695999999989E-003   6.3461261135378777
  1.25892541179416749E-003 -0.72999999999999998       1.87476872000000012E-003   6.2792699765012507
  1.25892541179416749E-003 -0.72599999999999998       2.00060448000000026E-003   6.2143059040874995
  1.25892541179416749E-003 -0.72199999999999998       2.11891512000000025E-003   6.1568510571287494
  1.25892541179416749E-003 -0.71799999999999997       2.23878848000000005E-003   6.1018204165740295
  1.25892541179416749E-003 -0.71399999999999997       2.34873280000000035E-003   6.0538793303075851
  1.25892541179416749E-003 -0.70999999999999996       2.45980472000000006E-003   6.0076733143026138
  1.25892541179416749E-003 -0.70599999999999996       2.56457639999999997E-003   5.9659619601963696
  1.25892541179416749E-003 -0.70199999999999996       2.67424639999999962E-003   5.9240876579507642
  1.25892541179416749E-003 -0.69799999999999995       2.79044791999999995E-003   5.8815531512319330
  1.25892541179416749E-003 -0.69399999999999995       2.89938488000000003E-003   5.8432566748331167
  1.25892541179416749E-003 -0.68999999999999995       2.98825704000000008E-003   5.8130649913150414
  1.25892541179416749E-003 -0.68600000000000005       3.07752343999999995E-003   5.7836300833627785
  1.25892541179416749E-003 -0.68200000000000005       3.16750384000000001E-003   5.7548114334571654
  1.25892541179416749E-003 -0.67800000000000005       3.23582744000000012E-003   5.7334706063004317
  1.25892541179416749E-003 -0.67400000000000004       3.31293376000000011E-003   5.7099211498274354
  1.25892541179416749E-003 -0.67000000000000004       3.37791247999999966E-003   5.6904973697539560
  1.25892541179416749E-003 -0.66600000000000004       3.44341880000000001E-003   5.6712904639167627
  1.25892541179416749E-003 -0.66200000000000003       3.49268071999999990E-003   5.6570857230036751
  1.25892541179416749E-003 -0.65800000000000003       3.55417535999999999E-003   5.6396322088799895
  1.25892541179416749E-003 -0.65400000000000003       3.60501375999999979E-003   5.6254296913315658
  1.25892541179416749E-003 -0.65000000000000002       3.66446576000000043E-003   5.6090727223451191
  1.25892541179416749E-003 -0.64600000000000002       3.69965711999999981E-003   5.5995151338963831
  1.25892541179416749E-003 -0.64200000000000002       3.72448216000000011E-003   5.5928274542640999
  1.25892541179416749E-003 -0.63800000000000001       3.75204055999999982E-003   5.5854554376620476
  1.25892541179416749E-003 -0.63400000000000001       3.78449927999999994E-003   5.5768416914647725
  1.25892541179416749E-003 -0.63000000000000000       3.81896551999999978E-003   5.5677756993210181
  1.25892541179416749E-003 -0.62600000000000000       3.84047136000000011E-003   5.5621601699156660
  1.25892541179416749E-003 -0.62200000000000000       3.85562743999999990E-003   5.5582215251589435
  1.25892541179416749E-003 -0.61799999999999999       3.87184383999999949E-003   5.5540244409596182
  1.25892541179416749E-003 -0.61399999999999999       3.88016664000000004E-003   5.5518771778156051
  1.25892541179416749E-003 -0.60999999999999999       3.88172727999999993E-003   5.5514750491503291
  1.25892541179416749E-003 -0.60599999999999998       3.87920512000000011E-003   5.5521250123142378
  1.25892541179416749E-003 -0.60199999999999998       3.88710871999999995E-003   5.5500896573462750
  1.25892541179416749E-003 -0.59799999999999998       3.90077647999999971E-003   5.5465796482279028
  1.25892541179416749E-003 -0.59399999999999997       3.89779976000000040E-003   5.5473430491495472
  1.25892541179416749E-003 -0.58999999999999997       3.89812272000000012E-003   5.5472601955806429
  1.25892541179416749E-003 -0.58599999999999997       3.87910472000000013E-003   5.5521508942400892
  1.25892541179416749E-003 -0.58199999999999996       3.86771231999999974E-003   5.5550920785106701
  1.25892541179416749E-003 -0.57799999999999996       3.86051799999999985E-003   5.5569539076178032
  1.25892541179416749E-003 -0.57399999999999995       3.85281999999999986E-003   5.5589499312733999
  1.25892541179416749E-003 -0.56999999999999995       3.83518224000000026E-003   5.5635383250833614
  1.25892541179416749E-003 -0.56599999999999995       3.81343048000000028E-003   5.5692261064986148
  1.25892541179416749E-003 -0.56200000000000006       3.80877935999999985E-003   5.5704465191282635
  1.25892541179416749E-003 -0.55800000000000005       3.79239159999999976E-003   5.5747584298791510
  1.25892541179416749E-003 -0.55400000000000005       3.76182463999999959E-003   5.5828511626931974
  1.25892541179416749E-003 -0.55000000000000004       3.74186880000000046E-003   5.5881701132093644
  1.25892541179416749E-003 -0.54600000000000004       3.72110631999999966E-003   5.5937342570615938
  1.25892541179416749E-003 -0.54200000000000004       3.69728312000000038E-003   5.6001570209481866
  1.25892541179416749E-003 -0.53800000000000003       3.67543471999999972E-003   5.6060838621567219
  1.25892541179416749E-003 -0.53400000000000003       3.64736496000000023E-003   5.6137503008709189
  1.25892541179416749E-003 -0.53000000000000003       3.61906728000000030E-003   5.6215389438024070
  1.25892541179416749E-003 -0.52600000000000002       3.59176464000000037E-003   5.6291116540742356
  1.25892541179416749E-003 -0.52200000000000002       3.57106447999999991E-003   5.6348915539660558
  1.25892541179416749E-003 -0.51800000000000002       3.54612320000000005E-003   5.6419003285608431
  1.25892541179416749E-003 -0.51400000000000001       3.51533999999999961E-003   5.6506190300901356
  1.25892541179416749E-003 -0.51000000000000001       3.49325951999999995E-003   5.6569200187515793
  1.25892541179416749E-003 -0.50600000000000001       3.45399248000000016E-003   5.6682244764458920
  1.25892541179416749E-003 -0.50200000000000000       3.43008335999999987E-003   5.6751707148926096
  1.25892541179416749E-003 -0.49800000000000000       3.40150256000000019E-003   5.6835380155702984
  1.25892541179416749E-003 -0.49399999999999999       3.38204952000000034E-003   5.6892733863894085
  1.25892541179416749E-003 -0.48999999999999999       3.34929016000000022E-003   5.6990068481348706
  1.25892541179416749E-003 -0.48599999999999999       3.31159359999999960E-003   5.7103257553020468
  1.25892541179416749E-003 -0.48199999999999998       3.28822704000000018E-003   5.7174067530772303
  1.25892541179416749E-003 -0.47799999999999998       3.26487255999999976E-003   5.7245345491747823
  1.25892541179416749E-003 -0.47399999999999998       3.23596695999999948E-003   5.7334274899739857
  1.25892541179416749E-003 -0.46999999999999997       3.19870680000000022E-003   5.7450086758569707
  1.25892541179416749E-003 -0.46600000000000003       3.16445400000000014E-003   5.7557747501162195
  1.25892541179416749E-003 -0.46200000000000002       3.13915551999999990E-003   5.7638014579087011
  1.25892541179416749E-003 -0.45800000000000002       3.11027255999999979E-003   5.7730449167597611
  1.25892541179416749E-003 -0.45400000000000001       3.07816367999999996E-003   5.7834220675914025
  1.25892541179416749E-003 -0.45000000000000001       3.05563575999999969E-003   5.7907676032630500
  1.25892541179416749E-003 -0.44600000000000001       3.04035392000000021E-003   5.7957813492877799
  1.25892541179416749E-003 -0.44200000000000000       3.01603944000000028E-003   5.8038107519988529
  1.25892541179416749E-003 -0.43800000000000000       2.98475119999999997E-003   5.8142388856951346
  1.25892541179416749E-003 -0.43400000000000000       2.96201015999999996E-003   5.8218871330276256
  1.25892541179416749E-003 -0.42999999999999999       2.93841063999999985E-003   5.8298864424471315
  1.25892541179416749E-003 -0.42599999999999999       2.91814295999999994E-003   5.8368078376210448
  1.25892541179416749E-003 -0.42199999999999999       2.89239184000000035E-003   5.8456714928540148
  1.25892541179416749E-003 -0.41799999999999998       2.87261056000000020E-003   5.8525340598610756
  1.25892541179416749E-003 -0.41399999999999998       2.85032712000000011E-003   5.8603215123408088
  1.25892541179416749E-003 -0.40999999999999998       2.82422551999999974E-003   5.8695211041827102
  1.25892541179416749E-003 -0.40600000000000003       2.80132943999999995E-003   5.8776611744828324
  1.25892541179416749E-003 -0.40200000000000002       2.77290727999999998E-003   5.8878589496186589
  1.25892541179416749E-003 -0.39800000000000002       2.75271095999999986E-003   5.8951690492525968
  1.25892541179416749E-003 -0.39400000000000002       2.72500159999999967E-003   5.9052862637111385
  1.25892541179416749E-003 -0.39000000000000001       2.70278807999999992E-003   5.9134714165372113
  1.25892541179416749E-003 -0.38600000000000001       2.67933135999999994E-003   5.9221880081251257
  1.25892541179416749E-003 -0.38200000000000001       2.66108480000000003E-003   5.9290214197754469
  1.25892541179416749E-003 -0.37800000000000000       2.64639232000000004E-003   5.9345579551947356
  1.25892541179416749E-003 -0.37400000000000000       2.62149304000000019E-003   5.9440112609237401
  1.25892541179416749E-003 -0.37000000000000000       2.60016296000000011E-003   5.9521811589957396
  1.25892541179416749E-003 -0.36599999999999999       2.58183295999999968E-003   5.9592556826860674
  1.25892541179416749E-003 -0.36199999999999999       2.56333359999999988E-003   5.9664466801014902
  1.25892541179416749E-003 -0.35799999999999998       2.54103951999999980E-003   5.9751820218331391
  1.25892541179416749E-003 -0.35399999999999998       2.51558920000000000E-003   5.9852482285145090
  1.25892541179416749E-003 -0.34999999999999998       2.49556999999999991E-003   5.9932381189571347
  1.25892541179416749E-003 -0.34599999999999997       2.47352095999999995E-003   6.0021126535098945
  1.25892541179416749E-003 -0.34200000000000003       2.44477743999999995E-003   6.0138011867833399
  1.25892541179416749E-003 -0.33800000000000002       2.42685223999999965E-003   6.0211602358380540
  1.25892541179416749E-003 -0.33400000000000002       2.40996143999999994E-003   6.0281445316075750
  1.25892541179416749E-003 -0.33000000000000002       2.38850583999999965E-003   6.0370872800880528
  1.25892541179416749E-003 -0.32600000000000001       2.36183240000000004E-003   6.0483175205407775
  1.25892541179416749E-003 -0.32200000000000001       2.35190056000000002E-003   6.0525315287510999
  1.25892541179416749E-003 -0.31800000000000000       2.33307856000000008E-003   6.0605666131278682
  1.25892541179416749E-003 -0.31400000000000000       2.31136296000000003E-003   6.0699179024712953
  1.25892541179416749E-003 -0.31000000000000000       2.29992400000000007E-003   6.0748792000712415
  1.25892541179416749E-003 -0.30599999999999999       2.28473608000000000E-003   6.0815047624008258
  1.25892541179416749E-003 -0.30199999999999999       2.26574248000000009E-003   6.0898527680241878
  1.25892541179416749E-003 -0.29799999999999999       2.24485991999999988E-003   6.0991121561711834
  1.25892541179416749E-003 -0.29399999999999998       2.23392639999999993E-003   6.1039945242672751
  1.25892541179416749E-003 -0.28999999999999998       2.21554472000000001E-003   6.1122569824686392
  1.25892541179416749E-003 -0.28599999999999998       2.19644359999999995E-003   6.1209157720918546
  1.25892541179416749E-003 -0.28199999999999997       2.17992039999999982E-003   6.1284669166092511
  1.25892541179416749E-003 -0.27800000000000002       2.16474527999999979E-003   6.1354525780290858
  1.25892541179416749E-003 -0.27400000000000002       2.15187144000000006E-003   6.1414173782440420
  1.25892541179416749E-003 -0.27000000000000002       2.14286464000000001E-003   6.1456117282746936
  1.25892541179416749E-003 -0.26600000000000001       2.12604040000000018E-003   6.1534939964207309
  1.25892541179416749E-003 -0.26200000000000001       2.10799936000000002E-003   6.1620159519083799
  1.25892541179416749E-003 -0.25800000000000001       2.09306271999999986E-003   6.1691268694120787
  1.25892541179416749E-003 -0.25400000000000000       2.07298767999999998E-003   6.1787643886238195
  1.25892541179416749E-003 -0.25000000000000000       2.06227735999999981E-003   6.1839443922487654
  1.25892541179416749E-003 -0.24600000000000000       2.04641647999999994E-003   6.1916650740055861
  1.25892541179416749E-003 -0.24199999999999999       2.02680895999999980E-003   6.2012926636104995
  1.25892541179416749E-003 -0.23799999999999999       2.00894240000000024E-003   6.2101468645409472
  1.25892541179416749E-003 -0.23400000000000001       2.00061671999999992E-003   6.2142997859553653
  1.25892541179416749E-003 -0.23000000000000001       1.98351871999999981E-003   6.2228828801920608
  1.25892541179416749E-003 -0.22600000000000001       1.96966551999999987E-003   6.2298915374496815
  1.25892541179416749E-003 -0.22200000000000000       1.95459767999999964E-003   6.2375708970038639
  1.25892541179416749E-003 -0.21800000000000000       1.93965831999999994E-003   6.2452434451298426
  1.25892541179416749E-003 -0.21400000000000000       1.94104887999999986E-003   6.2445267922169334
  1.25892541179416749E-003 -0.20999999999999999       1.93297504000000024E-003   6.2486949914104439
  1.25892541179416749E-003 -0.20599999999999999       1.92293464000000010E-003   6.2539028015126608
  1.25892541179416749E-003 -0.20200000000000001       1.91350632000000017E-003   6.2588179502557875
  1.25892541179416749E-003 -0.19800000000000001       1.90224760000000013E-003   6.2647191445722568
  1.25892541179416749E-003 -0.19400000000000001       1.89957023999999986E-003   6.2661276078681238
  1.25892541179416749E-003 -0.19000000000000000       1.89244063999999984E-003   6.2698879390626887
  1.25892541179416749E-003 -0.18600000000000000       1.88582384000000013E-003   6.2733905031629913
  1.25892541179416749E-003 -0.18200000000000000       1.87665943999999990E-003   6.2782619763053518
  1.25892541179416749E-003 -0.17799999999999999       1.86437607999999995E-003   6.2848288234128278
  1.25892541179416749E-003 -0.17399999999999999       1.86231919999999994E-003   6.2859326862480316
  1.25892541179416749E-003 -0.17000000000000001       1.85129640000000002E-003   6.2918691285505188
  1.25892541179416749E-003 -0.16600000000000001       1.84374752000000005E-003   6.2959550829617941
  1.25892541179416749E-003 -0.16200000000000001       1.83364376000000003E-003   6.3014501661090865
  1.25892541179416749E-003 -0.15800000000000000       1.81737144000000011E-003   6.3103640855838510
  1.25892541179416749E-003 -0.15400000000000000       1.80842807999999984E-003   6.3152972751262197
  1.25892541179416749E-003 -0.14999999999999999       1.79628791999999994E-003   6.3220330101466846
  1.25892541179416749E-003 -0.14599999999999999       1.78725495999999991E-003   6.3270743781078469
  1.25892541179416749E-003 -0.14199999999999999       1.78552351999999989E-003   6.3280436182357978
  1.25892541179416749E-003 -0.13800000000000001       1.77815159999999994E-003   6.3321808811832643
  1.25892541179416749E-003 -0.13400000000000001       1.77646176000000001E-003   6.3331316682063008
  1.25892541179416749E-003 -0.13000000000000000       1.77022463999999997E-003   6.3366488251952218
  1.25892541179416749E-003 -0.12600000000000000       1.75970160000000000E-003   6.3426110297610778
  1.25892541179416749E-003 -0.12200000000000000       1.75066063999999985E-003   6.3477620537137183
  1.25892541179416749E-003 -0.11799999999999999       1.74644807999999995E-003   6.3501712221867574
  1.25892541179416749E-003 -0.11400000000000000       1.74740247999999993E-003   6.3496248908498281
  1.25892541179416749E-003 -0.11000000000000000       1.74123231999999992E-003   6.3531621865470767
  1.25892541179416749E-003 -0.10600000000000000       1.73737080000000007E-003   6.3553823430023773
  1.25892541179416749E-003 -0.10199999999999999       1.73452455999999981E-003   6.3570219319545158
  1.25892541179416749E-003 -9.80000000000000038E-002  1.73143135999999993E-003   6.3588068368365231
  1.25892541179416749E-003 -9.40000000000000002E-002  1.72680952000000003E-003   6.3614797812103561
  1.25892541179416749E-003 -8.99999999999999967E-002  1.73496080000000007E-003   6.3567704594984971
  1.25892541179416749E-003 -8.59999999999999931E-002  1.73303304000000020E-003   6.3578822032255600
  1.25892541179416749E-003 -8.20000000000000034E-002  1.72449528000000012E-003   6.3628208626163492
  1.25892541179416749E-003 -7.79999999999999999E-002  1.72030944000000014E-003   6.3652510973613508
  1.25892541179416749E-003 -7.39999999999999963E-002  1.72249279999999979E-003   6.3639827350561688
  1.25892541179416749E-003 -7.00000000000000067E-002  1.72095863999999991E-003   6.3648737945807419
  1.25892541179416749E-003 -6.60000000000000031E-002  1.71642167999999976E-003   6.3675135738383517
  1.25892541179416749E-003 -6.19999999999999996E-002  1.71668480000000006E-003   6.3673602899235950
  1.25892541179416749E-003 -5.80000000000000029E-002  1.71644432000000015E-003   6.3675003836934403
  1.25892541179416749E-003 -5.39999999999999994E-002  1.71992176000000012E-003   6.3654764775634955
  1.25892541179416749E-003 -5.00000000000000028E-002  1.71087424000000016E-003   6.3707507876500831
  1.25892541179416749E-003 -4.59999999999999992E-002  1.70959800000000011E-003   6.3714970238243165
  1.25892541179416749E-003 -4.20000000000000026E-002  1.70964488000000013E-003   6.3714696025491113
  1.25892541179416749E-003 -3.79999999999999991E-002  1.71300847999999984E-003   6.3695041092729561
  1.25892541179416749E-003 -3.40000000000000024E-002  1.71017192000000014E-003   6.3711613755094794
  1.25892541179416749E-003 -2.99999999999999989E-002  1.71387424000000012E-003   6.3689988337271277
  1.25892541179416749E-003 -2.59999999999999988E-002  1.71273832000000013E-003   6.3696618325469352
  1.25892541179416749E-003 -2.19999999999999987E-002  1.71328736000000005E-003   6.3693413212280010
  1.25892541179416749E-003 -1.79999999999999986E-002  1.71618920000000019E-003   6.3676490275839015
  1.25892541179416749E-003 -1.40000000000000003E-002  1.70986079999999995E-003   6.3713433152897858
  1.25892541179416749E-003 -1.00000000000000002E-002  1.71099120000000010E-003   6.3706824272764235
  1.25892541179416749E-003 -6.00000000000000012E-003  1.71269871999999985E-003   6.3696849536842031
  1.25892541179416749E-003 -2.00000000000000004E-003  1.71471112000000023E-003   6.3685106557010620
  1.25892541179416749E-003  2.00000000000000004E-003  1.70671895999999993E-003   6.3731824884432449
  1.25892541179416749E-003  6.00000000000000012E-003  1.71188896000000002E-003   6.3701578631791591
  1.25892541179416749E-003  1.00000000000000002E-002  1.71662904000000017E-003   6.3673927716614163
  1.25892541179416749E-003  1.40000000000000003E-002  1.71438616000000005E-003   6.3687001866326387
  1.25892541179416749E-003  1.79999999999999986E-002  1.71824240000000017E-003   6.3664533710772444
  1.25892541179416749E-003  2.19999999999999987E-002  1.71913303999999992E-003   6.3659351617425486
  1.25892541179416749E-003  2.59999999999999988E-002  1.72821664000000013E-003   6.3606652460881108
  1.25892541179416749E-003  2.99999999999999989E-002  1.73292183999999979E-003   6.3579463702467063
  1.25892541179416749E-003  3.40000000000000024E-002  1.72673431999999997E-003   6.3615233306792476
  1.25892541179416749E-003  3.79999999999999991E-002  1.72443856000000016E-003   6.3628537539402394
  1.25892541179416749E-003  4.20000000000000026E-002  1.72947631999999978E-003   6.3599366214992292
  1.25892541179416749E-003  4.59999999999999992E-002  1.72661848000000011E-003   6.3615904191041794
  1.25892541179416749E-003  5.00000000000000028E-002  1.72905872000000006E-003   6.3601781110300273
  1.25892541179416749E-003  5.39999999999999994E-002  1.73276591999999984E-003   6.3580363495009857
  1.25892541179416749E-003  5.80000000000000029E-002  1.73658432000000002E-003   6.3558351295158868
  1.25892541179416749E-003  6.19999999999999996E-002  1.73724391999999987E-003   6.3554553755601031
  1.25892541179416749E-003  6.60000000000000031E-002  1.74004967999999991E-003   6.3538416144391539
  1.25892541179416749E-003  7.00000000000000067E-002  1.73544471999999999E-003   6.3564915756618117
  1.25892541179416749E-003  7.39999999999999963E-002  1.73441800000000016E-003   6.3570833685440178
  1.25892541179416749E-003  7.79999999999999999E-002  1.73905840000000006E-003   6.3544114616551823
  1.25892541179416749E-003  8.20000000000000034E-002  1.73820664000000000E-003   6.3549013639244878
  1.25892541179416749E-003  8.59999999999999931E-002  1.73959487999999986E-003   6.3541030204504567
  1.25892541179416749E-003  8.99999999999999967E-002  1.75166959999999996E-003   6.3471858887271111
  1.25892541179416749E-003  9.40000000000000002E-002  1.75743727999999990E-003   6.3438986219717286
  1.25892541179416749E-003  9.80000000000000038E-002  1.76738031999999984E-003   6.3382568739429308
  1.25892541179416749E-003  0.10199999999999999       1.77299487999999991E-003   6.3350851396550931
  1.25892541179416749E-003  0.10600000000000000       1.77820584000000005E-003   6.3321503780626305
  1.25892541179416749E-003  0.11000000000000000       1.77840768000000018E-003   6.3320368768350832
  1.25892541179416749E-003  0.11400000000000000       1.77471240000000004E-003   6.3341168973517537
  1.25892541179416749E-003  0.11799999999999999       1.78721280000000010E-003   6.3270979676338035
  1.25892541179416749E-003  0.12200000000000000       1.78700552000000002E-003   6.3272139538336800
  1.25892541179416749E-003  0.12600000000000000       1.79702552000000015E-003   6.3216224698346988
  1.25892541179416749E-003  0.13000000000000000       1.80527887999999974E-003   6.3170401949767063
  1.25892541179416749E-003  0.13400000000000001       1.80758311999999993E-003   6.3157646188199443
  1.25892541179416749E-003  0.13800000000000001       1.81684583999999977E-003   6.3106533363155330
  1.25892541179416749E-003  0.14199999999999999       1.82160496000000017E-003   6.3080373203374673
  1.25892541179416749E-003  0.14599999999999999       1.82753295999999983E-003   6.3047883309352644
  1.25892541179416749E-003  0.14999999999999999       1.82778343999999990E-003   6.3046512812394333
  1.25892541179416749E-003  0.15400000000000000       1.83006903999999998E-003   6.3034015860644885
  1.25892541179416749E-003  0.15800000000000000       1.84088272000000001E-003   6.2975100832688335
  1.25892541179416749E-003  0.16200000000000001       1.84924831999999997E-003   6.2929760359731191
  1.25892541179416749E-003  0.16600000000000001       1.85848480000000015E-003   6.2879937468990992
  1.25892541179416749E-003  0.17000000000000001       1.86451039999999992E-003   6.2847567804580322
  1.25892541179416749E-003  0.17399999999999999       1.87271399999999993E-003   6.2803665633887285
  1.25892541179416749E-003  0.17799999999999999       1.88382447999999991E-003   6.2744512706499060
  1.25892541179416749E-003  0.18200000000000000       1.88755200000000024E-003   6.2724745275517053
  1.25892541179416749E-003  0.18600000000000000       1.90166688000000016E-003   6.2650244721539181
  1.25892541179416749E-003  0.19000000000000000       1.90947752000000001E-003   6.2609256240833728
  1.25892541179416749E-003  0.19400000000000001       1.91695199999999976E-003   6.2570188543557448
  1.25892541179416749E-003  0.19800000000000001       1.92719616000000017E-003   6.2516890991936176
  1.25892541179416749E-003  0.20200000000000001       1.93344776000000003E-003   6.2484504656424109
  1.25892541179416749E-003  0.20599999999999999       1.94316415999999984E-003   6.2434376242504355
  1.25892541179416749E-003  0.20999999999999999       1.95608119999999977E-003   6.2368121949387305
  1.25892541179416749E-003  0.21400000000000000       1.96949320000000018E-003   6.2299790282122318
  1.25892541179416749E-003  0.21800000000000000       1.97619168000000029E-003   6.2265836803124666
  1.25892541179416749E-003  0.22200000000000000       1.98271544000000032E-003   6.2232879394894089
  1.25892541179416749E-003  0.22600000000000001       1.98954416000000000E-003   6.2198497318118386
  1.25892541179416749E-003  0.23000000000000001       1.99742848000000013E-003   6.2158946857207944
  1.25892541179416749E-003  0.23400000000000001       2.01286048000000025E-003   6.2081984442148217
  1.25892541179416749E-003  0.23799999999999999       2.02093512000000013E-003   6.2041949439953097
  1.25892541179416749E-003  0.24199999999999999       2.02774496000000023E-003   6.2008309605304088
  1.25892541179416749E-003  0.24600000000000000       2.03672888000000019E-003   6.1964102482884371
  1.25892541179416749E-003  0.25000000000000000       2.05421751999999977E-003   6.1878602724012550
  1.25892541179416749E-003  0.25400000000000000       2.06069840000000027E-003   6.1847103245118218
  1.25892541179416749E-003  0.25800000000000001       2.07626840000000017E-003   6.1771830349447914
  1.25892541179416749E-003  0.26200000000000001       2.08628703999999988E-003   6.1723693288019170
  1.25892541179416749E-003  0.26600000000000001       2.10294191999999989E-003   6.1644180003319651
  1.25892541179416749E-003  0.27000000000000002       2.12307671999999994E-003   6.1548889593727480
  1.25892541179416749E-003  0.27400000000000002       2.13526335999999995E-003   6.1491652862790058
  1.25892541179416749E-003  0.27800000000000002       2.15633351999999995E-003   6.1393459440216995
  1.25892541179416749E-003  0.28199999999999997       2.17792279999999994E-003   6.1293837004622880
  1.25892541179416749E-003  0.28599999999999998       2.18770151999999989E-003   6.1249038205470354
  1.25892541179416749E-003  0.28999999999999998       2.19069023999999982E-003   6.1235386067297135
  1.25892541179416749E-003  0.29399999999999998       2.20782775999999988E-003   6.1157461608563883
  1.25892541179416749E-003  0.29799999999999999       2.21250088000000001E-003   6.1136317833421554
  1.25892541179416749E-003  0.30199999999999999       2.23196335999999987E-003   6.1048736503684218
  1.25892541179416749E-003  0.30599999999999999       2.25294191999999985E-003   6.0955183968256978
  1.25892541179416749E-003  0.31000000000000000       2.27106120000000007E-003   6.0875080677409743
  1.25892541179416749E-003  0.31400000000000000       2.28434968000000007E-003   6.0816738990820864
  1.25892541179416749E-003  0.31800000000000000       2.30378096000000013E-003   6.0732036101123228
  1.25892541179416749E-003  0.32200000000000001       2.32252152000000022E-003   6.0651018214419210
  1.25892541179416749E-003  0.32600000000000001       2.34796088000000002E-003   6.0542080381431580
  1.25892541179416749E-003  0.33000000000000002       2.36045711999999979E-003   6.0488999837858026
  1.25892541179416749E-003  0.33400000000000002       2.38230136000000016E-003   6.0396883005182787
  1.25892541179416749E-003  0.33800000000000002       2.39947215999999994E-003   6.0325064991504531
  1.25892541179416749E-003  0.34200000000000003       2.42210704000000001E-003   6.0231174399475371
  1.25892541179416749E-003  0.34599999999999997       2.45840823999999994E-003   6.0082411953801049
  1.25892541179416749E-003  0.34999999999999998       2.47811744000000014E-003   6.0002561038392832
  1.25892541179416749E-003  0.35399999999999998       2.49224856000000022E-003   5.9945699398527799
  1.25892541179416749E-003  0.35799999999999998       2.51262079999999997E-003   5.9864289271507403
  1.25892541179416749E-003  0.36199999999999999       2.54279152000000007E-003   5.9744927778139836
  1.25892541179416749E-003  0.36599999999999999       2.57018167999999983E-003   5.9637786899666096
  1.25892541179416749E-003  0.37000000000000000       2.59936223999999994E-003   5.9524891563514712
  1.25892541179416749E-003  0.37400000000000000       2.61995159999999991E-003   5.9445994346622077
  1.25892541179416749E-003  0.37800000000000000       2.65403528000000008E-003   5.9316740500180476
  1.25892541179416749E-003  0.38200000000000001       2.68669615999999993E-003   5.9194430335244705
  1.25892541179416749E-003  0.38600000000000001       2.71310600000000028E-003   5.9096611749296386
  1.25892541179416749E-003  0.39000000000000001       2.73297008000000004E-003   5.9023663197726783
  1.25892541179416749E-003  0.39400000000000002       2.75541431999999989E-003   5.8941874592997037
  1.25892541179416749E-003  0.39800000000000002       2.76706159999999968E-003   5.8899693160471243
  1.25892541179416749E-003  0.40200000000000002       2.80341424000000007E-003   5.8769172332019526
  1.25892541179416749E-003  0.40600000000000003       2.83052199999999981E-003   5.8672941320394045
  1.25892541179416749E-003  0.40999999999999998       2.86311935999999977E-003   5.8558435632007813
  1.25892541179416749E-003  0.41399999999999998       2.88500623999999976E-003   5.8482282161128012
  1.25892541179416749E-003  0.41799999999999998       2.90467511999999975E-003   5.8414337296998786
  1.25892541179416749E-003  0.42199999999999999       2.92794047999999979E-003   5.8334560109585381
  1.25892541179416749E-003  0.42599999999999999       2.95277831999999968E-003   5.8250087484591297
  1.25892541179416749E-003  0.42999999999999999       2.98743240000000007E-003   5.8133409895955790
  1.25892541179416749E-003  0.43400000000000000       3.02039815999999989E-003   5.8023666152260249
  1.25892541179416749E-003  0.43800000000000000       3.05532592000000002E-003   5.7908690079245391
  1.25892541179416749E-003  0.44200000000000000       3.08006016000000014E-003   5.7828061497198773
  1.25892541179416749E-003  0.44600000000000001       3.10669983999999977E-003   5.7741942608981693
  1.25892541179416749E-003  0.45000000000000001       3.12505271999999985E-003   5.7683041255360763
  1.25892541179416749E-003  0.45400000000000001       3.15100319999999995E-003   5.7600344006568962
  1.25892541179416749E-003  0.45800000000000002       3.17559408000000001E-003   5.7522605523296901
  1.25892541179416749E-003  0.46200000000000002       3.20465992000000012E-003   5.7431493034438521
  1.25892541179416749E-003  0.46600000000000003       3.23714727999999986E-003   5.7330628061543223
  1.25892541179416749E-003  0.46999999999999997       3.27148552000000028E-003   5.7225111097685097
  1.25892541179416749E-003  0.47399999999999998       3.30965536000000018E-003   5.7109112158600386
  1.25892541179416749E-003  0.47799999999999998       3.33668976000000032E-003   5.7027760532681473
  1.25892541179416749E-003  0.48199999999999998       3.38039312000000015E-003   5.6897632685581172
  1.25892541179416749E-003  0.48599999999999999       3.41430111999999975E-003   5.6797824569762740
  1.25892541179416749E-003  0.48999999999999999       3.44252151999999969E-003   5.6715510761101244
  1.25892541179416749E-003  0.49399999999999999       3.48844575999999974E-003   5.6582989829357562
  1.25892541179416749E-003  0.49800000000000000       3.51584695999999962E-003   5.6504748268414486
  1.25892541179416749E-003  0.50200000000000000       3.54065920000000032E-003   5.6434423544829917
  1.25892541179416749E-003  0.50600000000000001       3.56911807999999971E-003   5.6354367501236764
  1.25892541179416749E-003  0.51000000000000001       3.60055344000000024E-003   5.6266677120024973
  1.25892541179416749E-003  0.51400000000000001       3.62715511999999992E-003   5.6193066514679728
  1.25892541179416749E-003  0.51800000000000002       3.65718703999999995E-003   5.6110609953749115
  1.25892541179416749E-003  0.52200000000000002       3.68548824000000013E-003   5.6033522682232126
  1.25892541179416749E-003  0.52600000000000002       3.71154712000000032E-003   5.5963064758116587
  1.25892541179416749E-003  0.53000000000000003       3.72773431999999950E-003   5.5919546507927622
  1.25892541179416749E-003  0.53400000000000003       3.76317639999999972E-003   5.5824918909781891
  1.25892541179416749E-003  0.53800000000000003       3.80250408000000007E-003   5.5720954608530979
  1.25892541179416749E-003  0.54200000000000004       3.82970952000000024E-003   5.5649663220078702
  1.25892541179416749E-003  0.54600000000000004       3.84040656000000013E-003   5.5621770429868640
  1.25892541179416749E-003  0.55000000000000004       3.86581576000000031E-003   5.5555825558241034
  1.25892541179416749E-003  0.55400000000000005       3.88407560000000006E-003   5.5508702642728700
  1.25892541179416749E-003  0.55800000000000005       3.89855432000000028E-003   5.5471494817474989
  1.25892541179416749E-003  0.56200000000000006       3.91855279999999990E-003   5.5420328770183049
  1.25892541179416749E-003  0.56599999999999995       3.92900591999999996E-003   5.5393688316622312
  1.25892541179416749E-003  0.56999999999999995       3.96103648000000006E-003   5.5312495505892612
  1.25892541179416749E-003  0.57399999999999995       3.98999120000000009E-003   5.5239662535965817
  1.25892541179416749E-003  0.57799999999999996       4.00533607999999965E-003   5.5201277868763725
  1.25892541179416749E-003  0.58199999999999996       4.02818263999999999E-003   5.5144399625519780
  1.25892541179416749E-003  0.58599999999999997       4.04510560000000043E-003   5.5102476225083663
  1.25892541179416749E-003  0.58999999999999997       4.04766327999999970E-003   5.5096155322749540
  1.25892541179416749E-003  0.59399999999999997       4.05589456000000036E-003   5.5075840090863855
  1.25892541179416749E-003  0.59799999999999998       4.04613919999999988E-003   5.5099921364784246
  1.25892541179416749E-003  0.60199999999999998       4.04515624000000018E-003   5.5102351037540904
  1.25892541179416749E-003  0.60599999999999998       4.04748128000000009E-003   5.5096604975003878
  1.25892541179416749E-003  0.60999999999999999       4.04388872000000042E-003   5.5105484955121149
  1.25892541179416749E-003  0.61399999999999999       4.04409800000000031E-003   5.5104967446852919
  1.25892541179416749E-003  0.61799999999999999       4.04801048000000014E-003   5.5095297580675178
  1.25892541179416749E-003  0.62200000000000000       4.03819895999999942E-003   5.5119564883885221
  1.25892541179416749E-003  0.62600000000000000       4.02265415999999987E-003   5.5158133554069888
  1.25892541179416749E-003  0.63000000000000000       3.99780567999999999E-003   5.5220096483873071
  1.25892541179416749E-003  0.63400000000000001       3.96275007999999981E-003   5.5308170300982713
  1.25892541179416749E-003  0.63800000000000001       3.94212735999999956E-003   5.5360347623006598
  1.25892541179416749E-003  0.64200000000000002       3.91211288000000053E-003   5.5436776724201318
  1.25892541179416749E-003  0.64600000000000002       3.87110383999999998E-003   5.5542155826366217
  1.25892541179416749E-003  0.65000000000000002       3.82437096000000018E-003   5.5663612801297884
  1.25892541179416749E-003  0.65400000000000003       3.76188023999999991E-003   5.5828363827407967
  1.25892541179416749E-003  0.65800000000000003       3.71245375999999967E-003   5.5960622301497409
  1.25892541179416749E-003  0.66200000000000003       3.66077375999999998E-003   5.6100807440767069
  1.25892541179416749E-003  0.66600000000000004       3.60491263999999966E-003   5.6254577415485576
  1.25892541179416749E-003  0.67000000000000004       3.54113607999999953E-003   5.6433076767686927
  1.25892541179416749E-003  0.67400000000000004       3.47317887999999990E-003   5.6626850006439060
  1.25892541179416749E-003  0.67800000000000005       3.39992823999999989E-003   5.6840009534651070
  1.25892541179416749E-003  0.68200000000000005       3.32327847999999964E-003   5.7068034893292667
  1.25892541179416749E-003  0.68600000000000005       3.22268815999999982E-003   5.7375394354063438
  1.25892541179416749E-003  0.68999999999999995       3.11869639999999993E-003   5.7703401849848781
  1.25892541179416749E-003  0.69399999999999995       3.01923496000000005E-003   5.8027518041907422
  1.25892541179416749E-003  0.69799999999999995       2.92194296000000036E-003   5.8355064867202762
  1.25892541179416749E-003  0.70199999999999996       2.80749008000000027E-003   5.8754644047506162
  1.25892541179416749E-003  0.70599999999999996       2.69830495999999996E-003   5.9151314957087306
  1.25892541179416749E-003  0.70999999999999996       2.57902575999999998E-003   5.9603435637652282
  1.25892541179416749E-003  0.71399999999999997       2.45108976000000004E-003   6.0112225533196968
  1.25892541179416749E-003  0.71799999999999997       2.33363488000000018E-003   6.0603281926592496
  1.25892541179416749E-003  0.72199999999999998       2.20848871999999993E-003   6.1154468344797905
  1.25892541179416749E-003  0.72599999999999998       2.07900456000000011E-003   6.1758660767464733
  1.25892541179416749E-003  0.72999999999999998       1.95023336000000008E-003   6.2398062417717082
  1.25892541179416749E-003  0.73399999999999999       1.82618128000000004E-003   6.3055282246285724
  1.25892541179416749E-003  0.73799999999999999       1.68642727999999986E-003   6.3851430232774806
  1.25892541179416749E-003  0.74199999999999999       1.55853695999999997E-003   6.4640077439273975
  1.25892541179416749E-003  0.74600000000000000       1.42730320000000006E-003   6.5519684893356889
  1.25892541179416749E-003  0.75000000000000000       1.31209800000000004E-003   6.6361278961278298
  1.25892541179416749E-003  0.75400000000000000       1.19469375999999993E-003   6.7298653942232889
  1.25892541179416749E-003  0.75800000000000001       1.08024368000000015E-003   6.8305686336669158
  1.25892541179416749E-003  0.76200000000000001       9.72855039999999957E-004   6.9352754694055312
  1.25892541179416749E-003  0.76600000000000001       8.65989440000000037E-004   7.0516378434715676
  1.25892541179416749E-003  0.77000000000000002       7.63941999999999985E-004   7.1770186879099027
  1.25892541179416749E-003  0.77400000000000002       6.66514559999999926E-004   7.3134485731227539
  1.25892541179416749E-003  0.77800000000000002       5.79720000000000040E-004   7.4529653296099587
  1.25892541179416749E-003  0.78200000000000003       4.97227119999999996E-004   7.6064636543607218
  1.25892541179416749E-003  0.78600000000000003       4.20171359999999970E-004   7.7748479298962279
  1.25892541179416749E-003  0.79000000000000004       3.51192399999999982E-004   7.9541763365285787
  1.25892541179416749E-003  0.79400000000000004       2.93296640000000009E-004   8.1343260378937430
  1.25892541179416749E-003  0.79800000000000004       2.38981360000000006E-004   8.3391250007060673
  1.25892541179416749E-003  0.80200000000000005       1.91425360000000003E-004   8.5610125903347534
  1.25892541179416749E-003  0.80600000000000005       1.52336559999999998E-004   8.7894182743432498
  1.25892541179416749E-003  0.81000000000000005       1.19758159999999985E-004   9.0300361820323864
  1.25892541179416749E-003  0.81399999999999995       9.27133600000000030E-005   9.2859979749570236
  1.25892541179416749E-003  0.81799999999999995       7.02743999999999992E-005   9.5631029790949995
  1.25892541179416749E-003  0.82199999999999995       5.28648800000000013E-005   9.8477713337152082
  1.25892541179416749E-003  0.82599999999999996       3.79206400000000002E-005   10.180015003082747
  1.25892541179416749E-003  0.82999999999999996       2.81938399999999970E-005   10.476407043597948
  1.25892541179416749E-003  0.83399999999999996       1.93787199999999993E-005   10.851335001154505
  1.25892541179416749E-003  0.83799999999999997       1.29835200000000017E-005   11.251829697012049
  1.25892541179416749E-003  0.84199999999999997       8.65800000000000079E-006   11.657026808944485
  1.25892541179416749E-003  0.84599999999999997       5.05400000000000023E-006   12.195330548998271
  1.25892541179416749E-003  0.84999999999999998       3.13128000000000028E-006   12.674068691320809
  1.25892541179416749E-003  0.85399999999999998       2.01616000000000002E-006   13.114315845825027
  1.25892541179416749E-003  0.85799999999999998       1.29759999999999987E-006   13.554994153585262
  1.25892541179416749E-003  0.86199999999999999       6.51919999999999977E-007   14.243343981934446
  1.25892541179416749E-003  0.86599999999999999       2.79439999999999966E-007   15.090478236447835
  1.25892541179416749E-003  0.87000000000000000       2.34400000000000008E-007   15.266236779243554
  1.25892541179416749E-003  0.87400000000000000       8.80000000000000071E-008   16.245929022468204
  1.25892541179416749E-003  0.87800000000000000       1.21600000000000004E-007   15.922528867414345
  1.25892541179416749E-003  0.88200000000000001       2.28000000000000023E-008   17.596505300986017
  1.25892541179416749E-003  0.88600000000000001       6.07999999999999968E-009   18.918261140968337
  1.25892541179416749E-003  0.89000000000000001        0.0000000000000000                      +Infinity
  1.25892541179416749E-003  0.89400000000000002        0.0000000000000000                      +Infinity
  1.25892541179416749E-003  0.89800000000000002        0.0000000000000000                      +Infinity
  1.25892541179416749E-003  0.90200000000000002        0.0000000000000000                      +Infinity
  1.25892541179416749E-003  0.90600000000000003        0.0000000000000000                      +Infinity
  1.25892541179416749E-003  0.91000000000000003        0.0000000000000000                      +Infinity
  1.25892541179416749E-003  0.91400000000000003        0.0000000000000000                      +Infinity
  1.25892541179416749E-003  0.91800000000000004        0.0000000000000000                      +Infinity
  1.25892541179416749E-003  0.92200000000000004        0.0000000000000000                      +Infinity
  1.25892541179416749E-003  0.92600000000000005        0.0000000000000000                      +Infinity
  1.25892541179416749E-003  0.93000000000000005        0.0000000000000000                      +Infinity
  1.25892541179416749E-003  0.93400000000000005        0.0000000000000000                      +Infinity
  1.25892541179416749E-003  0.93799999999999994        0.0000000000000000                      +Infinity
  1.25892541179416749E-003  0.94199999999999995        0.0000000000000000                      +Infinity
  1.25892541179416749E-003  0.94599999999999995        0.0000000000000000                      +Infinity
  1.25892541179416749E-003  0.94999999999999996        0.0000000000000000                      +Infinity
  1.25892541179416749E-003  0.95399999999999996        0.0000000000000000                      +Infinity
  1.25892541179416749E-003  0.95799999999999996        0.0000000000000000                      +Infinity
  1.25892541179416749E-003  0.96199999999999997        0.0000000000000000                      +Infinity
  1.25892541179416749E-003  0.96599999999999997        0.0000000000000000                      +Infinity
  1.25892541179416749E-003  0.96999999999999997        0.0000000000000000                      +Infinity
  1.25892541179416749E-003  0.97399999999999998        0.0000000000000000                      +Infinity
  1.25892541179416749E-003  0.97799999999999998        0.0000000000000000                      +Infinity
  1.25892541179416749E-003  0.98199999999999998        0.0000000000000000                      +Infinity
  1.25892541179416749E-003  0.98599999999999999        0.0000000000000000                      +Infinity
  1.25892541179416749E-003  0.98999999999999999        0.0000000000000000                      +Infinity
  1.25892541179416749E-003  0.99399999999999999        0.0000000000000000                      +Infinity
  1.25892541179416749E-003  0.99800000000000000        0.0000000000000000                      +Infinity
