  4.00000000000000008E-002 -0.99800000000000000        0.0000000000000000                      +Infinity
  4.00000000000000008E-002 -0.99399999999999999        0.0000000000000000                      +Infinity
  4.00000000000000008E-002 -0.98999999999999999        0.0000000000000000                      +Infinity
  4.00000000000000008E-002 -0.98599999999999999        0.0000000000000000                      +Infinity
  4.00000000000000008E-002 -0.98199999999999998        0.0000000000000000                      +Infinity
  4.00000000000000008E-002 -0.97799999999999998        0.0000000000000000                      +Infinity
  4.00000000000000008E-002 -0.97399999999999998        0.0000000000000000                      +Infinity
  4.00000000000000008E-002 -0.96999999999999997        0.0000000000000000                      +Infinity
  4.00000000000000008E-002 -0.96599999999999997        0.0000000000000000                      +Infinity
  4.00000000000000008E-002 -0.96199999999999997        0.0000000000000000                      +Infinity
  4.00000000000000008E-002 -0.95799999999999996        0.0000000000000000                      +Infinity
  4.00000000000000008E-002 -0.95399999999999996        0.0000000000000000                      +Infinity
  4.00000000000000008E-002 -0.94999999999999996        0.0000000000000000                      +Infinity
  4.00000000000000008E-002 -0.94599999999999995        0.0000000000000000                      +Infinity
  4.00000000000000008E-002 -0.94199999999999995        0.0000000000000000                      +Infinity
  4.00000000000000008E-002 -0.93799999999999994        0.0000000000000000                      +Infinity
  4.00000000000000008E-002 -0.93400000000000005        0.0000000000000000                      +Infinity
  4.00000000000000008E-002 -0.93000000000000005        0.0000000000000000                      +Infinity
  4.00000000000000008E-002 -0.92600000000000005        0.0000000000000000                      +Infinity
  4.00000000000000008E-002 -0.92200000000000004        0.0000000000000000                      +Infinity
  4.00000000000000008E-002 -0.91800000000000004        0.0000000000000000                      +Infinity
  4.00000000000000008E-002 -0.91400000000000003        0.0000000000000000                      +Infinity
  4.00000000000000008E-002 -0.91000000000000003        0.0000000000000000                      +Infinity
  4.00000000000000008E-002 -0.90600000000000003        0.0000000000000000                      +Infinity
  4.00000000000000008E-002 -0.90200000000000002        0.0000000000000000                      +Infinity
  4.00000000000000008E-002 -0.89800000000000002        0.0000000000000000                      +Infinity
  4.00000000000000008E-002 -0.89400000000000002        0.0000000000000000                      +Infinity
  4.00000000000000008E-002 -0.89000000000000001        0.0000000000000000                      +Infinity
  4.00000000000000008E-002 -0.88600000000000001        0.0000000000000000                      +Infinity
  4.00000000000000008E-002 -0.88200000000000001        0.0000000000000000                      +Infinity
  4.00000000000000008E-002 -0.87800000000000000        0.0000000000000000                      +Infinity
  4.00000000000000008E-002 -0.87400000000000000        0.0000000000000000                      +Infinity
  4.00000000000000008E-002 -0.87000000000000000        0.0000000000000000                      +Infinity
  4.00000000000000008E-002 -0.86599999999999999        0.0000000000000000                      +Infinity
  4.00000000000000008E-002 -0.86199999999999999        0.0000000000000000                      +Infinity
  4.00000000000000008E-002 -0.85799999999999998        0.0000000000000000                      +Infinity
  4.00000000000000008E-002 -0.85399999999999998        0.0000000000000000                      +Infinity
  4.00000000000000008E-002 -0.84999999999999998        0.0000000000000000                      +Infinity
  4.00000000000000008E-002 -0.84599999999999997        0.0000000000000000                      +Infinity
  4.00000000000000008E-002 -0.84199999999999997        0.0000000000000000                      +Infinity
  4.00000000000000008E-002 -0.83799999999999997        0.0000000000000000                      +Infinity
  4.00000000000000008E-002 -0.83399999999999996        0.0000000000000000                      +Infinity
  4.00000000000000008E-002 -0.82999999999999996        0.0000000000000000                      +Infinity
  4.00000000000000008E-002 -0.82599999999999996        0.0000000000000000                      +Infinity
  4.00000000000000008E-002 -0.82199999999999995        0.0000000000000000                      +Infinity
  4.00000000000000008E-002 -0.81799999999999995        0.0000000000000000                      +Infinity
  4.00000000000000008E-002 -0.81399999999999995        0.0000000000000000                      +Infinity
  4.00000000000000008E-002 -0.81000000000000005        0.0000000000000000                      +Infinity
  4.00000000000000008E-002 -0.80600000000000005        0.0000000000000000                      +Infinity
  4.00000000000000008E-002 -0.80200000000000005        0.0000000000000000                      +Infinity
  4.00000000000000008E-002 -0.79800000000000004        0.0000000000000000                      +Infinity
  4.00000000000000008E-002 -0.79400000000000004        0.0000000000000000                      +Infinity
  4.00000000000000008E-002 -0.79000000000000004        0.0000000000000000                      +Infinity
  4.00000000000000008E-002 -0.78600000000000003        0.0000000000000000                      +Infinity
  4.00000000000000008E-002 -0.78200000000000003        0.0000000000000000                      +Infinity
  4.00000000000000008E-002 -0.77800000000000002        0.0000000000000000                      +Infinity
  4.00000000000000008E-002 -0.77400000000000002        0.0000000000000000                      +Infinity
  4.00000000000000008E-002 -0.77000000000000002        0.0000000000000000                      +Infinity
  4.00000000000000008E-002 -0.76600000000000001        0.0000000000000000                      +Infinity
  4.00000000000000008E-002 -0.76200000000000001        0.0000000000000000                      +Infinity
  4.00000000000000008E-002 -0.75800000000000001       1.63999999999999992E-009   20.228569595110304
  4.00000000000000008E-002 -0.75400000000000000       3.43199999999999973E-009   19.490122655320697
  4.00000000000000008E-002 -0.75000000000000000       3.01599999999999992E-009   19.619334386800702
  4.00000000000000008E-002 -0.74600000000000000       1.63199999999999995E-009   20.233459580404496
  4.00000000000000008E-002 -0.74199999999999999       1.33600000000000014E-009   20.433585761831957
  4.00000000000000008E-002 -0.73799999999999999       8.98399999999999958E-009   18.527820619510269
  4.00000000000000008E-002 -0.73399999999999999       1.60239999999999984E-008   17.949178238582896
  4.00000000000000008E-002 -0.72999999999999998       1.99920000000000013E-008   17.727933643413760
  4.00000000000000008E-002 -0.72599999999999998       2.29520000000000026E-008   17.589860758267346
  4.00000000000000008E-002 -0.72199999999999998       3.83840000000000015E-008   17.075625130849073
  4.00000000000000008E-002 -0.71799999999999997       5.08320000000000015E-008   16.794739759419251
  4.00000000000000008E-002 -0.71399999999999997       7.10480000000000020E-008   16.459910131990210
  4.00000000000000008E-002 -0.70999999999999996       9.18799999999999995E-008   16.202782459125515
  4.00000000000000008E-002 -0.70599999999999996       1.50216000000000000E-007   15.711191578655901
  4.00000000000000008E-002 -0.70199999999999996       2.19975999999999984E-007   15.329747387453986
  4.00000000000000008E-002 -0.69799999999999995       2.69095999999999990E-007   15.128197643686716
  4.00000000000000008E-002 -0.69399999999999995       3.60271999999999985E-007   14.836406535229107
  4.00000000000000008E-002 -0.68999999999999995       4.64688000000000012E-007   14.581899624300586
  4.00000000000000008E-002 -0.68600000000000005       5.48400000000000014E-007   14.416260889258252
  4.00000000000000008E-002 -0.68200000000000005       6.79295999999999997E-007   14.202208869181035
  4.00000000000000008E-002 -0.67800000000000005       8.30864000000000127E-007   14.000799713727515
  4.00000000000000008E-002 -0.67400000000000004       1.06162400000000016E-006   13.755710746798878
  4.00000000000000008E-002 -0.67000000000000004       1.20969600000000014E-006   13.625141469591020
  4.00000000000000008E-002 -0.66600000000000004       1.49786399999999995E-006   13.411470464707657
  4.00000000000000008E-002 -0.66200000000000003       1.85781600000000004E-006   13.196108953692903
  4.00000000000000008E-002 -0.65800000000000003       2.26749600000000020E-006   12.996834419016007
  4.00000000000000008E-002 -0.65400000000000003       2.62067199999999982E-006   12.852079784529215
  4.00000000000000008E-002 -0.65000000000000002       2.89073599999999985E-006   12.753999416982882
  4.00000000000000008E-002 -0.64600000000000002       3.40925600000000018E-006   12.589016472292146
  4.00000000000000008E-002 -0.64200000000000002       4.06165600000000006E-006   12.413919785738392
  4.00000000000000008E-002 -0.63800000000000001       4.82064000000000032E-006   12.242603858633272
  4.00000000000000008E-002 -0.63400000000000001       5.58288800000000004E-006   12.095804352736431
  4.00000000000000008E-002 -0.63000000000000000       6.54040800000000031E-006   11.937511009119950
  4.00000000000000008E-002 -0.62600000000000000       7.53924799999999938E-006   11.795388115666261
  4.00000000000000008E-002 -0.62200000000000000       8.62591999999999957E-006   11.660738934068668
  4.00000000000000008E-002 -0.61799999999999999       9.94233599999999981E-006   11.518708554845968
  4.00000000000000008E-002 -0.61399999999999999       1.14762720000000006E-005   11.375228958487833
  4.00000000000000008E-002 -0.60999999999999999       1.30819519999999998E-005   11.244276987595722
  4.00000000000000008E-002 -0.60599999999999998       1.47989680000000009E-005   11.120953109355165
  4.00000000000000008E-002 -0.60199999999999998       1.67806640000000017E-005   10.995283286790363
  4.00000000000000008E-002 -0.59799999999999998       1.90935600000000002E-005   10.866159452542080
  4.00000000000000008E-002 -0.59399999999999997       2.16155040000000009E-005   10.742099722975645
  4.00000000000000008E-002 -0.58999999999999997       2.44090079999999981E-005   10.620558313467539
  4.00000000000000008E-002 -0.58599999999999997       2.72161920000000002E-005   10.511698467661931
  4.00000000000000008E-002 -0.58199999999999996       3.06020639999999978E-005   10.394443100300261
  4.00000000000000008E-002 -0.57799999999999996       3.47899120000000033E-005   10.266183098266112
  4.00000000000000008E-002 -0.57399999999999995       3.94262720000000024E-005   10.141078161843627
  4.00000000000000008E-002 -0.56999999999999995       4.37228799999999997E-005   10.037639023083521
  4.00000000000000008E-002 -0.56599999999999995       4.84689520000000017E-005   9.9345871299623614
  4.00000000000000008E-002 -0.56200000000000006       5.33041439999999971E-005   9.8394964812218699
  4.00000000000000008E-002 -0.55800000000000005       5.89361919999999980E-005   9.7390551908179273
  4.00000000000000008E-002 -0.55400000000000005       6.53067520000000050E-005   9.6364151273335477
  4.00000000000000008E-002 -0.55000000000000004       7.22120799999999979E-005   9.5359032130413652
  4.00000000000000008E-002 -0.54600000000000004       7.98994240000000018E-005   9.4347419142292939
  4.00000000000000008E-002 -0.54200000000000004       8.80368959999999930E-005   9.3377545586290456
  4.00000000000000008E-002 -0.53800000000000003       9.61337839999999938E-005   9.2497697532991516
  4.00000000000000008E-002 -0.53400000000000003       1.05145456000000005E-004   9.1601658712048764
  4.00000000000000008E-002 -0.53000000000000003       1.15464487999999993E-004   9.0665475384823910
  4.00000000000000008E-002 -0.52600000000000002       1.26143095999999998E-004   8.9780936128726871
  4.00000000000000008E-002 -0.52200000000000002       1.37641967999999987E-004   8.8908546789680756
  4.00000000000000008E-002 -0.51800000000000002       1.50196831999999992E-004   8.8035639107341730
  4.00000000000000008E-002 -0.51400000000000001       1.62459767999999992E-004   8.7250801683863131
  4.00000000000000008E-002 -0.51000000000000001       1.75643159999999996E-004   8.6470561210866652
  4.00000000000000008E-002 -0.50600000000000001       1.90135143999999989E-004   8.5677754544359868
  4.00000000000000008E-002 -0.50200000000000000       2.05637120000000005E-004   8.4893974959324243
  4.00000000000000008E-002 -0.49800000000000000       2.22139783999999980E-004   8.4122037165855463
  4.00000000000000008E-002 -0.49399999999999999       2.38590519999999987E-004   8.3407617808584362
  4.00000000000000008E-002 -0.48999999999999999       2.56036352000000016E-004   8.2701911235657573
  4.00000000000000008E-002 -0.48599999999999999       2.74997912000000011E-004   8.1987470530538005
  4.00000000000000008E-002 -0.48199999999999998       2.94888720000000036E-004   8.1289124931289258
  4.00000000000000008E-002 -0.47799999999999998       3.16324984000000014E-004   8.0587404424698370
  4.00000000000000008E-002 -0.47399999999999998       3.39638512000000031E-004   7.9876287059521180
  4.00000000000000008E-002 -0.46999999999999997       3.63221768000000019E-004   7.9204969791123965
  4.00000000000000008E-002 -0.46600000000000003       3.87791888000000044E-004   7.8550417333734757
  4.00000000000000008E-002 -0.46200000000000002       4.12349623999999952E-004   7.7936389665320576
  4.00000000000000008E-002 -0.45800000000000002       4.38920520000000015E-004   7.7311922091162311
  4.00000000000000008E-002 -0.45400000000000001       4.68072175999999988E-004   7.6668880517154294
  4.00000000000000008E-002 -0.45000000000000001       4.98584904000000015E-004   7.6037366641081370
  4.00000000000000008E-002 -0.44600000000000001       5.29610711999999994E-004   7.5433683269599276
  4.00000000000000008E-002 -0.44200000000000000       5.63635928000000026E-004   7.4811020326329860
  4.00000000000000008E-002 -0.43800000000000000       5.98497223999999999E-004   7.4210886712393256
  4.00000000000000008E-002 -0.43400000000000000       6.32793056000000085E-004   7.3653671150223659
  4.00000000000000008E-002 -0.42999999999999999       6.68431991999999977E-004   7.3105758988337008
  4.00000000000000008E-002 -0.42599999999999999       7.06525279999999914E-004   7.2551515744557911
  4.00000000000000008E-002 -0.42199999999999999       7.46542735999999982E-004   7.2000576941306944
  4.00000000000000008E-002 -0.41799999999999998       7.86518872000000033E-004   7.1478938408396377
  4.00000000000000008E-002 -0.41399999999999998       8.28143039999999992E-004   7.0963246648760148
  4.00000000000000008E-002 -0.40999999999999998       8.72121328000000106E-004   7.0445820061193558
  4.00000000000000008E-002 -0.40600000000000003       9.17342975999999922E-004   6.9940291360064890
  4.00000000000000008E-002 -0.40200000000000002       9.65298079999999965E-004   6.9430736131306405
  4.00000000000000008E-002 -0.39800000000000002       1.01433808800000013E-003   6.8935190092669378
  4.00000000000000008E-002 -0.39400000000000002       1.06425395199999991E-003   6.8454812398497058
  4.00000000000000008E-002 -0.39000000000000001       1.11571618400000002E-003   6.7982587627788522
  4.00000000000000008E-002 -0.38600000000000001       1.16879536000000011E-003   6.7517816674193059
  4.00000000000000008E-002 -0.38200000000000001       1.22379125599999996E-003   6.7058016519196855
  4.00000000000000008E-002 -0.37800000000000000       1.27960241599999998E-003   6.6612058618006653
  4.00000000000000008E-002 -0.37400000000000000       1.33652362399999994E-003   6.6176833465220657
  4.00000000000000008E-002 -0.37000000000000000       1.39435996800000000E-003   6.5753197732927804
  4.00000000000000008E-002 -0.36599999999999999       1.45536491199999983E-003   6.5324986111779699
  4.00000000000000008E-002 -0.36199999999999999       1.51743257600000007E-003   6.4907354669896993
  4.00000000000000008E-002 -0.35799999999999998       1.58113991200000011E-003   6.4496092287816538
  4.00000000000000008E-002 -0.35399999999999998       1.64710716800000006E-003   6.4087347612939105
  4.00000000000000008E-002 -0.34999999999999998       1.71584288799999990E-003   6.3678508392175317
  4.00000000000000008E-002 -0.34599999999999997       1.78463320799999992E-003   6.3285423705799024
  4.00000000000000008E-002 -0.34200000000000003       1.85381336800000021E-003   6.2905104814146551
  4.00000000000000008E-002 -0.33800000000000002       1.92395113600000024E-003   6.2533743241505304
  4.00000000000000008E-002 -0.33400000000000002       1.99569588799999994E-003   6.2167624734223814
  4.00000000000000008E-002 -0.33000000000000002       2.06844322400000008E-003   6.1809590203486211
  4.00000000000000008E-002 -0.32600000000000001       2.14552383999999999E-003   6.1443715419654374
  4.00000000000000008E-002 -0.32200000000000001       2.22318895199999974E-003   6.1088126489617860
  4.00000000000000008E-002 -0.31800000000000000       2.30295050399999994E-003   6.0735641503415438
  4.00000000000000008E-002 -0.31400000000000000       2.38292857600000017E-003   6.0394250536185288
  4.00000000000000008E-002 -0.31000000000000000       2.46325724000000029E-003   6.0062707235596768
  4.00000000000000008E-002 -0.30599999999999999       2.54252740800000026E-003   5.9745966501586594
  4.00000000000000008E-002 -0.30199999999999999       2.62539018400000015E-003   5.9425257524607975
  4.00000000000000008E-002 -0.29799999999999999       2.71115134400000011E-003   5.9103818841293121
  4.00000000000000008E-002 -0.29399999999999998       2.79664598399999992E-003   5.8793344426692773
  4.00000000000000008E-002 -0.28999999999999998       2.88062654400000027E-003   5.8497474584948526
  4.00000000000000008E-002 -0.28599999999999998       2.96782863200000012E-003   5.8199246938884110
  4.00000000000000008E-002 -0.28199999999999997       3.05877242400000001E-003   5.7897416121349599
  4.00000000000000008E-002 -0.27800000000000002       3.14777165600000014E-003   5.7610604872713278
  4.00000000000000008E-002 -0.27400000000000002       3.23886220799999994E-003   5.7325331812230234
  4.00000000000000008E-002 -0.27000000000000002       3.33064858400000012E-003   5.7045882239850227
  4.00000000000000008E-002 -0.26600000000000001       3.42380502400000016E-003   5.6770027662492417
  4.00000000000000008E-002 -0.26200000000000001       3.51455521599999994E-003   5.6508423005597930
  4.00000000000000008E-002 -0.25800000000000001       3.60608773600000010E-003   5.6251318239368171
  4.00000000000000008E-002 -0.25400000000000000       3.69777336799999995E-003   5.6000244329141369
  4.00000000000000008E-002 -0.25000000000000000       3.78973343999999997E-003   5.5754595948150714
  4.00000000000000008E-002 -0.24600000000000000       3.88481583200000037E-003   5.5506797011767786
  4.00000000000000008E-002 -0.24199999999999999       3.97854105600000015E-003   5.5268400957327941
  4.00000000000000008E-002 -0.23799999999999999       4.07501744000000020E-003   5.5028802525438678
  4.00000000000000008E-002 -0.23400000000000001       4.17182434400000055E-003   5.4794018462774492
  4.00000000000000008E-002 -0.23000000000000001       4.26802369599999995E-003   5.4566043935430475
  4.00000000000000008E-002 -0.22600000000000001       4.36434444799999998E-003   5.4342872847035277
  4.00000000000000008E-002 -0.22200000000000000       4.46126880799999938E-003   5.4123220673100070
  4.00000000000000008E-002 -0.21800000000000000       4.56126211200000038E-003   5.3901559148047005
  4.00000000000000008E-002 -0.21400000000000000       4.65681254400000019E-003   5.3694240683151353
  4.00000000000000008E-002 -0.20999999999999999       4.75260833599999970E-003   5.3490616882802327
  4.00000000000000008E-002 -0.20599999999999999       4.84740468000000035E-003   5.3293118347849990
  4.00000000000000008E-002 -0.20200000000000001       4.94385798400000069E-003   5.3096092841584097
  4.00000000000000008E-002 -0.19800000000000001       5.04192293600000049E-003   5.2899677347441649
  4.00000000000000008E-002 -0.19400000000000001       5.13612878400000056E-003   5.2714556381424886
  4.00000000000000008E-002 -0.19000000000000000       5.23512563999999937E-003   5.2523644349476326
  4.00000000000000008E-002 -0.18600000000000000       5.32839329600000040E-003   5.2347055316515592
  4.00000000000000008E-002 -0.18200000000000000       5.42492448000000006E-003   5.2167513003898351
  4.00000000000000008E-002 -0.17799999999999999       5.52139708799999959E-003   5.1991243550642610
  4.00000000000000008E-002 -0.17399999999999999       5.61264388800000041E-003   5.1827333891822542
  4.00000000000000008E-002 -0.17000000000000001       5.70305099999999978E-003   5.1667539841859638
  4.00000000000000008E-002 -0.16600000000000001       5.79487967200000009E-003   5.1507805665129878
  4.00000000000000008E-002 -0.16200000000000001       5.88406700800000061E-003   5.1355070881364782
  4.00000000000000008E-002 -0.15800000000000000       5.97410505600000016E-003   5.1203209738055140
  4.00000000000000008E-002 -0.15400000000000000       6.06321478400000027E-003   5.1055151271530272
  4.00000000000000008E-002 -0.14999999999999999       6.14922752799999979E-003   5.0914288102559571
  4.00000000000000008E-002 -0.14599999999999999       6.23617704799999967E-003   5.0773879369131727
  4.00000000000000008E-002 -0.14199999999999999       6.31872227200000035E-003   5.0642382634148140
  4.00000000000000008E-002 -0.13800000000000001       6.40043289599999919E-003   5.0513896509039924
  4.00000000000000008E-002 -0.13400000000000001       6.47894871999999972E-003   5.0391970163473063
  4.00000000000000008E-002 -0.13000000000000000       6.55720846400000001E-003   5.0271903056179541
  4.00000000000000008E-002 -0.12600000000000000       6.64103360000000038E-003   5.0144876649573655
  4.00000000000000008E-002 -0.12200000000000000       6.71454736799999979E-003   5.0034788573845637
  4.00000000000000008E-002 -0.11799999999999999       6.78624388799999988E-003   4.9928576733897048
  4.00000000000000008E-002 -0.11400000000000000       6.85516873600000055E-003   4.9827523512452752
  4.00000000000000008E-002 -0.11000000000000000       6.92593944000000072E-003   4.9724815769038369
  4.00000000000000008E-002 -0.10600000000000000       6.99460537599999946E-003   4.9626160876097689
  4.00000000000000008E-002 -0.10199999999999999       7.05812369600000017E-003   4.9535760282379728
  4.00000000000000008E-002 -9.80000000000000038E-002  7.12432758399999914E-003   4.9442399314563845
  4.00000000000000008E-002 -9.40000000000000002E-002  7.18503908800000035E-003   4.9357543192432605
  4.00000000000000008E-002 -8.99999999999999967E-002  7.24645981599999957E-003   4.9272422306148087
  4.00000000000000008E-002 -8.59999999999999931E-002  7.30885946399999990E-003   4.9186680414700801
  4.00000000000000008E-002 -8.20000000000000034E-002  7.36620375199999958E-003   4.9108528001960208
  4.00000000000000008E-002 -7.79999999999999999E-002  7.41174665599999942E-003   4.9046891513914277
  4.00000000000000008E-002 -7.39999999999999963E-002  7.45545938399999955E-003   4.8988087117383730
  4.00000000000000008E-002 -7.00000000000000067E-002  7.50283438400000009E-003   4.8924744119661758
  4.00000000000000008E-002 -6.60000000000000031E-002  7.54519169600000039E-003   4.8868447800605583
  4.00000000000000008E-002 -6.19999999999999996E-002  7.59006963999999968E-003   4.8809145123861244
  4.00000000000000008E-002 -5.80000000000000029E-002  7.63062451199999960E-003   4.8755855874939780
  4.00000000000000008E-002 -5.39999999999999994E-002  7.67038095999999971E-003   4.8703889959967936
  4.00000000000000008E-002 -5.00000000000000028E-002  7.70566467999999997E-003   4.8657995478697611
  4.00000000000000008E-002 -4.59999999999999992E-002  7.73835684799999927E-003   4.8615659074580160
  4.00000000000000008E-002 -4.20000000000000026E-002  7.76768112799999973E-003   4.8577835982692381
  4.00000000000000008E-002 -3.79999999999999991E-002  7.79271693599999961E-003   4.8545657076342472
  4.00000000000000008E-002 -3.40000000000000024E-002  7.81806399999999957E-003   4.8513183254079921
  4.00000000000000008E-002 -2.99999999999999989E-002  7.83980211199999943E-003   4.8485416857547019
  4.00000000000000008E-002 -2.59999999999999988E-002  7.86075227200000101E-003   4.8458729682149748
  4.00000000000000008E-002 -2.19999999999999987E-002  7.87473796799999931E-003   4.8440953687287909
  4.00000000000000008E-002 -1.79999999999999986E-002  7.88985608000000033E-003   4.8421773851018735
  4.00000000000000008E-002 -1.40000000000000003E-002  7.90350045600000072E-003   4.8404495219508679
  4.00000000000000008E-002 -1.00000000000000002E-002  7.91505812000000038E-003   4.8389882426565380
  4.00000000000000008E-002 -6.00000000000000012E-003  7.92525790399999965E-003   4.8377004166568254
  4.00000000000000008E-002 -2.00000000000000004E-003  7.93079418399999896E-003   4.8370020990435565
  4.00000000000000008E-002  2.00000000000000004E-003  7.92922232000000012E-003   4.8372003162402093
  4.00000000000000008E-002  6.00000000000000012E-003  7.92510413599999998E-003   4.8377198191158497
  4.00000000000000008E-002  1.00000000000000002E-002  7.92318907200000033E-003   4.8379614935957687
  4.00000000000000008E-002  1.40000000000000003E-002  7.91842288800000127E-003   4.8385632232879043
  4.00000000000000008E-002  1.79999999999999986E-002  7.90677328799999947E-003   4.8400355086200753
  4.00000000000000008E-002  2.19999999999999987E-002  7.89599311200000001E-003   4.8413998491917623
  4.00000000000000008E-002  2.59999999999999988E-002  7.87991968799999984E-003   4.8434375670424599
  4.00000000000000008E-002  2.99999999999999989E-002  7.86082442400000067E-003   4.8458637894918226
  4.00000000000000008E-002  3.40000000000000024E-002  7.84181656800000092E-003   4.8482847663572608
  4.00000000000000008E-002  3.79999999999999991E-002  7.81754338399999991E-003   4.8513849190474208
  4.00000000000000008E-002  4.20000000000000026E-002  7.78708216800000092E-003   4.8552890504974089
  4.00000000000000008E-002  4.59999999999999992E-002  7.75904539200000017E-003   4.8588959688490050
  4.00000000000000008E-002  5.00000000000000028E-002  7.72532712800000094E-003   4.8632511104282559
  4.00000000000000008E-002  5.39999999999999994E-002  7.69497786400000043E-003   4.8671873883685963
  4.00000000000000008E-002  5.80000000000000029E-002  7.65865368000000039E-003   4.8719190704683220
  4.00000000000000008E-002  6.19999999999999996E-002  7.62138922400000095E-003   4.8767966130396596
  4.00000000000000008E-002  6.60000000000000031E-002  7.57496582400000052E-003   4.8829064392800499
  4.00000000000000008E-002  7.00000000000000067E-002  7.52824074399999991E-003   4.8890938974016880
  4.00000000000000008E-002  7.39999999999999963E-002  7.48031164799999992E-003   4.8954808236925560
  4.00000000000000008E-002  7.79999999999999999E-002  7.43087146400000023E-003   4.9021121372246048
  4.00000000000000008E-002  8.20000000000000034E-002  7.38033668800000021E-003   4.9089360197301763
  4.00000000000000008E-002  8.59999999999999931E-002  7.32169420000000019E-003   4.9169135297014614
  4.00000000000000008E-002  8.99999999999999967E-002  7.26545642400000004E-003   4.9246241588816844
  4.00000000000000008E-002  9.40000000000000002E-002  7.20746907200000078E-003   4.9326374195465981
  4.00000000000000008E-002  9.80000000000000038E-002  7.14506496800000005E-003   4.9413333748494832
  4.00000000000000008E-002  0.10199999999999999       7.07941034399999988E-003   4.9505646594906381
  4.00000000000000008E-002  0.10600000000000000       7.01434725600000048E-003   4.9597976195076443
  4.00000000000000008E-002  0.11000000000000000       6.94845729599999958E-003   4.9692356158433837
  4.00000000000000008E-002  0.11400000000000000       6.87726107999999964E-003   4.9795348051364732
  4.00000000000000008E-002  0.11799999999999999       6.80154928000000023E-003   4.9906048574564776
  4.00000000000000008E-002  0.12200000000000000       6.72884443199999946E-003   5.0013518540802089
  4.00000000000000008E-002  0.12600000000000000       6.65377738399999981E-003   5.0125705579118511
  4.00000000000000008E-002  0.13000000000000000       6.58059950400000006E-003   5.0236294277647824
  4.00000000000000008E-002  0.13400000000000001       6.49937876799999963E-003   5.0360486808018923
  4.00000000000000008E-002  0.13800000000000001       6.42050769599999960E-003   5.0482580840331233
  4.00000000000000008E-002  0.14199999999999999       6.33816395999999959E-003   5.0611661486885948
  4.00000000000000008E-002  0.14599999999999999       6.25918775999999982E-003   5.0737048530872153
  4.00000000000000008E-002  0.14999999999999999       6.17652724800000011E-003   5.0869990994371914
  4.00000000000000008E-002  0.15400000000000000       6.09026927199999950E-003   5.1010629828026657
  4.00000000000000008E-002  0.15800000000000000       6.00148816800000033E-003   5.1157478125079416
  4.00000000000000008E-002  0.16200000000000001       5.91562618399999948E-003   5.1301579234186931
  4.00000000000000008E-002  0.16600000000000001       5.82191846400000046E-003   5.1461254385661173
  4.00000000000000008E-002  0.17000000000000001       5.72929577600000007E-003   5.1621626570301036
  4.00000000000000008E-002  0.17399999999999999       5.64151627999999981E-003   5.1776024056326033
  4.00000000000000008E-002  0.17799999999999999       5.55353709600000037E-003   5.1933202396279006
  4.00000000000000008E-002  0.18200000000000000       5.45997536799999999E-003   5.2103110005908109
  4.00000000000000008E-002  0.18600000000000000       5.36810500799999972E-003   5.2272803176560991
  4.00000000000000008E-002  0.19000000000000000       5.27403891200000068E-003   5.2449588129971074
  4.00000000000000008E-002  0.19400000000000001       5.18238928000000054E-003   5.2624890780890210
  4.00000000000000008E-002  0.19800000000000001       5.08727736000000059E-003   5.2810124913331773
  4.00000000000000008E-002  0.20200000000000001       4.99437503199999955E-003   5.2994429934283387
  4.00000000000000008E-002  0.20599999999999999       4.89485111999999993E-003   5.3195714181710869
  4.00000000000000008E-002  0.20999999999999999       4.79476136800000008E-003   5.3402313387256042
  4.00000000000000008E-002  0.21400000000000000       4.69608231200000035E-003   5.3610266685009282
  4.00000000000000008E-002  0.21800000000000000       4.59772930399999970E-003   5.3821927269274878
  4.00000000000000008E-002  0.22200000000000000       4.50135295999999976E-003   5.4033772696165778
  4.00000000000000008E-002  0.22600000000000001       4.40356525600000062E-003   5.4253407807074083
  4.00000000000000008E-002  0.23000000000000001       4.30771451199999950E-003   5.4473477911503805
  4.00000000000000008E-002  0.23400000000000001       4.21190867200000024E-003   5.4698393677564994
  4.00000000000000008E-002  0.23799999999999999       4.11820029599999950E-003   5.4923390324141685
  4.00000000000000008E-002  0.24199999999999999       4.02366976800000008E-003   5.5155609151586269
  4.00000000000000008E-002  0.24600000000000000       3.92608583199999944E-003   5.5401123209114225
  4.00000000000000008E-002  0.25000000000000000       3.83157077600000022E-003   5.5644804355855735
  4.00000000000000008E-002  0.25400000000000000       3.73467887199999994E-003   5.5900934421391959
  4.00000000000000008E-002  0.25800000000000001       3.64123530400000013E-003   5.6154322856754311
  4.00000000000000008E-002  0.26200000000000001       3.54832584800000026E-003   5.6412793788420217
  4.00000000000000008E-002  0.26600000000000001       3.45506975199999988E-003   5.6679126332542813
  4.00000000000000008E-002  0.27000000000000002       3.36309824000000004E-003   5.6948926346375837
  4.00000000000000008E-002  0.27400000000000002       3.27090120000000017E-003   5.7226897357123923
  4.00000000000000008E-002  0.27800000000000002       3.18179460799999968E-003   5.7503098992328257
  4.00000000000000008E-002  0.28199999999999997       3.09206666400000003E-003   5.7789155883341392
  4.00000000000000008E-002  0.28599999999999998       3.00337737600000002E-003   5.8080178315426298
  4.00000000000000008E-002  0.28999999999999998       2.91597488799999992E-003   5.8375510766697891
  4.00000000000000008E-002  0.29399999999999998       2.82975200000000005E-003   5.8675662036757776
  4.00000000000000008E-002  0.29799999999999999       2.74431523200000015E-003   5.8982236952502811
  4.00000000000000008E-002  0.30199999999999999       2.65902496799999988E-003   5.9297957767691010
  4.00000000000000008E-002  0.30599999999999999       2.57615624799999990E-003   5.9614568172999842
  4.00000000000000008E-002  0.31000000000000000       2.49187193600000027E-003   5.9947210694255979
  4.00000000000000008E-002  0.31400000000000000       2.40983956799999989E-003   6.0281951029900132
  4.00000000000000008E-002  0.31800000000000000       2.33106039999999995E-003   6.0614320076383059
  4.00000000000000008E-002  0.32200000000000001       2.25327322400000005E-003   6.0953713536908225
  4.00000000000000008E-002  0.32600000000000001       2.17715800000000022E-003   6.1297349224225615
  4.00000000000000008E-002  0.33000000000000002       2.09910739199999996E-003   6.1662430760412956
  4.00000000000000008E-002  0.33400000000000002       2.02482534399999999E-003   6.2022718320199122
  4.00000000000000008E-002  0.33800000000000002       1.95285977600000008E-003   6.2384604289484411
  4.00000000000000008E-002  0.34200000000000003       1.88022601599999997E-003   6.2763632880896818
  4.00000000000000008E-002  0.34599999999999997       1.80892753599999991E-003   6.3150211308616280
  4.00000000000000008E-002  0.34999999999999998       1.74014744000000024E-003   6.3537854337133766
  4.00000000000000008E-002  0.35399999999999998       1.67440694400000016E-003   6.3922962396838932
  4.00000000000000008E-002  0.35799999999999998       1.60752466399999988E-003   6.4330597588908880
  4.00000000000000008E-002  0.36199999999999999       1.54096804800000001E-003   6.4753444574470524
  4.00000000000000008E-002  0.36599999999999999       1.47658103999999987E-003   6.5180259717304638
  4.00000000000000008E-002  0.37000000000000000       1.41599932800000002E-003   6.5599197582869930
  4.00000000000000008E-002  0.37400000000000000       1.35671530400000018E-003   6.6026887182241101
  4.00000000000000008E-002  0.37800000000000000       1.29917959199999994E-003   6.6460222968083134
  4.00000000000000008E-002  0.38200000000000001       1.24332576799999995E-003   6.6899654187315329
  4.00000000000000008E-002  0.38600000000000001       1.18861149599999998E-003   6.7349694631955987
  4.00000000000000008E-002  0.39000000000000001       1.13418776800000001E-003   6.7818385071365590
  4.00000000000000008E-002  0.39400000000000002       1.07997786399999999E-003   6.8308147343523569
  4.00000000000000008E-002  0.39800000000000002       1.02922747200000003E-003   6.8789467853361668
  4.00000000000000008E-002  0.40200000000000002       9.79973479999999902E-004   6.9279850478903082
  4.00000000000000008E-002  0.40600000000000003       9.30747679999999991E-004   6.9795223378280378
  4.00000000000000008E-002  0.40999999999999998       8.86109632000000019E-004   7.0286698768651421
  4.00000000000000008E-002  0.41399999999999998       8.43073856000000005E-004   7.0784559928866262
  4.00000000000000008E-002  0.41799999999999998       8.01506016000000051E-004   7.1290180800164480
  4.00000000000000008E-002  0.42199999999999999       7.61378416000000019E-004   7.1803800621980871
  4.00000000000000008E-002  0.42599999999999999       7.21632911999999980E-004   7.2339939804998563
  4.00000000000000008E-002  0.42999999999999999       6.84220888000000062E-004   7.2872297568017101
  4.00000000000000008E-002  0.43400000000000000       6.46051352000000028E-004   7.3446315650809524
  4.00000000000000008E-002  0.43800000000000000       6.11402600000000027E-004   7.3997548959814168
  4.00000000000000008E-002  0.44200000000000000       5.78109848000000017E-004   7.4557466589059080
  4.00000000000000008E-002  0.44600000000000001       5.45299016000000002E-004   7.5141762605451650
  4.00000000000000008E-002  0.45000000000000001       5.14393832000000070E-004   7.5725213757814931
  4.00000000000000008E-002  0.45400000000000001       4.84839776000000027E-004   7.6316920803701542
  4.00000000000000008E-002  0.45800000000000002       4.56618496000000022E-004   7.6916623165856368
  4.00000000000000008E-002  0.46200000000000002       4.29347679999999947E-004   7.7532435243773241
  4.00000000000000008E-002  0.46600000000000003       4.01606679999999983E-004   7.8200373562589540
  4.00000000000000008E-002  0.46999999999999997       3.76918303999999990E-004   7.8834820942644104
  4.00000000000000008E-002  0.47399999999999998       3.52657647999999994E-004   7.9500128073199559
  4.00000000000000008E-002  0.47799999999999998       3.29995304000000006E-004   8.0164321339080296
  4.00000000000000008E-002  0.48199999999999998       3.07227191999999969E-004   8.0879230449830342
  4.00000000000000008E-002  0.48599999999999999       2.86286767999999984E-004   8.1585165641828823
  4.00000000000000008E-002  0.48999999999999999       2.66904503999999983E-004   8.2286196264620113
  4.00000000000000008E-002  0.49399999999999999       2.48352319999999992E-004   8.3006621747996245
  4.00000000000000008E-002  0.49800000000000000       2.30705823999999981E-004   8.3743671481964075
  4.00000000000000008E-002  0.50200000000000000       2.13821032000000033E-004   8.4503711919009969
  4.00000000000000008E-002  0.50600000000000001       1.97378936000000007E-004   8.5303851438520262
  4.00000000000000008E-002  0.51000000000000001       1.82107408000000006E-004   8.6109138911136238
  4.00000000000000008E-002  0.51400000000000001       1.67230583999999980E-004   8.6961369553809647
  4.00000000000000008E-002  0.51800000000000002       1.53875640000000004E-004   8.7793658142481590
  4.00000000000000008E-002  0.52200000000000002       1.41399632000000001E-004   8.8639204070511575
  4.00000000000000008E-002  0.52600000000000002       1.29949607999999982E-004   8.9483638134261501
  4.00000000000000008E-002  0.53000000000000003       1.19237728000000015E-004   9.0343913433446552
  4.00000000000000008E-002  0.53400000000000003       1.09509488000000000E-004   9.1194993640596476
  4.00000000000000008E-002  0.53800000000000003       1.00242775999999996E-004   9.2079155542244049
  4.00000000000000008E-002  0.54200000000000004       9.12490320000000009E-005   9.3019181737771195
  4.00000000000000008E-002  0.54600000000000004       8.23053119999999922E-005   9.4050749080142069
  4.00000000000000008E-002  0.55000000000000004       7.48395519999999961E-005   9.5001640426799892
  4.00000000000000008E-002  0.55400000000000005       6.75816000000000036E-005   9.6021748013147121
  4.00000000000000008E-002  0.55800000000000005       6.10857760000000049E-005   9.7032315175792174
  4.00000000000000008E-002  0.56200000000000006       5.60321680000000011E-005   9.7895846035786338
  4.00000000000000008E-002  0.56599999999999995       5.09201840000000037E-005   9.8852511707702071
  4.00000000000000008E-002  0.56999999999999995       4.60611840000000017E-005   9.9855399583007287
  4.00000000000000008E-002  0.57399999999999995       4.13836079999999965E-005   10.092625697567733
  4.00000000000000008E-002  0.57799999999999996       3.70161760000000008E-005   10.204155551670210
  4.00000000000000008E-002  0.58199999999999996       3.34406719999999965E-005   10.305737674255909
  4.00000000000000008E-002  0.58599999999999997       3.00046560000000005E-005   10.414157988344392
  4.00000000000000008E-002  0.58999999999999997       2.66085680000000005E-005   10.534277288778226
  4.00000000000000008E-002  0.59399999999999997       2.35850319999999995E-005   10.654898284434397
  4.00000000000000008E-002  0.59799999999999998       2.07439679999999991E-005   10.783255052343833
  4.00000000000000008E-002  0.60199999999999998       1.84508559999999994E-005   10.900399792890028
  4.00000000000000008E-002  0.60599999999999998       1.63210959999999977E-005   11.023052053820489
  4.00000000000000008E-002  0.60999999999999999       1.42961759999999998E-005   11.155518469046946
  4.00000000000000008E-002  0.61399999999999999       1.24355359999999999E-005   11.294952377496326
  4.00000000000000008E-002  0.61799999999999999       1.08759920000000003E-005   11.428952766758867
  4.00000000000000008E-002  0.62200000000000000       9.50412800000000097E-006   11.563784327421210
  4.00000000000000008E-002  0.62600000000000000       8.27576000000000020E-006   11.702179798018147
  4.00000000000000008E-002  0.63000000000000000       7.28691199999999997E-006   11.829430695649309
  4.00000000000000008E-002  0.63400000000000001       6.14975200000000034E-006   11.999098802162182
  4.00000000000000008E-002  0.63800000000000001       5.14962399999999961E-006   12.176586855662705
  4.00000000000000008E-002  0.64200000000000002       4.38150399999999958E-006   12.338118513521561
  4.00000000000000008E-002  0.64600000000000002       3.70554400000000030E-006   12.505680481384502
  4.00000000000000008E-002  0.65000000000000002       3.16667999999999998E-006   12.662826837508437
  4.00000000000000008E-002  0.65400000000000003       2.66081600000000002E-006   12.836877715296723
  4.00000000000000008E-002  0.65800000000000003       2.25454400000000013E-006   13.002562822753207
  4.00000000000000008E-002  0.66200000000000003       1.90107199999999975E-006   13.173092620372479
  4.00000000000000008E-002  0.66600000000000004       1.64103999999999988E-006   13.320180370772530
  4.00000000000000008E-002  0.67000000000000004       1.42279999999999996E-006   13.462883796872111
  4.00000000000000008E-002  0.67400000000000004       1.17485600000000002E-006   13.654364971069898
  4.00000000000000008E-002  0.67800000000000005       9.97559999999999941E-007   13.817953539615415
  4.00000000000000008E-002  0.68200000000000005       8.21376000000000062E-007   14.012284854258416
  4.00000000000000008E-002  0.68600000000000005       6.45320000000000011E-007   14.253519519148467
  4.00000000000000008E-002  0.68999999999999995       5.15088000000000039E-007   14.478928077093530
  4.00000000000000008E-002  0.69399999999999995       3.60703999999999998E-007   14.835208159550305
  4.00000000000000008E-002  0.69799999999999995       2.82767999999999981E-007   15.078639063498970
  4.00000000000000008E-002  0.70199999999999996       1.89864000000000012E-007   15.476957810559206
  4.00000000000000008E-002  0.70599999999999996       1.36912000000000002E-007   15.803927453270711
  4.00000000000000008E-002  0.70999999999999996       1.11663999999999987E-007   16.007771474671614
  4.00000000000000008E-002  0.71399999999999997       9.25200000000000106E-008   16.195840999583172
  4.00000000000000008E-002  0.71799999999999997       6.75679999999999999E-008   16.510131338754825
  4.00000000000000008E-002  0.72199999999999998       4.08239999999999955E-008   17.013995693184739
  4.00000000000000008E-002  0.72599999999999998       2.72239999999999995E-008   17.419166899747808
  4.00000000000000008E-002  0.72999999999999998       1.64880000000000018E-008   17.920632993358254
  4.00000000000000008E-002  0.73399999999999999       8.33599999999999934E-009   18.602682351935400
  4.00000000000000008E-002  0.73799999999999999       2.61600000000000007E-009   19.761619403351460
  4.00000000000000008E-002  0.74199999999999999       3.17600000000000020E-009   19.567643293561520
  4.00000000000000008E-002  0.74600000000000000       1.94399999999999990E-009   20.058518130908165
  4.00000000000000008E-002  0.75000000000000000       9.75999999999999938E-010   20.747558529515455
  4.00000000000000008E-002  0.75400000000000000        0.0000000000000000                      +Infinity
  4.00000000000000008E-002  0.75800000000000001        0.0000000000000000                      +Infinity
  4.00000000000000008E-002  0.76200000000000001        0.0000000000000000                      +Infinity
  4.00000000000000008E-002  0.76600000000000001        0.0000000000000000                      +Infinity
  4.00000000000000008E-002  0.77000000000000002        0.0000000000000000                      +Infinity
  4.00000000000000008E-002  0.77400000000000002        0.0000000000000000                      +Infinity
  4.00000000000000008E-002  0.77800000000000002        0.0000000000000000                      +Infinity
  4.00000000000000008E-002  0.78200000000000003        0.0000000000000000                      +Infinity
  4.00000000000000008E-002  0.78600000000000003        0.0000000000000000                      +Infinity
  4.00000000000000008E-002  0.79000000000000004        0.0000000000000000                      +Infinity
  4.00000000000000008E-002  0.79400000000000004        0.0000000000000000                      +Infinity
  4.00000000000000008E-002  0.79800000000000004        0.0000000000000000                      +Infinity
  4.00000000000000008E-002  0.80200000000000005        0.0000000000000000                      +Infinity
  4.00000000000000008E-002  0.80600000000000005        0.0000000000000000                      +Infinity
  4.00000000000000008E-002  0.81000000000000005        0.0000000000000000                      +Infinity
  4.00000000000000008E-002  0.81399999999999995        0.0000000000000000                      +Infinity
  4.00000000000000008E-002  0.81799999999999995        0.0000000000000000                      +Infinity
  4.00000000000000008E-002  0.82199999999999995        0.0000000000000000                      +Infinity
  4.00000000000000008E-002  0.82599999999999996        0.0000000000000000                      +Infinity
  4.00000000000000008E-002  0.82999999999999996        0.0000000000000000                      +Infinity
  4.00000000000000008E-002  0.83399999999999996        0.0000000000000000                      +Infinity
  4.00000000000000008E-002  0.83799999999999997        0.0000000000000000                      +Infinity
  4.00000000000000008E-002  0.84199999999999997        0.0000000000000000                      +Infinity
  4.00000000000000008E-002  0.84599999999999997        0.0000000000000000                      +Infinity
  4.00000000000000008E-002  0.84999999999999998        0.0000000000000000                      +Infinity
  4.00000000000000008E-002  0.85399999999999998        0.0000000000000000                      +Infinity
  4.00000000000000008E-002  0.85799999999999998        0.0000000000000000                      +Infinity
  4.00000000000000008E-002  0.86199999999999999        0.0000000000000000                      +Infinity
  4.00000000000000008E-002  0.86599999999999999        0.0000000000000000                      +Infinity
  4.00000000000000008E-002  0.87000000000000000        0.0000000000000000                      +Infinity
  4.00000000000000008E-002  0.87400000000000000        0.0000000000000000                      +Infinity
  4.00000000000000008E-002  0.87800000000000000        0.0000000000000000                      +Infinity
  4.00000000000000008E-002  0.88200000000000001        0.0000000000000000                      +Infinity
  4.00000000000000008E-002  0.88600000000000001        0.0000000000000000                      +Infinity
  4.00000000000000008E-002  0.89000000000000001        0.0000000000000000                      +Infinity
  4.00000000000000008E-002  0.89400000000000002        0.0000000000000000                      +Infinity
  4.00000000000000008E-002  0.89800000000000002        0.0000000000000000                      +Infinity
  4.00000000000000008E-002  0.90200000000000002        0.0000000000000000                      +Infinity
  4.00000000000000008E-002  0.90600000000000003        0.0000000000000000                      +Infinity
  4.00000000000000008E-002  0.91000000000000003        0.0000000000000000                      +Infinity
  4.00000000000000008E-002  0.91400000000000003        0.0000000000000000                      +Infinity
  4.00000000000000008E-002  0.91800000000000004        0.0000000000000000                      +Infinity
  4.00000000000000008E-002  0.92200000000000004        0.0000000000000000                      +Infinity
  4.00000000000000008E-002  0.92600000000000005        0.0000000000000000                      +Infinity
  4.00000000000000008E-002  0.93000000000000005        0.0000000000000000                      +Infinity
  4.00000000000000008E-002  0.93400000000000005        0.0000000000000000                      +Infinity
  4.00000000000000008E-002  0.93799999999999994        0.0000000000000000                      +Infinity
  4.00000000000000008E-002  0.94199999999999995        0.0000000000000000                      +Infinity
  4.00000000000000008E-002  0.94599999999999995        0.0000000000000000                      +Infinity
  4.00000000000000008E-002  0.94999999999999996        0.0000000000000000                      +Infinity
  4.00000000000000008E-002  0.95399999999999996        0.0000000000000000                      +Infinity
  4.00000000000000008E-002  0.95799999999999996        0.0000000000000000                      +Infinity
  4.00000000000000008E-002  0.96199999999999997        0.0000000000000000                      +Infinity
  4.00000000000000008E-002  0.96599999999999997        0.0000000000000000                      +Infinity
  4.00000000000000008E-002  0.96999999999999997        0.0000000000000000                      +Infinity
  4.00000000000000008E-002  0.97399999999999998        0.0000000000000000                      +Infinity
  4.00000000000000008E-002  0.97799999999999998        0.0000000000000000                      +Infinity
  4.00000000000000008E-002  0.98199999999999998        0.0000000000000000                      +Infinity
  4.00000000000000008E-002  0.98599999999999999        0.0000000000000000                      +Infinity
  4.00000000000000008E-002  0.98999999999999999        0.0000000000000000                      +Infinity
  4.00000000000000008E-002  0.99399999999999999        0.0000000000000000                      +Infinity
  4.00000000000000008E-002  0.99800000000000000        0.0000000000000000                      +Infinity
