  6.30957344480193305E-002 -0.99800000000000000        0.0000000000000000                      +Infinity
  6.30957344480193305E-002 -0.99399999999999999        0.0000000000000000                      +Infinity
  6.30957344480193305E-002 -0.98999999999999999        0.0000000000000000                      +Infinity
  6.30957344480193305E-002 -0.98599999999999999        0.0000000000000000                      +Infinity
  6.30957344480193305E-002 -0.98199999999999998        0.0000000000000000                      +Infinity
  6.30957344480193305E-002 -0.97799999999999998        0.0000000000000000                      +Infinity
  6.30957344480193305E-002 -0.97399999999999998        0.0000000000000000                      +Infinity
  6.30957344480193305E-002 -0.96999999999999997        0.0000000000000000                      +Infinity
  6.30957344480193305E-002 -0.96599999999999997        0.0000000000000000                      +Infinity
  6.30957344480193305E-002 -0.96199999999999997        0.0000000000000000                      +Infinity
  6.30957344480193305E-002 -0.95799999999999996        0.0000000000000000                      +Infinity
  6.30957344480193305E-002 -0.95399999999999996        0.0000000000000000                      +Infinity
  6.30957344480193305E-002 -0.94999999999999996        0.0000000000000000                      +Infinity
  6.30957344480193305E-002 -0.94599999999999995        0.0000000000000000                      +Infinity
  6.30957344480193305E-002 -0.94199999999999995        0.0000000000000000                      +Infinity
  6.30957344480193305E-002 -0.93799999999999994        0.0000000000000000                      +Infinity
  6.30957344480193305E-002 -0.93400000000000005        0.0000000000000000                      +Infinity
  6.30957344480193305E-002 -0.93000000000000005        0.0000000000000000                      +Infinity
  6.30957344480193305E-002 -0.92600000000000005        0.0000000000000000                      +Infinity
  6.30957344480193305E-002 -0.92200000000000004        0.0000000000000000                      +Infinity
  6.30957344480193305E-002 -0.91800000000000004        0.0000000000000000                      +Infinity
  6.30957344480193305E-002 -0.91400000000000003        0.0000000000000000                      +Infinity
  6.30957344480193305E-002 -0.91000000000000003        0.0000000000000000                      +Infinity
  6.30957344480193305E-002 -0.90600000000000003        0.0000000000000000                      +Infinity
  6.30957344480193305E-002 -0.90200000000000002        0.0000000000000000                      +Infinity
  6.30957344480193305E-002 -0.89800000000000002        0.0000000000000000                      +Infinity
  6.30957344480193305E-002 -0.89400000000000002        0.0000000000000000                      +Infinity
  6.30957344480193305E-002 -0.89000000000000001        0.0000000000000000                      +Infinity
  6.30957344480193305E-002 -0.88600000000000001        0.0000000000000000                      +Infinity
  6.30957344480193305E-002 -0.88200000000000001        0.0000000000000000                      +Infinity
  6.30957344480193305E-002 -0.87800000000000000        0.0000000000000000                      +Infinity
  6.30957344480193305E-002 -0.87400000000000000        0.0000000000000000                      +Infinity
  6.30957344480193305E-002 -0.87000000000000000        0.0000000000000000                      +Infinity
  6.30957344480193305E-002 -0.86599999999999999        0.0000000000000000                      +Infinity
  6.30957344480193305E-002 -0.86199999999999999        0.0000000000000000                      +Infinity
  6.30957344480193305E-002 -0.85799999999999998        0.0000000000000000                      +Infinity
  6.30957344480193305E-002 -0.85399999999999998        0.0000000000000000                      +Infinity
  6.30957344480193305E-002 -0.84999999999999998        0.0000000000000000                      +Infinity
  6.30957344480193305E-002 -0.84599999999999997        0.0000000000000000                      +Infinity
  6.30957344480193305E-002 -0.84199999999999997        0.0000000000000000                      +Infinity
  6.30957344480193305E-002 -0.83799999999999997        0.0000000000000000                      +Infinity
  6.30957344480193305E-002 -0.83399999999999996        0.0000000000000000                      +Infinity
  6.30957344480193305E-002 -0.82999999999999996        0.0000000000000000                      +Infinity
  6.30957344480193305E-002 -0.82599999999999996        0.0000000000000000                      +Infinity
  6.30957344480193305E-002 -0.82199999999999995        0.0000000000000000                      +Infinity
  6.30957344480193305E-002 -0.81799999999999995        0.0000000000000000                      +Infinity
  6.30957344480193305E-002 -0.81399999999999995        0.0000000000000000                      +Infinity
  6.30957344480193305E-002 -0.81000000000000005        0.0000000000000000                      +Infinity
  6.30957344480193305E-002 -0.80600000000000005        0.0000000000000000                      +Infinity
  6.30957344480193305E-002 -0.80200000000000005        0.0000000000000000                      +Infinity
  6.30957344480193305E-002 -0.79800000000000004        0.0000000000000000                      +Infinity
  6.30957344480193305E-002 -0.79400000000000004        0.0000000000000000                      +Infinity
  6.30957344480193305E-002 -0.79000000000000004        0.0000000000000000                      +Infinity
  6.30957344480193305E-002 -0.78600000000000003        0.0000000000000000                      +Infinity
  6.30957344480193305E-002 -0.78200000000000003        0.0000000000000000                      +Infinity
  6.30957344480193305E-002 -0.77800000000000002        0.0000000000000000                      +Infinity
  6.30957344480193305E-002 -0.77400000000000002        0.0000000000000000                      +Infinity
  6.30957344480193305E-002 -0.77000000000000002        0.0000000000000000                      +Infinity
  6.30957344480193305E-002 -0.76600000000000001        0.0000000000000000                      +Infinity
  6.30957344480193305E-002 -0.76200000000000001        0.0000000000000000                      +Infinity
  6.30957344480193305E-002 -0.75800000000000001        0.0000000000000000                      +Infinity
  6.30957344480193305E-002 -0.75400000000000000        0.0000000000000000                      +Infinity
  6.30957344480193305E-002 -0.75000000000000000        0.0000000000000000                      +Infinity
  6.30957344480193305E-002 -0.74600000000000000        0.0000000000000000                      +Infinity
  6.30957344480193305E-002 -0.74199999999999999        0.0000000000000000                      +Infinity
  6.30957344480193305E-002 -0.73799999999999999        0.0000000000000000                      +Infinity
  6.30957344480193305E-002 -0.73399999999999999        0.0000000000000000                      +Infinity
  6.30957344480193305E-002 -0.72999999999999998        0.0000000000000000                      +Infinity
  6.30957344480193305E-002 -0.72599999999999998        0.0000000000000000                      +Infinity
  6.30957344480193305E-002 -0.72199999999999998        0.0000000000000000                      +Infinity
  6.30957344480193305E-002 -0.71799999999999997        0.0000000000000000                      +Infinity
  6.30957344480193305E-002 -0.71399999999999997        0.0000000000000000                      +Infinity
  6.30957344480193305E-002 -0.70999999999999996        0.0000000000000000                      +Infinity
  6.30957344480193305E-002 -0.70599999999999996        0.0000000000000000                      +Infinity
  6.30957344480193305E-002 -0.70199999999999996        0.0000000000000000                      +Infinity
  6.30957344480193305E-002 -0.69799999999999995        0.0000000000000000                      +Infinity
  6.30957344480193305E-002 -0.69399999999999995        0.0000000000000000                      +Infinity
  6.30957344480193305E-002 -0.68999999999999995        0.0000000000000000                      +Infinity
  6.30957344480193305E-002 -0.68600000000000005        0.0000000000000000                      +Infinity
  6.30957344480193305E-002 -0.68200000000000005        0.0000000000000000                      +Infinity
  6.30957344480193305E-002 -0.67800000000000005        0.0000000000000000                      +Infinity
  6.30957344480193305E-002 -0.67400000000000004        0.0000000000000000                      +Infinity
  6.30957344480193305E-002 -0.67000000000000004        0.0000000000000000                      +Infinity
  6.30957344480193305E-002 -0.66600000000000004        0.0000000000000000                      +Infinity
  6.30957344480193305E-002 -0.66200000000000003        0.0000000000000000                      +Infinity
  6.30957344480193305E-002 -0.65800000000000003        0.0000000000000000                      +Infinity
  6.30957344480193305E-002 -0.65400000000000003        0.0000000000000000                      +Infinity
  6.30957344480193305E-002 -0.65000000000000002        0.0000000000000000                      +Infinity
  6.30957344480193305E-002 -0.64600000000000002        0.0000000000000000                      +Infinity
  6.30957344480193305E-002 -0.64200000000000002        0.0000000000000000                      +Infinity
  6.30957344480193305E-002 -0.63800000000000001        0.0000000000000000                      +Infinity
  6.30957344480193305E-002 -0.63400000000000001        0.0000000000000000                      +Infinity
  6.30957344480193305E-002 -0.63000000000000000        0.0000000000000000                      +Infinity
  6.30957344480193305E-002 -0.62600000000000000        0.0000000000000000                      +Infinity
  6.30957344480193305E-002 -0.62200000000000000        0.0000000000000000                      +Infinity
  6.30957344480193305E-002 -0.61799999999999999        0.0000000000000000                      +Infinity
  6.30957344480193305E-002 -0.61399999999999999        0.0000000000000000                      +Infinity
  6.30957344480193305E-002 -0.60999999999999999        0.0000000000000000                      +Infinity
  6.30957344480193305E-002 -0.60599999999999998        0.0000000000000000                      +Infinity
  6.30957344480193305E-002 -0.60199999999999998        0.0000000000000000                      +Infinity
  6.30957344480193305E-002 -0.59799999999999998        0.0000000000000000                      +Infinity
  6.30957344480193305E-002 -0.59399999999999997        0.0000000000000000                      +Infinity
  6.30957344480193305E-002 -0.58999999999999997        0.0000000000000000                      +Infinity
  6.30957344480193305E-002 -0.58599999999999997        0.0000000000000000                      +Infinity
  6.30957344480193305E-002 -0.58199999999999996        0.0000000000000000                      +Infinity
  6.30957344480193305E-002 -0.57799999999999996        0.0000000000000000                      +Infinity
  6.30957344480193305E-002 -0.57399999999999995        0.0000000000000000                      +Infinity
  6.30957344480193305E-002 -0.56999999999999995        0.0000000000000000                      +Infinity
  6.30957344480193305E-002 -0.56599999999999995        0.0000000000000000                      +Infinity
  6.30957344480193305E-002 -0.56200000000000006        0.0000000000000000                      +Infinity
  6.30957344480193305E-002 -0.55800000000000005        0.0000000000000000                      +Infinity
  6.30957344480193305E-002 -0.55400000000000005        0.0000000000000000                      +Infinity
  6.30957344480193305E-002 -0.55000000000000004        0.0000000000000000                      +Infinity
  6.30957344480193305E-002 -0.54600000000000004        0.0000000000000000                      +Infinity
  6.30957344480193305E-002 -0.54200000000000004        0.0000000000000000                      +Infinity
  6.30957344480193305E-002 -0.53800000000000003        0.0000000000000000                      +Infinity
  6.30957344480193305E-002 -0.53400000000000003        0.0000000000000000                      +Infinity
  6.30957344480193305E-002 -0.53000000000000003        0.0000000000000000                      +Infinity
  6.30957344480193305E-002 -0.52600000000000002        0.0000000000000000                      +Infinity
  6.30957344480193305E-002 -0.52200000000000002        0.0000000000000000                      +Infinity
  6.30957344480193305E-002 -0.51800000000000002        0.0000000000000000                      +Infinity
  6.30957344480193305E-002 -0.51400000000000001        0.0000000000000000                      +Infinity
  6.30957344480193305E-002 -0.51000000000000001        0.0000000000000000                      +Infinity
  6.30957344480193305E-002 -0.50600000000000001        0.0000000000000000                      +Infinity
  6.30957344480193305E-002 -0.50200000000000000        0.0000000000000000                      +Infinity
  6.30957344480193305E-002 -0.49800000000000000        0.0000000000000000                      +Infinity
  6.30957344480193305E-002 -0.49399999999999999        0.0000000000000000                      +Infinity
  6.30957344480193305E-002 -0.48999999999999999        0.0000000000000000                      +Infinity
  6.30957344480193305E-002 -0.48599999999999999        0.0000000000000000                      +Infinity
  6.30957344480193305E-002 -0.48199999999999998        0.0000000000000000                      +Infinity
  6.30957344480193305E-002 -0.47799999999999998        0.0000000000000000                      +Infinity
  6.30957344480193305E-002 -0.47399999999999998        0.0000000000000000                      +Infinity
  6.30957344480193305E-002 -0.46999999999999997        0.0000000000000000                      +Infinity
  6.30957344480193305E-002 -0.46600000000000003        0.0000000000000000                      +Infinity
  6.30957344480193305E-002 -0.46200000000000002        0.0000000000000000                      +Infinity
  6.30957344480193305E-002 -0.45800000000000002        0.0000000000000000                      +Infinity
  6.30957344480193305E-002 -0.45400000000000001        0.0000000000000000                      +Infinity
  6.30957344480193305E-002 -0.45000000000000001        0.0000000000000000                      +Infinity
  6.30957344480193305E-002 -0.44600000000000001        0.0000000000000000                      +Infinity
  6.30957344480193305E-002 -0.44200000000000000        0.0000000000000000                      +Infinity
  6.30957344480193305E-002 -0.43800000000000000        0.0000000000000000                      +Infinity
  6.30957344480193305E-002 -0.43400000000000000        0.0000000000000000                      +Infinity
  6.30957344480193305E-002 -0.42999999999999999        0.0000000000000000                      +Infinity
  6.30957344480193305E-002 -0.42599999999999999        0.0000000000000000                      +Infinity
  6.30957344480193305E-002 -0.42199999999999999        0.0000000000000000                      +Infinity
  6.30957344480193305E-002 -0.41799999999999998        0.0000000000000000                      +Infinity
  6.30957344480193305E-002 -0.41399999999999998        0.0000000000000000                      +Infinity
  6.30957344480193305E-002 -0.40999999999999998        0.0000000000000000                      +Infinity
  6.30957344480193305E-002 -0.40600000000000003        0.0000000000000000                      +Infinity
  6.30957344480193305E-002 -0.40200000000000002        0.0000000000000000                      +Infinity
  6.30957344480193305E-002 -0.39800000000000002        0.0000000000000000                      +Infinity
  6.30957344480193305E-002 -0.39400000000000002        0.0000000000000000                      +Infinity
  6.30957344480193305E-002 -0.39000000000000001        0.0000000000000000                      +Infinity
  6.30957344480193305E-002 -0.38600000000000001        0.0000000000000000                      +Infinity
  6.30957344480193305E-002 -0.38200000000000001        0.0000000000000000                      +Infinity
  6.30957344480193305E-002 -0.37800000000000000        0.0000000000000000                      +Infinity
  6.30957344480193305E-002 -0.37400000000000000        0.0000000000000000                      +Infinity
  6.30957344480193305E-002 -0.37000000000000000        0.0000000000000000                      +Infinity
  6.30957344480193305E-002 -0.36599999999999999        0.0000000000000000                      +Infinity
  6.30957344480193305E-002 -0.36199999999999999        0.0000000000000000                      +Infinity
  6.30957344480193305E-002 -0.35799999999999998        0.0000000000000000                      +Infinity
  6.30957344480193305E-002 -0.35399999999999998        0.0000000000000000                      +Infinity
  6.30957344480193305E-002 -0.34999999999999998        0.0000000000000000                      +Infinity
  6.30957344480193305E-002 -0.34599999999999997        0.0000000000000000                      +Infinity
  6.30957344480193305E-002 -0.34200000000000003        0.0000000000000000                      +Infinity
  6.30957344480193305E-002 -0.33800000000000002        0.0000000000000000                      +Infinity
  6.30957344480193305E-002 -0.33400000000000002        0.0000000000000000                      +Infinity
  6.30957344480193305E-002 -0.33000000000000002        0.0000000000000000                      +Infinity
  6.30957344480193305E-002 -0.32600000000000001        0.0000000000000000                      +Infinity
  6.30957344480193305E-002 -0.32200000000000001        0.0000000000000000                      +Infinity
  6.30957344480193305E-002 -0.31800000000000000        0.0000000000000000                      +Infinity
  6.30957344480193305E-002 -0.31400000000000000        0.0000000000000000                      +Infinity
  6.30957344480193305E-002 -0.31000000000000000        0.0000000000000000                      +Infinity
  6.30957344480193305E-002 -0.30599999999999999        0.0000000000000000                      +Infinity
  6.30957344480193305E-002 -0.30199999999999999        0.0000000000000000                      +Infinity
  6.30957344480193305E-002 -0.29799999999999999        0.0000000000000000                      +Infinity
  6.30957344480193305E-002 -0.29399999999999998        0.0000000000000000                      +Infinity
  6.30957344480193305E-002 -0.28999999999999998        0.0000000000000000                      +Infinity
  6.30957344480193305E-002 -0.28599999999999998        0.0000000000000000                      +Infinity
  6.30957344480193305E-002 -0.28199999999999997        0.0000000000000000                      +Infinity
  6.30957344480193305E-002 -0.27800000000000002        0.0000000000000000                      +Infinity
  6.30957344480193305E-002 -0.27400000000000002        0.0000000000000000                      +Infinity
  6.30957344480193305E-002 -0.27000000000000002        0.0000000000000000                      +Infinity
  6.30957344480193305E-002 -0.26600000000000001        0.0000000000000000                      +Infinity
  6.30957344480193305E-002 -0.26200000000000001       2.61666666666666661E-008   17.458779500826157
  6.30957344480193305E-002 -0.25800000000000001       2.95066666666666635E-007   15.036064517437627
  6.30957344480193305E-002 -0.25400000000000000       6.30474999999999986E-007   14.276792333398140
  6.30957344480193305E-002 -0.25000000000000000       7.00458333333333354E-007   14.171530954261298
  6.30957344480193305E-002 -0.24600000000000000       3.71558333333333314E-007   14.805559964029429
  6.30957344480193305E-002 -0.24199999999999999       5.37883333333333369E-007   14.435624152840811
  6.30957344480193305E-002 -0.23799999999999999       8.05141666666666681E-007   14.032247591574263
  6.30957344480193305E-002 -0.23400000000000001       1.02601666666666671E-006   13.789826567033144
  6.30957344480193305E-002 -0.23000000000000001       1.19157499999999990E-006   13.640234596522067
  6.30957344480193305E-002 -0.22600000000000001       1.68156666666666672E-006   13.295784659411565
  6.30957344480193305E-002 -0.22200000000000000       3.00793333333333344E-006   12.714257315242854
  6.30957344480193305E-002 -0.21800000000000000       5.81258333333333335E-006   12.055485450236009
  6.30957344480193305E-002 -0.21400000000000000       8.57928333333333262E-006   11.666160175536554
  6.30957344480193305E-002 -0.20999999999999999       1.15031166666666667E-005   11.372892544820109
  6.30957344480193305E-002 -0.20599999999999999       1.33982833333333334E-005   11.220383968666862
  6.30957344480193305E-002 -0.20200000000000001       2.21157583333333308E-005   10.719220156780461
  6.30957344480193305E-002 -0.19800000000000001       2.72014500000000003E-005   10.512240277259657
  6.30957344480193305E-002 -0.19400000000000001       3.38044833333333346E-005   10.294917121273578
  6.30957344480193305E-002 -0.19000000000000000       3.68796916666666669E-005   10.207849519759131
  6.30957344480193305E-002 -0.18600000000000000       4.61565416666666694E-005   9.9834718591372624
  6.30957344480193305E-002 -0.18200000000000000       5.95294833333333298E-005   9.7290388499340121
  6.30957344480193305E-002 -0.17799999999999999       8.14322083333333344E-005   9.4157396834456968
  6.30957344480193305E-002 -0.17399999999999999       1.07994375000000002E-004   9.1334314155297722
  6.30957344480193305E-002 -0.17000000000000001       1.44578100000000004E-004   8.8416907119918218
  6.30957344480193305E-002 -0.16600000000000001       1.92205883333333325E-004   8.5569434514213736
  6.30957344480193305E-002 -0.16200000000000001       2.50639333333333358E-004   8.2914955711813061
  6.30957344480193305E-002 -0.15800000000000000       3.29791791666666644E-004   8.0170490369700147
  6.30957344480193305E-002 -0.15400000000000000       4.18384999999999959E-004   7.7791084967166393
  6.30957344480193305E-002 -0.14999999999999999       5.19407300000000044E-004   7.5628222041559168
  6.30957344480193305E-002 -0.14599999999999999       6.55866841666666658E-004   7.3295527748887102
  6.30957344480193305E-002 -0.14199999999999999       8.13693833333333318E-004   7.1139263888410333
  6.30957344480193305E-002 -0.13800000000000001       1.00899164999999989E-003   6.8988038131652250
  6.30957344480193305E-002 -0.13400000000000001       1.22337666666666651E-003   6.7061404838678005
  6.30957344480193305E-002 -0.13000000000000000       1.48452715000000008E-003   6.5126589749415107
  6.30957344480193305E-002 -0.12600000000000000       1.80129308333333311E-003   6.3192504923615234
  6.30957344480193305E-002 -0.12200000000000000       2.17769864166666646E-003   6.1294866287523302
  6.30957344480193305E-002 -0.11799999999999999       2.60144944999999997E-003   5.9516865085201456
  6.30957344480193305E-002 -0.11400000000000000       3.12205183333333358E-003   5.7692648544215510
  6.30957344480193305E-002 -0.11000000000000000       3.67655284166666695E-003   5.6057796936129343
  6.30957344480193305E-002 -0.10600000000000000       4.26406808333333349E-003   5.4575316252354336
  6.30957344480193305E-002 -0.10199999999999999       4.95368876666666628E-003   5.3076227745419988
  6.30957344480193305E-002 -9.80000000000000038E-002  5.70180850833333294E-003   5.1669718723012314
  6.30957344480193305E-002 -9.40000000000000002E-002  6.46803750000000000E-003   5.0408825395104291
  6.30957344480193305E-002 -8.99999999999999967E-002  7.36393430833333276E-003   4.9111609363011040
  6.30957344480193305E-002 -8.59999999999999931E-002  8.34030165833333365E-003   4.7866558932016536
  6.30957344480193305E-002 -8.20000000000000034E-002  9.40349913333333315E-003   4.6666734107464105
  6.30957344480193305E-002 -7.79999999999999999E-002  1.04839129583333326E-002   4.5579132958891568
  6.30957344480193305E-002 -7.39999999999999963E-002  1.16249870916666671E-002   4.4545984379035986
  6.30957344480193305E-002 -7.00000000000000067E-002  1.28028938250000016E-002   4.3580840535306899
  6.30957344480193305E-002 -6.60000000000000031E-002  1.40817912833333340E-002   4.2628727145165994
  6.30957344480193305E-002 -6.19999999999999996E-002  1.54193900833333349E-002   4.1721294652392489
  6.30957344480193305E-002 -5.80000000000000029E-002  1.67930780083333335E-002   4.0867885007913438
  6.30957344480193305E-002 -5.39999999999999994E-002  1.81374184000000008E-002   4.0097781597481816
  6.30957344480193305E-002 -5.00000000000000028E-002  1.94946401083333325E-002   3.9376157174344004
  6.30957344480193305E-002 -4.59999999999999992E-002  2.08299218833333313E-002   3.8713647739163206
  6.30957344480193305E-002 -4.20000000000000026E-002  2.20978793416666645E-002   3.8122736324532833
  6.30957344480193305E-002 -3.79999999999999991E-002  2.33321792499999979E-002   3.7579217875383950
  6.30957344480193305E-002 -3.40000000000000024E-002  2.45223426416666668E-002   3.7081706324424397
  6.30957344480193305E-002 -2.99999999999999989E-002  2.56003757916666644E-002   3.6651482482423821
  6.30957344480193305E-002 -2.59999999999999988E-002  2.66721715749999970E-002   3.6241345202184445
  6.30957344480193305E-002 -2.19999999999999987E-002  2.75916190916666651E-002   3.5902432084709153
  6.30957344480193305E-002 -1.79999999999999986E-002  2.83279499916666670E-002   3.5639063295063904
  6.30957344480193305E-002 -1.40000000000000003E-002  2.90288260499999978E-002   3.5394659409641118
  6.30957344480193305E-002 -1.00000000000000002E-002  2.95376588583333329E-002   3.5220892582920089
  6.30957344480193305E-002 -6.00000000000000012E-003  2.98340199416666681E-002   3.5121059278298041
  6.30957344480193305E-002 -2.00000000000000004E-003  3.00655066666666651E-002   3.5043767222571960
  6.30957344480193305E-002  2.00000000000000004E-003  2.99981816666666651E-002   3.5066185102680203
  6.30957344480193305E-002  6.00000000000000012E-003  2.97458814833333335E-002   3.5150645941088725
  6.30957344480193305E-002  1.00000000000000002E-002  2.94089318916666669E-002   3.5264568449381479
  6.30957344480193305E-002  1.40000000000000003E-002  2.89488219416666644E-002   3.5422257686523650
  6.30957344480193305E-002  1.79999999999999986E-002  2.83578868666666678E-002   3.5628500911427214
  6.30957344480193305E-002  2.19999999999999987E-002  2.75603742416666644E-002   3.5913762537682561
  6.30957344480193305E-002  2.59999999999999988E-002  2.65818701750000011E-002   3.6275258679389446
  6.30957344480193305E-002  2.99999999999999989E-002  2.56135487833333356E-002   3.6646338181507030
  6.30957344480193305E-002  3.40000000000000024E-002  2.45903466000000001E-002   3.7054013276927371
  6.30957344480193305E-002  3.79999999999999991E-002  2.32936425250000016E-002   3.7595748086459273
  6.30957344480193305E-002  4.20000000000000026E-002  2.19143700916666663E-002   3.8206126887748968
  6.30957344480193305E-002  4.59999999999999992E-002  2.05271406666666691E-002   3.8860073335075476
  6.30957344480193305E-002  5.00000000000000028E-002  1.91655276333333353E-002   3.9546420494389323
  6.30957344480193305E-002  5.39999999999999994E-002  1.77965953166666670E-002   4.0287481143239372
  6.30957344480193305E-002  5.80000000000000029E-002  1.63721698083333332E-002   4.1121723485310229
  6.30957344480193305E-002  6.19999999999999996E-002  1.49735239416666673E-002   4.2014717080079560
  6.30957344480193305E-002  6.60000000000000031E-002  1.36702272749999985E-002   4.2925350025615163
  6.30957344480193305E-002  7.00000000000000067E-002  1.24588861083333325E-002   4.3853211670240455
  6.30957344480193305E-002  7.39999999999999963E-002  1.12177458166666660E-002   4.4902583066776902
  6.30957344480193305E-002  7.79999999999999999E-002  1.00693144000000012E-002   4.5982626579855346
  6.30957344480193305E-002  8.20000000000000034E-002  9.01830522500000030E-003   4.7084988533595187
  6.30957344480193305E-002  8.59999999999999931E-002  8.00046483333333343E-003   4.8282556348236163
  6.30957344480193305E-002  8.99999999999999967E-002  7.05426217499999925E-003   4.9541232810032625
  6.30957344480193305E-002  9.40000000000000002E-002  6.18869818333333318E-003   5.0850305240430087
  6.30957344480193305E-002  9.80000000000000038E-002  5.37638620000000043E-003   5.2257388405438805
  6.30957344480193305E-002  0.10199999999999999       4.66730011666666687E-003   5.3671745079610167
  6.30957344480193305E-002  0.10600000000000000       4.03059174166666648E-003   5.5138420796421626
  6.30957344480193305E-002  0.11000000000000000       3.43466195833333357E-003   5.6738367691160514
  6.30957344480193305E-002  0.11400000000000000       2.91980455833333336E-003   5.8362385970196238
  6.30957344480193305E-002  0.11799999999999999       2.43298813333333317E-003   6.0186350925731089
  6.30957344480193305E-002  0.12200000000000000       2.06091960833333339E-003   6.1846029839804588
  6.30957344480193305E-002  0.12600000000000000       1.73102523333333353E-003   6.3590414255786953
  6.30957344480193305E-002  0.13000000000000000       1.42492317499999998E-003   6.5536373789955444
  6.30957344480193305E-002  0.13400000000000001       1.18331934166666670E-003   6.7394317881764874
  6.30957344480193305E-002  0.13800000000000001       9.71924266666666600E-004   6.9362326714913518
  6.30957344480193305E-002  0.14199999999999999       7.91917575000000034E-004   7.1410532435354082
  6.30957344480193305E-002  0.14599999999999999       6.22966233333333312E-004   7.3810182407527094
  6.30957344480193305E-002  0.14999999999999999       4.87633966666666647E-004   7.6259455018591122
  6.30957344480193305E-002  0.15400000000000000       3.93573625000000031E-004   7.8402424046858945
  6.30957344480193305E-002  0.15800000000000000       3.10310199999999962E-004   8.0779381156354333
  6.30957344480193305E-002  0.16200000000000001       2.35967958333333357E-004   8.3518145319302253
  6.30957344480193305E-002  0.16600000000000001       1.75079524999999985E-004   8.6502702586907247
  6.30957344480193305E-002  0.17000000000000001       1.38112991666666666E-004   8.8874384276314764
  6.30957344480193305E-002  0.17399999999999999       1.12309916666666670E-004   9.0942483949834898
  6.30957344480193305E-002  0.17799999999999999       8.51089500000000112E-005   9.3715783575271843
  6.30957344480193305E-002  0.18200000000000000       6.70742750000000008E-005   9.6097099705071258
  6.30957344480193305E-002  0.18600000000000000       5.04538999999999948E-005   9.8944505098908309
  6.30957344480193305E-002  0.19000000000000000       3.31305833333333342E-005   10.315053734402307
  6.30957344480193305E-002  0.19400000000000001       2.14887833333333333E-005   10.747979464392641
  6.30957344480193305E-002  0.19800000000000001       1.59055166666666654E-005   11.048844548747134
  6.30957344480193305E-002  0.20200000000000001       1.14262249999999992E-005   11.379599405925202
  6.30957344480193305E-002  0.20599999999999999       8.46291666666666660E-006   11.679816684108825
  6.30957344480193305E-002  0.20999999999999999       6.66689166666666629E-006   11.918356823647912
  6.30957344480193305E-002  0.21400000000000000       5.44750833333333329E-006   12.120352240375096
  6.30957344480193305E-002  0.21800000000000000       3.81422500000000031E-006   12.476773059343065
  6.30957344480193305E-002  0.22200000000000000       1.87974166666666674E-006   13.184376201911737
  6.30957344480193305E-002  0.22600000000000001       4.24433333333333369E-007   14.672510891035131
  6.30957344480193305E-002  0.23000000000000001       3.09425000000000006E-007   14.988550100520325
  6.30957344480193305E-002  0.23400000000000001       9.58333333333333246E-008   16.160655265377116
  6.30957344480193305E-002  0.23799999999999999       1.07400000000000009E-007   16.046705654871648
  6.30957344480193305E-002  0.24199999999999999       3.48875000000000006E-007   14.868552145089925
  6.30957344480193305E-002  0.24600000000000000       2.84608333333333346E-007   15.072151870857306
  6.30957344480193305E-002  0.25000000000000000       4.25500000000000005E-008   16.972585981927029
  6.30957344480193305E-002  0.25400000000000000       2.08333333333333338E-009   19.989296661866209
  6.30957344480193305E-002  0.25800000000000001        0.0000000000000000                      +Infinity
  6.30957344480193305E-002  0.26200000000000001        0.0000000000000000                      +Infinity
  6.30957344480193305E-002  0.26600000000000001        0.0000000000000000                      +Infinity
  6.30957344480193305E-002  0.27000000000000002        0.0000000000000000                      +Infinity
  6.30957344480193305E-002  0.27400000000000002        0.0000000000000000                      +Infinity
  6.30957344480193305E-002  0.27800000000000002        0.0000000000000000                      +Infinity
  6.30957344480193305E-002  0.28199999999999997        0.0000000000000000                      +Infinity
  6.30957344480193305E-002  0.28599999999999998        0.0000000000000000                      +Infinity
  6.30957344480193305E-002  0.28999999999999998        0.0000000000000000                      +Infinity
  6.30957344480193305E-002  0.29399999999999998        0.0000000000000000                      +Infinity
  6.30957344480193305E-002  0.29799999999999999        0.0000000000000000                      +Infinity
  6.30957344480193305E-002  0.30199999999999999        0.0000000000000000                      +Infinity
  6.30957344480193305E-002  0.30599999999999999        0.0000000000000000                      +Infinity
  6.30957344480193305E-002  0.31000000000000000        0.0000000000000000                      +Infinity
  6.30957344480193305E-002  0.31400000000000000        0.0000000000000000                      +Infinity
  6.30957344480193305E-002  0.31800000000000000        0.0000000000000000                      +Infinity
  6.30957344480193305E-002  0.32200000000000001        0.0000000000000000                      +Infinity
  6.30957344480193305E-002  0.32600000000000001        0.0000000000000000                      +Infinity
  6.30957344480193305E-002  0.33000000000000002        0.0000000000000000                      +Infinity
  6.30957344480193305E-002  0.33400000000000002        0.0000000000000000                      +Infinity
  6.30957344480193305E-002  0.33800000000000002        0.0000000000000000                      +Infinity
  6.30957344480193305E-002  0.34200000000000003        0.0000000000000000                      +Infinity
  6.30957344480193305E-002  0.34599999999999997        0.0000000000000000                      +Infinity
  6.30957344480193305E-002  0.34999999999999998        0.0000000000000000                      +Infinity
  6.30957344480193305E-002  0.35399999999999998        0.0000000000000000                      +Infinity
  6.30957344480193305E-002  0.35799999999999998        0.0000000000000000                      +Infinity
  6.30957344480193305E-002  0.36199999999999999        0.0000000000000000                      +Infinity
  6.30957344480193305E-002  0.36599999999999999        0.0000000000000000                      +Infinity
  6.30957344480193305E-002  0.37000000000000000        0.0000000000000000                      +Infinity
  6.30957344480193305E-002  0.37400000000000000        0.0000000000000000                      +Infinity
  6.30957344480193305E-002  0.37800000000000000        0.0000000000000000                      +Infinity
  6.30957344480193305E-002  0.38200000000000001        0.0000000000000000                      +Infinity
  6.30957344480193305E-002  0.38600000000000001        0.0000000000000000                      +Infinity
  6.30957344480193305E-002  0.39000000000000001        0.0000000000000000                      +Infinity
  6.30957344480193305E-002  0.39400000000000002        0.0000000000000000                      +Infinity
  6.30957344480193305E-002  0.39800000000000002        0.0000000000000000                      +Infinity
  6.30957344480193305E-002  0.40200000000000002        0.0000000000000000                      +Infinity
  6.30957344480193305E-002  0.40600000000000003        0.0000000000000000                      +Infinity
  6.30957344480193305E-002  0.40999999999999998        0.0000000000000000                      +Infinity
  6.30957344480193305E-002  0.41399999999999998        0.0000000000000000                      +Infinity
  6.30957344480193305E-002  0.41799999999999998        0.0000000000000000                      +Infinity
  6.30957344480193305E-002  0.42199999999999999        0.0000000000000000                      +Infinity
  6.30957344480193305E-002  0.42599999999999999        0.0000000000000000                      +Infinity
  6.30957344480193305E-002  0.42999999999999999        0.0000000000000000                      +Infinity
  6.30957344480193305E-002  0.43400000000000000        0.0000000000000000                      +Infinity
  6.30957344480193305E-002  0.43800000000000000        0.0000000000000000                      +Infinity
  6.30957344480193305E-002  0.44200000000000000        0.0000000000000000                      +Infinity
  6.30957344480193305E-002  0.44600000000000001        0.0000000000000000                      +Infinity
  6.30957344480193305E-002  0.45000000000000001        0.0000000000000000                      +Infinity
  6.30957344480193305E-002  0.45400000000000001        0.0000000000000000                      +Infinity
  6.30957344480193305E-002  0.45800000000000002        0.0000000000000000                      +Infinity
  6.30957344480193305E-002  0.46200000000000002        0.0000000000000000                      +Infinity
  6.30957344480193305E-002  0.46600000000000003        0.0000000000000000                      +Infinity
  6.30957344480193305E-002  0.46999999999999997        0.0000000000000000                      +Infinity
  6.30957344480193305E-002  0.47399999999999998        0.0000000000000000                      +Infinity
  6.30957344480193305E-002  0.47799999999999998        0.0000000000000000                      +Infinity
  6.30957344480193305E-002  0.48199999999999998        0.0000000000000000                      +Infinity
  6.30957344480193305E-002  0.48599999999999999        0.0000000000000000                      +Infinity
  6.30957344480193305E-002  0.48999999999999999        0.0000000000000000                      +Infinity
  6.30957344480193305E-002  0.49399999999999999        0.0000000000000000                      +Infinity
  6.30957344480193305E-002  0.49800000000000000        0.0000000000000000                      +Infinity
  6.30957344480193305E-002  0.50200000000000000        0.0000000000000000                      +Infinity
  6.30957344480193305E-002  0.50600000000000001        0.0000000000000000                      +Infinity
  6.30957344480193305E-002  0.51000000000000001        0.0000000000000000                      +Infinity
  6.30957344480193305E-002  0.51400000000000001        0.0000000000000000                      +Infinity
  6.30957344480193305E-002  0.51800000000000002        0.0000000000000000                      +Infinity
  6.30957344480193305E-002  0.52200000000000002        0.0000000000000000                      +Infinity
  6.30957344480193305E-002  0.52600000000000002        0.0000000000000000                      +Infinity
  6.30957344480193305E-002  0.53000000000000003        0.0000000000000000                      +Infinity
  6.30957344480193305E-002  0.53400000000000003        0.0000000000000000                      +Infinity
  6.30957344480193305E-002  0.53800000000000003        0.0000000000000000                      +Infinity
  6.30957344480193305E-002  0.54200000000000004        0.0000000000000000                      +Infinity
  6.30957344480193305E-002  0.54600000000000004        0.0000000000000000                      +Infinity
  6.30957344480193305E-002  0.55000000000000004        0.0000000000000000                      +Infinity
  6.30957344480193305E-002  0.55400000000000005        0.0000000000000000                      +Infinity
  6.30957344480193305E-002  0.55800000000000005        0.0000000000000000                      +Infinity
  6.30957344480193305E-002  0.56200000000000006        0.0000000000000000                      +Infinity
  6.30957344480193305E-002  0.56599999999999995        0.0000000000000000                      +Infinity
  6.30957344480193305E-002  0.56999999999999995        0.0000000000000000                      +Infinity
  6.30957344480193305E-002  0.57399999999999995        0.0000000000000000                      +Infinity
  6.30957344480193305E-002  0.57799999999999996        0.0000000000000000                      +Infinity
  6.30957344480193305E-002  0.58199999999999996        0.0000000000000000                      +Infinity
  6.30957344480193305E-002  0.58599999999999997        0.0000000000000000                      +Infinity
  6.30957344480193305E-002  0.58999999999999997        0.0000000000000000                      +Infinity
  6.30957344480193305E-002  0.59399999999999997        0.0000000000000000                      +Infinity
  6.30957344480193305E-002  0.59799999999999998        0.0000000000000000                      +Infinity
  6.30957344480193305E-002  0.60199999999999998        0.0000000000000000                      +Infinity
  6.30957344480193305E-002  0.60599999999999998        0.0000000000000000                      +Infinity
  6.30957344480193305E-002  0.60999999999999999        0.0000000000000000                      +Infinity
  6.30957344480193305E-002  0.61399999999999999        0.0000000000000000                      +Infinity
  6.30957344480193305E-002  0.61799999999999999        0.0000000000000000                      +Infinity
  6.30957344480193305E-002  0.62200000000000000        0.0000000000000000                      +Infinity
  6.30957344480193305E-002  0.62600000000000000        0.0000000000000000                      +Infinity
  6.30957344480193305E-002  0.63000000000000000        0.0000000000000000                      +Infinity
  6.30957344480193305E-002  0.63400000000000001        0.0000000000000000                      +Infinity
  6.30957344480193305E-002  0.63800000000000001        0.0000000000000000                      +Infinity
  6.30957344480193305E-002  0.64200000000000002        0.0000000000000000                      +Infinity
  6.30957344480193305E-002  0.64600000000000002        0.0000000000000000                      +Infinity
  6.30957344480193305E-002  0.65000000000000002        0.0000000000000000                      +Infinity
  6.30957344480193305E-002  0.65400000000000003        0.0000000000000000                      +Infinity
  6.30957344480193305E-002  0.65800000000000003        0.0000000000000000                      +Infinity
  6.30957344480193305E-002  0.66200000000000003        0.0000000000000000                      +Infinity
  6.30957344480193305E-002  0.66600000000000004        0.0000000000000000                      +Infinity
  6.30957344480193305E-002  0.67000000000000004        0.0000000000000000                      +Infinity
  6.30957344480193305E-002  0.67400000000000004        0.0000000000000000                      +Infinity
  6.30957344480193305E-002  0.67800000000000005        0.0000000000000000                      +Infinity
  6.30957344480193305E-002  0.68200000000000005        0.0000000000000000                      +Infinity
  6.30957344480193305E-002  0.68600000000000005        0.0000000000000000                      +Infinity
  6.30957344480193305E-002  0.68999999999999995        0.0000000000000000                      +Infinity
  6.30957344480193305E-002  0.69399999999999995        0.0000000000000000                      +Infinity
  6.30957344480193305E-002  0.69799999999999995        0.0000000000000000                      +Infinity
  6.30957344480193305E-002  0.70199999999999996        0.0000000000000000                      +Infinity
  6.30957344480193305E-002  0.70599999999999996        0.0000000000000000                      +Infinity
  6.30957344480193305E-002  0.70999999999999996        0.0000000000000000                      +Infinity
  6.30957344480193305E-002  0.71399999999999997        0.0000000000000000                      +Infinity
  6.30957344480193305E-002  0.71799999999999997        0.0000000000000000                      +Infinity
  6.30957344480193305E-002  0.72199999999999998        0.0000000000000000                      +Infinity
  6.30957344480193305E-002  0.72599999999999998        0.0000000000000000                      +Infinity
  6.30957344480193305E-002  0.72999999999999998        0.0000000000000000                      +Infinity
  6.30957344480193305E-002  0.73399999999999999        0.0000000000000000                      +Infinity
  6.30957344480193305E-002  0.73799999999999999        0.0000000000000000                      +Infinity
  6.30957344480193305E-002  0.74199999999999999        0.0000000000000000                      +Infinity
  6.30957344480193305E-002  0.74600000000000000        0.0000000000000000                      +Infinity
  6.30957344480193305E-002  0.75000000000000000        0.0000000000000000                      +Infinity
  6.30957344480193305E-002  0.75400000000000000        0.0000000000000000                      +Infinity
  6.30957344480193305E-002  0.75800000000000001        0.0000000000000000                      +Infinity
  6.30957344480193305E-002  0.76200000000000001        0.0000000000000000                      +Infinity
  6.30957344480193305E-002  0.76600000000000001        0.0000000000000000                      +Infinity
  6.30957344480193305E-002  0.77000000000000002        0.0000000000000000                      +Infinity
  6.30957344480193305E-002  0.77400000000000002        0.0000000000000000                      +Infinity
  6.30957344480193305E-002  0.77800000000000002        0.0000000000000000                      +Infinity
  6.30957344480193305E-002  0.78200000000000003        0.0000000000000000                      +Infinity
  6.30957344480193305E-002  0.78600000000000003        0.0000000000000000                      +Infinity
  6.30957344480193305E-002  0.79000000000000004        0.0000000000000000                      +Infinity
  6.30957344480193305E-002  0.79400000000000004        0.0000000000000000                      +Infinity
  6.30957344480193305E-002  0.79800000000000004        0.0000000000000000                      +Infinity
  6.30957344480193305E-002  0.80200000000000005        0.0000000000000000                      +Infinity
  6.30957344480193305E-002  0.80600000000000005        0.0000000000000000                      +Infinity
  6.30957344480193305E-002  0.81000000000000005        0.0000000000000000                      +Infinity
  6.30957344480193305E-002  0.81399999999999995        0.0000000000000000                      +Infinity
  6.30957344480193305E-002  0.81799999999999995        0.0000000000000000                      +Infinity
  6.30957344480193305E-002  0.82199999999999995        0.0000000000000000                      +Infinity
  6.30957344480193305E-002  0.82599999999999996        0.0000000000000000                      +Infinity
  6.30957344480193305E-002  0.82999999999999996        0.0000000000000000                      +Infinity
  6.30957344480193305E-002  0.83399999999999996        0.0000000000000000                      +Infinity
  6.30957344480193305E-002  0.83799999999999997        0.0000000000000000                      +Infinity
  6.30957344480193305E-002  0.84199999999999997        0.0000000000000000                      +Infinity
  6.30957344480193305E-002  0.84599999999999997        0.0000000000000000                      +Infinity
  6.30957344480193305E-002  0.84999999999999998        0.0000000000000000                      +Infinity
  6.30957344480193305E-002  0.85399999999999998        0.0000000000000000                      +Infinity
  6.30957344480193305E-002  0.85799999999999998        0.0000000000000000                      +Infinity
  6.30957344480193305E-002  0.86199999999999999        0.0000000000000000                      +Infinity
  6.30957344480193305E-002  0.86599999999999999        0.0000000000000000                      +Infinity
  6.30957344480193305E-002  0.87000000000000000        0.0000000000000000                      +Infinity
  6.30957344480193305E-002  0.87400000000000000        0.0000000000000000                      +Infinity
  6.30957344480193305E-002  0.87800000000000000        0.0000000000000000                      +Infinity
  6.30957344480193305E-002  0.88200000000000001        0.0000000000000000                      +Infinity
  6.30957344480193305E-002  0.88600000000000001        0.0000000000000000                      +Infinity
  6.30957344480193305E-002  0.89000000000000001        0.0000000000000000                      +Infinity
  6.30957344480193305E-002  0.89400000000000002        0.0000000000000000                      +Infinity
  6.30957344480193305E-002  0.89800000000000002        0.0000000000000000                      +Infinity
  6.30957344480193305E-002  0.90200000000000002        0.0000000000000000                      +Infinity
  6.30957344480193305E-002  0.90600000000000003        0.0000000000000000                      +Infinity
  6.30957344480193305E-002  0.91000000000000003        0.0000000000000000                      +Infinity
  6.30957344480193305E-002  0.91400000000000003        0.0000000000000000                      +Infinity
  6.30957344480193305E-002  0.91800000000000004        0.0000000000000000                      +Infinity
  6.30957344480193305E-002  0.92200000000000004        0.0000000000000000                      +Infinity
  6.30957344480193305E-002  0.92600000000000005        0.0000000000000000                      +Infinity
  6.30957344480193305E-002  0.93000000000000005        0.0000000000000000                      +Infinity
  6.30957344480193305E-002  0.93400000000000005        0.0000000000000000                      +Infinity
  6.30957344480193305E-002  0.93799999999999994        0.0000000000000000                      +Infinity
  6.30957344480193305E-002  0.94199999999999995        0.0000000000000000                      +Infinity
  6.30957344480193305E-002  0.94599999999999995        0.0000000000000000                      +Infinity
  6.30957344480193305E-002  0.94999999999999996        0.0000000000000000                      +Infinity
  6.30957344480193305E-002  0.95399999999999996        0.0000000000000000                      +Infinity
  6.30957344480193305E-002  0.95799999999999996        0.0000000000000000                      +Infinity
  6.30957344480193305E-002  0.96199999999999997        0.0000000000000000                      +Infinity
  6.30957344480193305E-002  0.96599999999999997        0.0000000000000000                      +Infinity
  6.30957344480193305E-002  0.96999999999999997        0.0000000000000000                      +Infinity
  6.30957344480193305E-002  0.97399999999999998        0.0000000000000000                      +Infinity
  6.30957344480193305E-002  0.97799999999999998        0.0000000000000000                      +Infinity
  6.30957344480193305E-002  0.98199999999999998        0.0000000000000000                      +Infinity
  6.30957344480193305E-002  0.98599999999999999        0.0000000000000000                      +Infinity
  6.30957344480193305E-002  0.98999999999999999        0.0000000000000000                      +Infinity
  6.30957344480193305E-002  0.99399999999999999        0.0000000000000000                      +Infinity
  6.30957344480193305E-002  0.99800000000000000        0.0000000000000000                      +Infinity
