  1.40000000000000003E-002 -0.99800000000000000        0.0000000000000000                      +Infinity
  1.40000000000000003E-002 -0.99399999999999999        0.0000000000000000                      +Infinity
  1.40000000000000003E-002 -0.98999999999999999        0.0000000000000000                      +Infinity
  1.40000000000000003E-002 -0.98599999999999999        0.0000000000000000                      +Infinity
  1.40000000000000003E-002 -0.98199999999999998        0.0000000000000000                      +Infinity
  1.40000000000000003E-002 -0.97799999999999998        0.0000000000000000                      +Infinity
  1.40000000000000003E-002 -0.97399999999999998        0.0000000000000000                      +Infinity
  1.40000000000000003E-002 -0.96999999999999997        0.0000000000000000                      +Infinity
  1.40000000000000003E-002 -0.96599999999999997        0.0000000000000000                      +Infinity
  1.40000000000000003E-002 -0.96199999999999997        0.0000000000000000                      +Infinity
  1.40000000000000003E-002 -0.95799999999999996        0.0000000000000000                      +Infinity
  1.40000000000000003E-002 -0.95399999999999996        0.0000000000000000                      +Infinity
  1.40000000000000003E-002 -0.94999999999999996        0.0000000000000000                      +Infinity
  1.40000000000000003E-002 -0.94599999999999995        0.0000000000000000                      +Infinity
  1.40000000000000003E-002 -0.94199999999999995        0.0000000000000000                      +Infinity
  1.40000000000000003E-002 -0.93799999999999994        0.0000000000000000                      +Infinity
  1.40000000000000003E-002 -0.93400000000000005        0.0000000000000000                      +Infinity
  1.40000000000000003E-002 -0.93000000000000005        0.0000000000000000                      +Infinity
  1.40000000000000003E-002 -0.92600000000000005        0.0000000000000000                      +Infinity
  1.40000000000000003E-002 -0.92200000000000004        0.0000000000000000                      +Infinity
  1.40000000000000003E-002 -0.91800000000000004        0.0000000000000000                      +Infinity
  1.40000000000000003E-002 -0.91400000000000003        0.0000000000000000                      +Infinity
  1.40000000000000003E-002 -0.91000000000000003        0.0000000000000000                      +Infinity
  1.40000000000000003E-002 -0.90600000000000003        0.0000000000000000                      +Infinity
  1.40000000000000003E-002 -0.90200000000000002        0.0000000000000000                      +Infinity
  1.40000000000000003E-002 -0.89800000000000002        0.0000000000000000                      +Infinity
  1.40000000000000003E-002 -0.89400000000000002        0.0000000000000000                      +Infinity
  1.40000000000000003E-002 -0.89000000000000001        0.0000000000000000                      +Infinity
  1.40000000000000003E-002 -0.88600000000000001        0.0000000000000000                      +Infinity
  1.40000000000000003E-002 -0.88200000000000001        0.0000000000000000                      +Infinity
  1.40000000000000003E-002 -0.87800000000000000        0.0000000000000000                      +Infinity
  1.40000000000000003E-002 -0.87400000000000000        0.0000000000000000                      +Infinity
  1.40000000000000003E-002 -0.87000000000000000        0.0000000000000000                      +Infinity
  1.40000000000000003E-002 -0.86599999999999999        0.0000000000000000                      +Infinity
  1.40000000000000003E-002 -0.86199999999999999        0.0000000000000000                      +Infinity
  1.40000000000000003E-002 -0.85799999999999998        0.0000000000000000                      +Infinity
  1.40000000000000003E-002 -0.85399999999999998        0.0000000000000000                      +Infinity
  1.40000000000000003E-002 -0.84999999999999998        0.0000000000000000                      +Infinity
  1.40000000000000003E-002 -0.84599999999999997        0.0000000000000000                      +Infinity
  1.40000000000000003E-002 -0.84199999999999997        0.0000000000000000                      +Infinity
  1.40000000000000003E-002 -0.83799999999999997        0.0000000000000000                      +Infinity
  1.40000000000000003E-002 -0.83399999999999996        0.0000000000000000                      +Infinity
  1.40000000000000003E-002 -0.82999999999999996        0.0000000000000000                      +Infinity
  1.40000000000000003E-002 -0.82599999999999996        0.0000000000000000                      +Infinity
  1.40000000000000003E-002 -0.82199999999999995        0.0000000000000000                      +Infinity
  1.40000000000000003E-002 -0.81799999999999995        0.0000000000000000                      +Infinity
  1.40000000000000003E-002 -0.81399999999999995        0.0000000000000000                      +Infinity
  1.40000000000000003E-002 -0.81000000000000005        0.0000000000000000                      +Infinity
  1.40000000000000003E-002 -0.80600000000000005        0.0000000000000000                      +Infinity
  1.40000000000000003E-002 -0.80200000000000005        0.0000000000000000                      +Infinity
  1.40000000000000003E-002 -0.79800000000000004        0.0000000000000000                      +Infinity
  1.40000000000000003E-002 -0.79400000000000004        0.0000000000000000                      +Infinity
  1.40000000000000003E-002 -0.79000000000000004        0.0000000000000000                      +Infinity
  1.40000000000000003E-002 -0.78600000000000003        0.0000000000000000                      +Infinity
  1.40000000000000003E-002 -0.78200000000000003        0.0000000000000000                      +Infinity
  1.40000000000000003E-002 -0.77800000000000002        0.0000000000000000                      +Infinity
  1.40000000000000003E-002 -0.77400000000000002        0.0000000000000000                      +Infinity
  1.40000000000000003E-002 -0.77000000000000002        0.0000000000000000                      +Infinity
  1.40000000000000003E-002 -0.76600000000000001        0.0000000000000000                      +Infinity
  1.40000000000000003E-002 -0.76200000000000001        0.0000000000000000                      +Infinity
  1.40000000000000003E-002 -0.75800000000000001        0.0000000000000000                      +Infinity
  1.40000000000000003E-002 -0.75400000000000000        0.0000000000000000                      +Infinity
  1.40000000000000003E-002 -0.75000000000000000        0.0000000000000000                      +Infinity
  1.40000000000000003E-002 -0.74600000000000000        0.0000000000000000                      +Infinity
  1.40000000000000003E-002 -0.74199999999999999        0.0000000000000000                      +Infinity
  1.40000000000000003E-002 -0.73799999999999999        0.0000000000000000                      +Infinity
  1.40000000000000003E-002 -0.73399999999999999        0.0000000000000000                      +Infinity
  1.40000000000000003E-002 -0.72999999999999998        0.0000000000000000                      +Infinity
  1.40000000000000003E-002 -0.72599999999999998        0.0000000000000000                      +Infinity
  1.40000000000000003E-002 -0.72199999999999998        0.0000000000000000                      +Infinity
  1.40000000000000003E-002 -0.71799999999999997        0.0000000000000000                      +Infinity
  1.40000000000000003E-002 -0.71399999999999997        0.0000000000000000                      +Infinity
  1.40000000000000003E-002 -0.70999999999999996        0.0000000000000000                      +Infinity
  1.40000000000000003E-002 -0.70599999999999996        0.0000000000000000                      +Infinity
  1.40000000000000003E-002 -0.70199999999999996        0.0000000000000000                      +Infinity
  1.40000000000000003E-002 -0.69799999999999995        0.0000000000000000                      +Infinity
  1.40000000000000003E-002 -0.69399999999999995        0.0000000000000000                      +Infinity
  1.40000000000000003E-002 -0.68999999999999995        0.0000000000000000                      +Infinity
  1.40000000000000003E-002 -0.68600000000000005        0.0000000000000000                      +Infinity
  1.40000000000000003E-002 -0.68200000000000005        0.0000000000000000                      +Infinity
  1.40000000000000003E-002 -0.67800000000000005        0.0000000000000000                      +Infinity
  1.40000000000000003E-002 -0.67400000000000004        0.0000000000000000                      +Infinity
  1.40000000000000003E-002 -0.67000000000000004        0.0000000000000000                      +Infinity
  1.40000000000000003E-002 -0.66600000000000004        0.0000000000000000                      +Infinity
  1.40000000000000003E-002 -0.66200000000000003        0.0000000000000000                      +Infinity
  1.40000000000000003E-002 -0.65800000000000003        0.0000000000000000                      +Infinity
  1.40000000000000003E-002 -0.65400000000000003        0.0000000000000000                      +Infinity
  1.40000000000000003E-002 -0.65000000000000002        0.0000000000000000                      +Infinity
  1.40000000000000003E-002 -0.64600000000000002        0.0000000000000000                      +Infinity
  1.40000000000000003E-002 -0.64200000000000002        0.0000000000000000                      +Infinity
  1.40000000000000003E-002 -0.63800000000000001        0.0000000000000000                      +Infinity
  1.40000000000000003E-002 -0.63400000000000001        0.0000000000000000                      +Infinity
  1.40000000000000003E-002 -0.63000000000000000        0.0000000000000000                      +Infinity
  1.40000000000000003E-002 -0.62600000000000000        0.0000000000000000                      +Infinity
  1.40000000000000003E-002 -0.62200000000000000        0.0000000000000000                      +Infinity
  1.40000000000000003E-002 -0.61799999999999999        0.0000000000000000                      +Infinity
  1.40000000000000003E-002 -0.61399999999999999        0.0000000000000000                      +Infinity
  1.40000000000000003E-002 -0.60999999999999999        0.0000000000000000                      +Infinity
  1.40000000000000003E-002 -0.60599999999999998        0.0000000000000000                      +Infinity
  1.40000000000000003E-002 -0.60199999999999998        0.0000000000000000                      +Infinity
  1.40000000000000003E-002 -0.59799999999999998        0.0000000000000000                      +Infinity
  1.40000000000000003E-002 -0.59399999999999997        0.0000000000000000                      +Infinity
  1.40000000000000003E-002 -0.58999999999999997        0.0000000000000000                      +Infinity
  1.40000000000000003E-002 -0.58599999999999997        0.0000000000000000                      +Infinity
  1.40000000000000003E-002 -0.58199999999999996        0.0000000000000000                      +Infinity
  1.40000000000000003E-002 -0.57799999999999996        0.0000000000000000                      +Infinity
  1.40000000000000003E-002 -0.57399999999999995        0.0000000000000000                      +Infinity
  1.40000000000000003E-002 -0.56999999999999995        0.0000000000000000                      +Infinity
  1.40000000000000003E-002 -0.56599999999999995        0.0000000000000000                      +Infinity
  1.40000000000000003E-002 -0.56200000000000006        0.0000000000000000                      +Infinity
  1.40000000000000003E-002 -0.55800000000000005        0.0000000000000000                      +Infinity
  1.40000000000000003E-002 -0.55400000000000005        0.0000000000000000                      +Infinity
  1.40000000000000003E-002 -0.55000000000000004       1.23874999999999988E-009   20.509163030284352
  1.40000000000000003E-002 -0.54600000000000004       1.28662499999999995E-008   18.168658233087779
  1.40000000000000003E-002 -0.54200000000000004       7.61649999999999941E-008   16.390363797357747
  1.40000000000000003E-002 -0.53800000000000003       1.16972499999999997E-007   15.961326972510571
  1.40000000000000003E-002 -0.53400000000000003       1.22676249999999987E-007   15.913717065497188
  1.40000000000000003E-002 -0.53000000000000003       6.63399999999999971E-008   16.528472803427505
  1.40000000000000003E-002 -0.52600000000000002       8.85612500000000017E-008   16.239571433921160
  1.40000000000000003E-002 -0.52200000000000002       1.77960000000000013E-007   15.541707031008571
  1.40000000000000003E-002 -0.51800000000000002       2.71758750000000011E-007   15.118351112751409
  1.40000000000000003E-002 -0.51400000000000001       5.99948749999999988E-007   14.326421602045142
  1.40000000000000003E-002 -0.51000000000000001       1.06084750000000001E-006   13.756442440990902
  1.40000000000000003E-002 -0.50600000000000001       1.05064749999999988E-006   13.766103917188932
  1.40000000000000003E-002 -0.50200000000000000       1.37066875000000000E-006   13.500211798539041
  1.40000000000000003E-002 -0.49800000000000000       1.89398625000000009E-006   13.176826822994427
  1.40000000000000003E-002 -0.49399999999999999       2.43672124999999969E-006   12.924857172300799
  1.40000000000000003E-002 -0.48999999999999999       2.92301500000000000E-006   12.742894940134340
  1.40000000000000003E-002 -0.48599999999999999       3.87939875000000041E-006   12.459830377677047
  1.40000000000000003E-002 -0.48199999999999998       5.51414249999999987E-006   12.108194402388659
  1.40000000000000003E-002 -0.47799999999999998       6.65625875000000062E-006   11.919952980501449
  1.40000000000000003E-002 -0.47399999999999998       8.32000875000000057E-006   11.696847251449018
  1.40000000000000003E-002 -0.46999999999999997       9.80419499999999973E-006   11.532700202655327
  1.40000000000000003E-002 -0.46600000000000003       1.11888950000000002E-005   11.400588789399363
  1.40000000000000003E-002 -0.46200000000000002       1.27898337499999981E-005   11.266859940894282
  1.40000000000000003E-002 -0.45800000000000002       1.54300575000000003E-005   11.079193165089343
  1.40000000000000003E-002 -0.45400000000000001       1.90430824999999995E-005   10.868806645696395
  1.40000000000000003E-002 -0.45000000000000001       2.22258162499999993E-005   10.714256050579545
  1.40000000000000003E-002 -0.44600000000000001       2.54953737499999997E-005   10.577013543827405
  1.40000000000000003E-002 -0.44200000000000000       3.06791037499999942E-005   10.391928794734165
  1.40000000000000003E-002 -0.43800000000000000       3.74752025000000001E-005   10.191831110387810
  1.40000000000000003E-002 -0.43400000000000000       4.47379574999999980E-005   10.014688255604216
  1.40000000000000003E-002 -0.42999999999999999       5.40134450000000034E-005   9.8262775609092632
  1.40000000000000003E-002 -0.42599999999999999       6.31017474999999992E-005   9.6707620946642905
  1.40000000000000003E-002 -0.42199999999999999       7.07547337500000027E-005   9.5562911155519679
  1.40000000000000003E-002 -0.41799999999999998       7.98238462499999910E-005   9.4356882729598954
  1.40000000000000003E-002 -0.41399999999999998       8.75254575000000012E-005   9.3435808640592288
  1.40000000000000003E-002 -0.40999999999999998       9.72599474999999935E-005   9.2381232927790329
  1.40000000000000003E-002 -0.40600000000000003       1.06314807499999998E-004   9.1491059831642580
  1.40000000000000003E-002 -0.40200000000000002       1.18557445000000007E-004   9.0401129469186134
  1.40000000000000003E-002 -0.39800000000000002       1.35114009999999995E-004   8.9093916174124441
  1.40000000000000003E-002 -0.39400000000000002       1.49216406250000006E-004   8.8101129147788058
  1.40000000000000003E-002 -0.39000000000000001       1.65874421250000015E-004   8.7042795543910874
  1.40000000000000003E-002 -0.38600000000000001       1.84988928750000000E-004   8.5952145792713033
  1.40000000000000003E-002 -0.38200000000000001       2.02708906249999995E-004   8.5037395673857272
  1.40000000000000003E-002 -0.37800000000000000       2.20436059999999965E-004   8.4199028824531901
  1.40000000000000003E-002 -0.37400000000000000       2.41838283749999975E-004   8.3272413041523912
  1.40000000000000003E-002 -0.37000000000000000       2.61672388750000030E-004   8.2484172612546782
  1.40000000000000003E-002 -0.36599999999999999       2.91363290000000029E-004   8.1409396501761311
  1.40000000000000003E-002 -0.36199999999999999       3.24201746249999981E-004   8.0341445623416092
  1.40000000000000003E-002 -0.35799999999999998       3.62913078749999983E-004   7.9213472048520845
  1.40000000000000003E-002 -0.35399999999999998       3.96626968749999999E-004   7.8325143443165368
  1.40000000000000003E-002 -0.34999999999999998       4.35531658749999985E-004   7.7389430691359271
  1.40000000000000003E-002 -0.34599999999999997       4.78198204999999985E-004   7.6454852566066513
  1.40000000000000003E-002 -0.34200000000000003       5.22113257499999994E-004   7.5576260252250682
  1.40000000000000003E-002 -0.33800000000000002       5.70011468750000012E-004   7.4698540767240598
  1.40000000000000003E-002 -0.33400000000000002       6.14728746249999986E-004   7.3943294504627852
  1.40000000000000003E-002 -0.33000000000000002       6.63892295000000033E-004   7.3173906279700098
  1.40000000000000003E-002 -0.32600000000000001       7.20126706250000075E-004   7.2360833805342182
  1.40000000000000003E-002 -0.32200000000000001       7.79790891249999949E-004   7.1564847623637116
  1.40000000000000003E-002 -0.31800000000000000       8.36466447499999957E-004   7.0863241489216433
  1.40000000000000003E-002 -0.31400000000000000       8.87934063750000016E-004   7.0266130702627434
  1.40000000000000003E-002 -0.31000000000000000       9.57615573750000078E-004   6.9510641405382207
  1.40000000000000003E-002 -0.30599999999999999       1.02311749999999999E-003   6.8849009403483326
  1.40000000000000003E-002 -0.30199999999999999       1.09040407874999991E-003   6.8212069369891672
  1.40000000000000003E-002 -0.29799999999999999       1.16404641124999994E-003   6.7558530582598628
  1.40000000000000003E-002 -0.29399999999999998       1.24371884624999997E-003   6.6896493180463903
  1.40000000000000003E-002 -0.28999999999999998       1.32778960749999997E-003   6.6242396685662994
  1.40000000000000003E-002 -0.28599999999999998       1.41834069875000006E-003   6.5582676126301669
  1.40000000000000003E-002 -0.28199999999999997       1.50502897875000015E-003   6.4989431259832839
  1.40000000000000003E-002 -0.27800000000000002       1.60211089750000001E-003   6.4364332083248774
  1.40000000000000003E-002 -0.27400000000000002       1.71703306375000004E-003   6.3671574405544780
  1.40000000000000003E-002 -0.27000000000000002       1.81158117875000009E-003   6.3135552356329390
  1.40000000000000003E-002 -0.26600000000000001       1.91136514374999991E-003   6.2599375572773361
  1.40000000000000003E-002 -0.26200000000000001       2.01534307999999985E-003   6.2069658350492993
  1.40000000000000003E-002 -0.25800000000000001       2.11620687875000010E-003   6.1581300009796962
  1.40000000000000003E-002 -0.25400000000000000       2.24102065875000011E-003   6.1008238656650073
  1.40000000000000003E-002 -0.25000000000000000       2.37571923500000002E-003   6.0424550515515607
  1.40000000000000003E-002 -0.24600000000000000       2.49932082999999991E-003   5.9917362520164179
  1.40000000000000003E-002 -0.24199999999999999       2.62831251875000026E-003   5.9414132665754167
  1.40000000000000003E-002 -0.23799999999999999       2.75936268125000000E-003   5.8927555385080757
  1.40000000000000003E-002 -0.23400000000000001       2.91217809875000001E-003   5.8388539902328844
  1.40000000000000003E-002 -0.23000000000000001       3.06419624500000026E-003   5.7879699805255749
  1.40000000000000003E-002 -0.22600000000000001       3.21504609750000031E-003   5.7399135831371808
  1.40000000000000003E-002 -0.22200000000000000       3.36803198249999982E-003   5.6934266866554566
  1.40000000000000003E-002 -0.21800000000000000       3.52239307875000041E-003   5.6486146684491434
  1.40000000000000003E-002 -0.21400000000000000       3.68974466874999983E-003   5.6021980187845219
  1.40000000000000003E-002 -0.20999999999999999       3.85563809250000005E-003   5.5582187623180186
  1.40000000000000003E-002 -0.20599999999999999       4.02085483374999952E-003   5.5162607537455530
  1.40000000000000003E-002 -0.20200000000000001       4.19600974000000019E-003   5.4736212671924394
  1.40000000000000003E-002 -0.19800000000000001       4.38174385124999975E-003   5.4303084942755095
  1.40000000000000003E-002 -0.19400000000000001       4.53974870249999971E-003   5.3948836203330988
  1.40000000000000003E-002 -0.19000000000000000       4.72426516875000015E-003   5.3550432499721650
  1.40000000000000003E-002 -0.18600000000000000       4.91987899624999996E-003   5.3144713430384938
  1.40000000000000003E-002 -0.18200000000000000       5.09562250874999977E-003   5.2793734394470100
  1.40000000000000003E-002 -0.17799999999999999       5.27528165124999983E-003   5.2447232074434984
  1.40000000000000003E-002 -0.17399999999999999       5.46199360000000026E-003   5.2099414276632769
  1.40000000000000003E-002 -0.17000000000000001       5.64125676374999975E-003   5.1776484078430594
  1.40000000000000003E-002 -0.16600000000000001       5.86437629500000026E-003   5.1388591460950881
  1.40000000000000003E-002 -0.16200000000000001       6.06926620750000007E-003   5.1045175696038223
  1.40000000000000003E-002 -0.15800000000000000       6.28480989249999983E-003   5.0696196852096520
  1.40000000000000003E-002 -0.15400000000000000       6.48365585500000098E-003   5.0384707525506025
  1.40000000000000003E-002 -0.14999999999999999       6.69364177875000042E-003   5.0065971914059135
  1.40000000000000003E-002 -0.14599999999999999       6.86642980500000010E-003   4.9811109868671331
  1.40000000000000003E-002 -0.14199999999999999       7.07925043749999938E-003   4.9505872472907804
  1.40000000000000003E-002 -0.13800000000000001       7.28363273625000016E-003   4.9221255390016108
  1.40000000000000003E-002 -0.13400000000000001       7.45433400375000027E-003   4.8989596702691687
  1.40000000000000003E-002 -0.13000000000000000       7.65380124375000023E-003   4.8725528599470955
  1.40000000000000003E-002 -0.12600000000000000       7.84929482125000001E-003   4.8473315829108259
  1.40000000000000003E-002 -0.12200000000000000       8.03884431374999979E-003   4.8234699481940391
  1.40000000000000003E-002 -0.11799999999999999       8.21034255875000007E-003   4.8023606318145555
  1.40000000000000003E-002 -0.11400000000000000       8.37652598250000074E-003   4.7823220110029903
  1.40000000000000003E-002 -0.11000000000000000       8.55078593624999939E-003   4.7617320778896488
  1.40000000000000003E-002 -0.10600000000000000       8.72199083875000065E-003   4.7419077599232695
  1.40000000000000003E-002 -0.10199999999999999       8.89824665125000039E-003   4.7219010271296993
  1.40000000000000003E-002 -9.80000000000000038E-002  9.06306900999999908E-003   4.7035474734620397
  1.40000000000000003E-002 -9.40000000000000002E-002  9.19487801125000101E-003   4.6891086878708457
  1.40000000000000003E-002 -8.99999999999999967E-002  9.34043740999999927E-003   4.6734021959321836
  1.40000000000000003E-002 -8.59999999999999931E-002  9.48340794125000081E-003   4.6582115398417185
  1.40000000000000003E-002 -8.20000000000000034E-002  9.63989117625000010E-003   4.6418454591941485
  1.40000000000000003E-002 -7.79999999999999999E-002  9.79824320499999950E-003   4.6255521741713830
  1.40000000000000003E-002 -7.39999999999999963E-002  9.91873625874999977E-003   4.6133297590717373
  1.40000000000000003E-002 -7.00000000000000067E-002  1.00400750325000000E-002   4.6011706913899060
  1.40000000000000003E-002 -6.60000000000000031E-002  1.01548527137500007E-002   4.5898035878708248
  1.40000000000000003E-002 -6.19999999999999996E-002  1.02608375824999997E-002   4.5794208068502806
  1.40000000000000003E-002 -5.80000000000000029E-002  1.03871757012499993E-002   4.5671833393841972
  1.40000000000000003E-002 -5.39999999999999994E-002  1.04900558474999989E-002   4.5573275327082179
  1.40000000000000003E-002 -5.00000000000000028E-002  1.05782908137500003E-002   4.5489514143972922
  1.40000000000000003E-002 -4.59999999999999992E-002  1.06970237099999997E-002   4.5377897341512980
  1.40000000000000003E-002 -4.20000000000000026E-002  1.07977281750000001E-002   4.5284195211461702
  1.40000000000000003E-002 -3.79999999999999991E-002  1.08791569212499991E-002   4.5209065294124553
  1.40000000000000003E-002 -3.40000000000000024E-002  1.09579449212499989E-002   4.5136905222291563
  1.40000000000000003E-002 -2.99999999999999989E-002  1.10364801412500008E-002   4.5065491167548979
  1.40000000000000003E-002 -2.59999999999999988E-002  1.11049663425000014E-002   4.5003628524823025
  1.40000000000000003E-002 -2.19999999999999987E-002  1.11844406912500003E-002   4.4932316905429186
  1.40000000000000003E-002 -1.79999999999999986E-002  1.12381035562500002E-002   4.4884451715054361
  1.40000000000000003E-002 -1.40000000000000003E-002  1.13015872287499999E-002   4.4828121004065675
  1.40000000000000003E-002 -1.00000000000000002E-002  1.13589629299999991E-002   4.4777481612296821
  1.40000000000000003E-002 -6.00000000000000012E-003  1.13600144387499997E-002   4.4776555946732142
  1.40000000000000003E-002 -2.00000000000000004E-003  1.13583948887499998E-002   4.4777981706766123
  1.40000000000000003E-002  2.00000000000000004E-003  1.13475065574999995E-002   4.4787572457532301
  1.40000000000000003E-002  6.00000000000000012E-003  1.13185479512499989E-002   4.4813124872925405
  1.40000000000000003E-002  1.00000000000000002E-002  1.12941186787499995E-002   4.4834731596629194
  1.40000000000000003E-002  1.40000000000000003E-002  1.12754681612499998E-002   4.4851258723933274
  1.40000000000000003E-002  1.79999999999999986E-002  1.12611249587500004E-002   4.4863987537343739
  1.40000000000000003E-002  2.19999999999999987E-002  1.12323105062500008E-002   4.4889607872935766
  1.40000000000000003E-002  2.59999999999999988E-002  1.11975344287499994E-002   4.4920616652056973
  1.40000000000000003E-002  2.99999999999999989E-002  1.11208666249999998E-002   4.4989320592935123
  1.40000000000000003E-002  3.40000000000000024E-002  1.10583560087500008E-002   4.5045689369065718
  1.40000000000000003E-002  3.79999999999999991E-002  1.09555425949999993E-002   4.5139097777226374
  1.40000000000000003E-002  4.20000000000000026E-002  1.08537298125000008E-002   4.5232464965473849
  1.40000000000000003E-002  4.59999999999999992E-002  1.07442822799999997E-002   4.5333815468375356
  1.40000000000000003E-002  5.00000000000000028E-002  1.06255734700000000E-002   4.5444915919811226
  1.40000000000000003E-002  5.39999999999999994E-002  1.05186200925000001E-002   4.5546082501905474
  1.40000000000000003E-002  5.80000000000000029E-002  1.04314554449999996E-002   4.5629294756012815
  1.40000000000000003E-002  6.19999999999999996E-002  1.02985715637499992E-002   4.5757500764950096
  1.40000000000000003E-002  6.60000000000000031E-002  1.01511922662499993E-002   4.5901641157376005
  1.40000000000000003E-002  7.00000000000000067E-002  1.00138669625000013E-002   4.6037844503134213
  1.40000000000000003E-002  7.39999999999999963E-002  9.87341781749999890E-003   4.6179092020443671
  1.40000000000000003E-002  7.79999999999999999E-002  9.71551059874999935E-003   4.6340316397623580
  1.40000000000000003E-002  8.20000000000000034E-002  9.55287685624999980E-003   4.6509129283614596
  1.40000000000000003E-002  8.59999999999999931E-002  9.40465269499999972E-003   4.6665507446090206
  1.40000000000000003E-002  8.99999999999999967E-002  9.23218234250000082E-003   4.6850598182740963
  1.40000000000000003E-002  9.40000000000000002E-002  9.07530115750000005E-003   4.7021987139823969
  1.40000000000000003E-002  9.80000000000000038E-002  8.90761035374999961E-003   4.7208492717033197
  1.40000000000000003E-002  0.10199999999999999       8.72837481375000022E-003   4.7411760875432254
  1.40000000000000003E-002  0.10600000000000000       8.54884125500000001E-003   4.7619595309489045
  1.40000000000000003E-002  0.11000000000000000       8.38172775750000050E-003   4.7817012094269113
  1.40000000000000003E-002  0.11400000000000000       8.22400634624999988E-003   4.8006977985952579
  1.40000000000000003E-002  0.11799999999999999       8.02741565124999966E-003   4.8248926395301162
  1.40000000000000003E-002  0.12200000000000000       7.82850667124999899E-003   4.8499835060383134
  1.40000000000000003E-002  0.12600000000000000       7.63480127124999911E-003   4.8750383693012420
  1.40000000000000003E-002  0.13000000000000000       7.44105987500000027E-003   4.9007419839658697
  1.40000000000000003E-002  0.13400000000000001       7.25981751999999966E-003   4.9254005854475471
  1.40000000000000003E-002  0.13800000000000001       7.07569690124999935E-003   4.9510893383603705
  1.40000000000000003E-002  0.14199999999999999       6.87636400374999970E-003   4.9796652545628328
  1.40000000000000003E-002  0.14599999999999999       6.67516015749999945E-003   5.0093620813507078
  1.40000000000000003E-002  0.14999999999999999       6.47892920750000028E-003   5.0392000280287110
  1.40000000000000003E-002  0.15400000000000000       6.26658797250000035E-003   5.0725232554729773
  1.40000000000000003E-002  0.15800000000000000       6.04609680000000021E-003   5.1083423721675274
  1.40000000000000003E-002  0.16200000000000001       5.86504019125000040E-003   5.1387459441721299
  1.40000000000000003E-002  0.16600000000000001       5.66896836875000008E-003   5.1727481233433128
  1.40000000000000003E-002  0.17000000000000001       5.46546849999999997E-003   5.2093054336721138
  1.40000000000000003E-002  0.17399999999999999       5.27556229874999970E-003   5.2446700083816236
  1.40000000000000003E-002  0.17799999999999999       5.10761930625000006E-003   5.2770218725144780
  1.40000000000000003E-002  0.18200000000000000       4.94281439875000027E-003   5.3098203936628972
  1.40000000000000003E-002  0.18600000000000000       4.76035008750000030E-003   5.3474340656491970
  1.40000000000000003E-002  0.19000000000000000       4.57326233125000033E-003   5.3875284707099054
  1.40000000000000003E-002  0.19400000000000001       4.39698585999999999E-003   5.4268360046176092
  1.40000000000000003E-002  0.19800000000000001       4.24312312249999941E-003   5.4624556953889440
  1.40000000000000003E-002  0.20200000000000001       4.10135134750000060E-003   5.4964387626257984
  1.40000000000000003E-002  0.20599999999999999       3.94538851750000051E-003   5.5352078460100360
  1.40000000000000003E-002  0.20999999999999999       3.77683135999999989E-003   5.5788698854411027
  1.40000000000000003E-002  0.21400000000000000       3.61975186124999975E-003   5.6213498021099060
  1.40000000000000003E-002  0.21800000000000000       3.45823157000000030E-003   5.6669979275085929
  1.40000000000000003E-002  0.22200000000000000       3.30841029500000003E-003   5.7112874783752794
  1.40000000000000003E-002  0.22600000000000001       3.14988830749999985E-003   5.7603882847097507
  1.40000000000000003E-002  0.23000000000000001       2.99764589874999994E-003   5.8099279987692221
  1.40000000000000003E-002  0.23400000000000001       2.84967112875000005E-003   5.8605516847809636
  1.40000000000000003E-002  0.23799999999999999       2.70572378624999972E-003   5.9123858290000442
  1.40000000000000003E-002  0.24199999999999999       2.55324187999999988E-003   5.9703914017715753
  1.40000000000000003E-002  0.24600000000000000       2.42393059000000017E-003   6.0223648456734926
  1.40000000000000003E-002  0.25000000000000000       2.28957052250000018E-003   6.0793910237645319
  1.40000000000000003E-002  0.25400000000000000       2.17563641999999995E-003   6.1304340503459871
  1.40000000000000003E-002  0.25800000000000001       2.05981046625000001E-003   6.1851413070882781
  1.40000000000000003E-002  0.26200000000000001       1.96049368374999998E-003   6.2345589579917320
  1.40000000000000003E-002  0.26600000000000001       1.85287122874999992E-003   6.2910188274827910
  1.40000000000000003E-002  0.27000000000000002       1.75320420249999980E-003   6.3463101923770902
  1.40000000000000003E-002  0.27400000000000002       1.64956154874999999E-003   6.4072457544118997
  1.40000000000000003E-002  0.27800000000000002       1.54717600375000003E-003   6.4713239428542346
  1.40000000000000003E-002  0.28199999999999997       1.46268922250000007E-003   6.5274786043215256
  1.40000000000000003E-002  0.28599999999999998       1.37994608499999983E-003   6.5857108494168104
  1.40000000000000003E-002  0.28999999999999998       1.27622420625000000E-003   6.6638493992674999
  1.40000000000000003E-002  0.29399999999999998       1.19651463999999991E-003   6.7283424150032802
  1.40000000000000003E-002  0.29799999999999999       1.11535313250000004E-003   6.7985842134499901
  1.40000000000000003E-002  0.30199999999999999       1.03620731875000006E-003   6.8721880405415536
  1.40000000000000003E-002  0.30599999999999999       9.62675593750000089E-004   6.9457940733766526
  1.40000000000000003E-002  0.31000000000000000       8.93684466250000038E-004   7.0201577911199520
  1.40000000000000003E-002  0.31400000000000000       8.22658167500000073E-004   7.1029697929003435
  1.40000000000000003E-002  0.31800000000000000       7.70605217499999943E-004   7.1683343550969809
  1.40000000000000003E-002  0.32200000000000001       7.12682839999999969E-004   7.2464740611982590
  1.40000000000000003E-002  0.32600000000000001       6.60291403749999929E-004   7.3228292995521125
  1.40000000000000003E-002  0.33000000000000002       6.12186388749999988E-004   7.3984737650389043
  1.40000000000000003E-002  0.33400000000000002       5.72404974999999997E-004   7.4656638188452558
  1.40000000000000003E-002  0.33800000000000002       5.26745329999999995E-004   7.5487933710050852
  1.40000000000000003E-002  0.34200000000000003       4.83577103749999973E-004   7.6342997857745747
  1.40000000000000003E-002  0.34599999999999997       4.39368312499999983E-004   7.7301725159988193
  1.40000000000000003E-002  0.34999999999999998       4.05628602500000032E-004   7.8100725891894260
  1.40000000000000003E-002  0.35399999999999998       3.72374908749999970E-004   7.8956093919795318
  1.40000000000000003E-002  0.35799999999999998       3.42153430000000005E-004   7.9802512957731109
  1.40000000000000003E-002  0.36199999999999999       3.07994564999999984E-004   8.0854284212502900
  1.40000000000000003E-002  0.36599999999999999       2.77342808749999996E-004   8.1902562402289600
  1.40000000000000003E-002  0.37000000000000000       2.55716914999999992E-004   8.2714395261147420
  1.40000000000000003E-002  0.37400000000000000       2.28654028749999976E-004   8.3833004882909652
  1.40000000000000003E-002  0.37800000000000000       2.04013020000000015E-004   8.4973267426272798
  1.40000000000000003E-002  0.38200000000000001       1.87180377500000016E-004   8.5834378204619011
  1.40000000000000003E-002  0.38600000000000001       1.70626049999999992E-004   8.6760362381978311
  1.40000000000000003E-002  0.39000000000000001       1.52601286250000006E-004   8.7876820102503572
  1.40000000000000003E-002  0.39400000000000002       1.36761091249999988E-004   8.8972750139181933
  1.40000000000000003E-002  0.39800000000000002       1.20521262499999988E-004   9.0236843683172800
  1.40000000000000003E-002  0.40200000000000002       1.07231018750000010E-004   9.1405249971711768
  1.40000000000000003E-002  0.40600000000000003       9.58640562499999945E-005   9.2525794508154746
  1.40000000000000003E-002  0.40999999999999998       8.49681500000000006E-005   9.3732340775761021
  1.40000000000000003E-002  0.41399999999999998       7.51188749999999949E-005   9.4964386992147478
  1.40000000000000003E-002  0.41799999999999998       6.49304100000000050E-005   9.6421944769712837
  1.40000000000000003E-002  0.42199999999999999       5.58317674999999974E-005   9.7931675405366434
  1.40000000000000003E-002  0.42599999999999999       4.78062550000000002E-005   9.9483540692874062
  1.40000000000000003E-002  0.42999999999999999       4.10371150000000016E-005   10.101033656843684
  1.40000000000000003E-002  0.43400000000000000       3.50319649999999969E-005   10.259249627552226
  1.40000000000000003E-002  0.43800000000000000       2.96128850000000013E-005   10.427300987297528
  1.40000000000000003E-002  0.44200000000000000       2.59971087499999977E-005   10.557525228049261
  1.40000000000000003E-002  0.44600000000000001       2.19117912500000002E-005   10.728485652792214
  1.40000000000000003E-002  0.45000000000000001       1.89831199999999993E-005   10.871960394730346
  1.40000000000000003E-002  0.45400000000000001       1.62504650000000006E-005   11.027389034213325
  1.40000000000000003E-002  0.45800000000000002       1.41379074999999995E-005   11.166650892887926
  1.40000000000000003E-002  0.46200000000000002       1.18805487500000009E-005   11.340608054019109
  1.40000000000000003E-002  0.46600000000000003       9.72824874999999948E-006   11.540476662549292
  1.40000000000000003E-002  0.46999999999999997       7.96469749999999999E-006   11.740491593980092
  1.40000000000000003E-002  0.47399999999999998       6.15143875000000026E-006   11.998824560416834
  1.40000000000000003E-002  0.47799999999999998       5.08429874999999967E-006   12.189353443578323
  1.40000000000000003E-002  0.48199999999999998       4.51374500000000027E-006   12.308383372081749
  1.40000000000000003E-002  0.48599999999999999       3.98552375000000018E-006   12.432841823994444
  1.40000000000000003E-002  0.48999999999999999       3.43054375000000012E-006   12.582791781653819
  1.40000000000000003E-002  0.49399999999999999       2.81517124999999985E-006   12.780487463409484
  1.40000000000000003E-002  0.49800000000000000       2.07272624999999980E-006   13.086645788223423
  1.40000000000000003E-002  0.50200000000000000       1.70280124999999990E-006   13.283235868907648
  1.40000000000000003E-002  0.50600000000000001       1.47091749999999992E-006   13.429624202214153
  1.40000000000000003E-002  0.51000000000000001       1.35889624999999997E-006   13.508837768608725
  1.40000000000000003E-002  0.51400000000000001       8.55042500000000081E-007   13.972114661642694
  1.40000000000000003E-002  0.51800000000000002       5.92432499999999981E-007   14.339028894477595
  1.40000000000000003E-002  0.52200000000000002       5.09846250000000032E-007   14.489156627267668
  1.40000000000000003E-002  0.52600000000000002       3.42733749999999997E-007   14.886311930277069
  1.40000000000000003E-002  0.53000000000000003       1.32306250000000001E-007   15.838146525822658
  1.40000000000000003E-002  0.53400000000000003       1.49823749999999998E-007   15.713806233703878
  1.40000000000000003E-002  0.53800000000000003       5.58387500000000010E-008   16.700797764129671
  1.40000000000000003E-002  0.54200000000000004        0.0000000000000000                      +Infinity
  1.40000000000000003E-002  0.54600000000000004        0.0000000000000000                      +Infinity
  1.40000000000000003E-002  0.55000000000000004        0.0000000000000000                      +Infinity
  1.40000000000000003E-002  0.55400000000000005        0.0000000000000000                      +Infinity
  1.40000000000000003E-002  0.55800000000000005        0.0000000000000000                      +Infinity
  1.40000000000000003E-002  0.56200000000000006        0.0000000000000000                      +Infinity
  1.40000000000000003E-002  0.56599999999999995        0.0000000000000000                      +Infinity
  1.40000000000000003E-002  0.56999999999999995        0.0000000000000000                      +Infinity
  1.40000000000000003E-002  0.57399999999999995        0.0000000000000000                      +Infinity
  1.40000000000000003E-002  0.57799999999999996        0.0000000000000000                      +Infinity
  1.40000000000000003E-002  0.58199999999999996        0.0000000000000000                      +Infinity
  1.40000000000000003E-002  0.58599999999999997        0.0000000000000000                      +Infinity
  1.40000000000000003E-002  0.58999999999999997        0.0000000000000000                      +Infinity
  1.40000000000000003E-002  0.59399999999999997        0.0000000000000000                      +Infinity
  1.40000000000000003E-002  0.59799999999999998        0.0000000000000000                      +Infinity
  1.40000000000000003E-002  0.60199999999999998        0.0000000000000000                      +Infinity
  1.40000000000000003E-002  0.60599999999999998        0.0000000000000000                      +Infinity
  1.40000000000000003E-002  0.60999999999999999        0.0000000000000000                      +Infinity
  1.40000000000000003E-002  0.61399999999999999        0.0000000000000000                      +Infinity
  1.40000000000000003E-002  0.61799999999999999        0.0000000000000000                      +Infinity
  1.40000000000000003E-002  0.62200000000000000        0.0000000000000000                      +Infinity
  1.40000000000000003E-002  0.62600000000000000        0.0000000000000000                      +Infinity
  1.40000000000000003E-002  0.63000000000000000        0.0000000000000000                      +Infinity
  1.40000000000000003E-002  0.63400000000000001        0.0000000000000000                      +Infinity
  1.40000000000000003E-002  0.63800000000000001        0.0000000000000000                      +Infinity
  1.40000000000000003E-002  0.64200000000000002        0.0000000000000000                      +Infinity
  1.40000000000000003E-002  0.64600000000000002        0.0000000000000000                      +Infinity
  1.40000000000000003E-002  0.65000000000000002        0.0000000000000000                      +Infinity
  1.40000000000000003E-002  0.65400000000000003        0.0000000000000000                      +Infinity
  1.40000000000000003E-002  0.65800000000000003        0.0000000000000000                      +Infinity
  1.40000000000000003E-002  0.66200000000000003        0.0000000000000000                      +Infinity
  1.40000000000000003E-002  0.66600000000000004        0.0000000000000000                      +Infinity
  1.40000000000000003E-002  0.67000000000000004        0.0000000000000000                      +Infinity
  1.40000000000000003E-002  0.67400000000000004        0.0000000000000000                      +Infinity
  1.40000000000000003E-002  0.67800000000000005        0.0000000000000000                      +Infinity
  1.40000000000000003E-002  0.68200000000000005        0.0000000000000000                      +Infinity
  1.40000000000000003E-002  0.68600000000000005        0.0000000000000000                      +Infinity
  1.40000000000000003E-002  0.68999999999999995        0.0000000000000000                      +Infinity
  1.40000000000000003E-002  0.69399999999999995        0.0000000000000000                      +Infinity
  1.40000000000000003E-002  0.69799999999999995        0.0000000000000000                      +Infinity
  1.40000000000000003E-002  0.70199999999999996        0.0000000000000000                      +Infinity
  1.40000000000000003E-002  0.70599999999999996        0.0000000000000000                      +Infinity
  1.40000000000000003E-002  0.70999999999999996        0.0000000000000000                      +Infinity
  1.40000000000000003E-002  0.71399999999999997        0.0000000000000000                      +Infinity
  1.40000000000000003E-002  0.71799999999999997        0.0000000000000000                      +Infinity
  1.40000000000000003E-002  0.72199999999999998        0.0000000000000000                      +Infinity
  1.40000000000000003E-002  0.72599999999999998        0.0000000000000000                      +Infinity
  1.40000000000000003E-002  0.72999999999999998        0.0000000000000000                      +Infinity
  1.40000000000000003E-002  0.73399999999999999        0.0000000000000000                      +Infinity
  1.40000000000000003E-002  0.73799999999999999        0.0000000000000000                      +Infinity
  1.40000000000000003E-002  0.74199999999999999        0.0000000000000000                      +Infinity
  1.40000000000000003E-002  0.74600000000000000        0.0000000000000000                      +Infinity
  1.40000000000000003E-002  0.75000000000000000        0.0000000000000000                      +Infinity
  1.40000000000000003E-002  0.75400000000000000        0.0000000000000000                      +Infinity
  1.40000000000000003E-002  0.75800000000000001        0.0000000000000000                      +Infinity
  1.40000000000000003E-002  0.76200000000000001        0.0000000000000000                      +Infinity
  1.40000000000000003E-002  0.76600000000000001        0.0000000000000000                      +Infinity
  1.40000000000000003E-002  0.77000000000000002        0.0000000000000000                      +Infinity
  1.40000000000000003E-002  0.77400000000000002        0.0000000000000000                      +Infinity
  1.40000000000000003E-002  0.77800000000000002        0.0000000000000000                      +Infinity
  1.40000000000000003E-002  0.78200000000000003        0.0000000000000000                      +Infinity
  1.40000000000000003E-002  0.78600000000000003        0.0000000000000000                      +Infinity
  1.40000000000000003E-002  0.79000000000000004        0.0000000000000000                      +Infinity
  1.40000000000000003E-002  0.79400000000000004        0.0000000000000000                      +Infinity
  1.40000000000000003E-002  0.79800000000000004        0.0000000000000000                      +Infinity
  1.40000000000000003E-002  0.80200000000000005        0.0000000000000000                      +Infinity
  1.40000000000000003E-002  0.80600000000000005        0.0000000000000000                      +Infinity
  1.40000000000000003E-002  0.81000000000000005        0.0000000000000000                      +Infinity
  1.40000000000000003E-002  0.81399999999999995        0.0000000000000000                      +Infinity
  1.40000000000000003E-002  0.81799999999999995        0.0000000000000000                      +Infinity
  1.40000000000000003E-002  0.82199999999999995        0.0000000000000000                      +Infinity
  1.40000000000000003E-002  0.82599999999999996        0.0000000000000000                      +Infinity
  1.40000000000000003E-002  0.82999999999999996        0.0000000000000000                      +Infinity
  1.40000000000000003E-002  0.83399999999999996        0.0000000000000000                      +Infinity
  1.40000000000000003E-002  0.83799999999999997        0.0000000000000000                      +Infinity
  1.40000000000000003E-002  0.84199999999999997        0.0000000000000000                      +Infinity
  1.40000000000000003E-002  0.84599999999999997        0.0000000000000000                      +Infinity
  1.40000000000000003E-002  0.84999999999999998        0.0000000000000000                      +Infinity
  1.40000000000000003E-002  0.85399999999999998        0.0000000000000000                      +Infinity
  1.40000000000000003E-002  0.85799999999999998        0.0000000000000000                      +Infinity
  1.40000000000000003E-002  0.86199999999999999        0.0000000000000000                      +Infinity
  1.40000000000000003E-002  0.86599999999999999        0.0000000000000000                      +Infinity
  1.40000000000000003E-002  0.87000000000000000        0.0000000000000000                      +Infinity
  1.40000000000000003E-002  0.87400000000000000        0.0000000000000000                      +Infinity
  1.40000000000000003E-002  0.87800000000000000        0.0000000000000000                      +Infinity
  1.40000000000000003E-002  0.88200000000000001        0.0000000000000000                      +Infinity
  1.40000000000000003E-002  0.88600000000000001        0.0000000000000000                      +Infinity
  1.40000000000000003E-002  0.89000000000000001        0.0000000000000000                      +Infinity
  1.40000000000000003E-002  0.89400000000000002        0.0000000000000000                      +Infinity
  1.40000000000000003E-002  0.89800000000000002        0.0000000000000000                      +Infinity
  1.40000000000000003E-002  0.90200000000000002        0.0000000000000000                      +Infinity
  1.40000000000000003E-002  0.90600000000000003        0.0000000000000000                      +Infinity
  1.40000000000000003E-002  0.91000000000000003        0.0000000000000000                      +Infinity
  1.40000000000000003E-002  0.91400000000000003        0.0000000000000000                      +Infinity
  1.40000000000000003E-002  0.91800000000000004        0.0000000000000000                      +Infinity
  1.40000000000000003E-002  0.92200000000000004        0.0000000000000000                      +Infinity
  1.40000000000000003E-002  0.92600000000000005        0.0000000000000000                      +Infinity
  1.40000000000000003E-002  0.93000000000000005        0.0000000000000000                      +Infinity
  1.40000000000000003E-002  0.93400000000000005        0.0000000000000000                      +Infinity
  1.40000000000000003E-002  0.93799999999999994        0.0000000000000000                      +Infinity
  1.40000000000000003E-002  0.94199999999999995        0.0000000000000000                      +Infinity
  1.40000000000000003E-002  0.94599999999999995        0.0000000000000000                      +Infinity
  1.40000000000000003E-002  0.94999999999999996        0.0000000000000000                      +Infinity
  1.40000000000000003E-002  0.95399999999999996        0.0000000000000000                      +Infinity
  1.40000000000000003E-002  0.95799999999999996        0.0000000000000000                      +Infinity
  1.40000000000000003E-002  0.96199999999999997        0.0000000000000000                      +Infinity
  1.40000000000000003E-002  0.96599999999999997        0.0000000000000000                      +Infinity
  1.40000000000000003E-002  0.96999999999999997        0.0000000000000000                      +Infinity
  1.40000000000000003E-002  0.97399999999999998        0.0000000000000000                      +Infinity
  1.40000000000000003E-002  0.97799999999999998        0.0000000000000000                      +Infinity
  1.40000000000000003E-002  0.98199999999999998        0.0000000000000000                      +Infinity
  1.40000000000000003E-002  0.98599999999999999        0.0000000000000000                      +Infinity
  1.40000000000000003E-002  0.98999999999999999        0.0000000000000000                      +Infinity
  1.40000000000000003E-002  0.99399999999999999        0.0000000000000000                      +Infinity
  1.40000000000000003E-002  0.99800000000000000        0.0000000000000000                      +Infinity
