  -1.0000000000000000E-003 -0.99800000000000000        0.0000000000000000                       Infinity
  -1.0000000000000000E-003 -0.99399999999999999        0.0000000000000000                       Infinity
  -1.0000000000000000E-003 -0.98999999999999999        0.0000000000000000                       Infinity
  -1.0000000000000000E-003 -0.98599999999999999        0.0000000000000000                       Infinity
  -1.0000000000000000E-003 -0.98199999999999998        0.0000000000000000                       Infinity
  -1.0000000000000000E-003 -0.97799999999999998        0.0000000000000000                       Infinity
  -1.0000000000000000E-003 -0.97399999999999998        0.0000000000000000                       Infinity
  -1.0000000000000000E-003 -0.96999999999999997        0.0000000000000000                       Infinity
  -1.0000000000000000E-003 -0.96599999999999997        0.0000000000000000                       Infinity
  -1.0000000000000000E-003 -0.96199999999999997        0.0000000000000000                       Infinity
  -1.0000000000000000E-003 -0.95799999999999996        0.0000000000000000                       Infinity
  -1.0000000000000000E-003 -0.95399999999999996        0.0000000000000000                       Infinity
  -1.0000000000000000E-003 -0.94999999999999996        0.0000000000000000                       Infinity
  -1.0000000000000000E-003 -0.94599999999999995        0.0000000000000000                       Infinity
  -1.0000000000000000E-003 -0.94199999999999995        0.0000000000000000                       Infinity
  -1.0000000000000000E-003 -0.93799999999999994        0.0000000000000000                       Infinity
  -1.0000000000000000E-003 -0.93400000000000005        0.0000000000000000                       Infinity
  -1.0000000000000000E-003 -0.93000000000000005        0.0000000000000000                       Infinity
  -1.0000000000000000E-003 -0.92600000000000005        0.0000000000000000                       Infinity
  -1.0000000000000000E-003 -0.92200000000000004        0.0000000000000000                       Infinity
  -1.0000000000000000E-003 -0.91800000000000004        0.0000000000000000                       Infinity
  -1.0000000000000000E-003 -0.91400000000000003        0.0000000000000000                       Infinity
  -1.0000000000000000E-003 -0.91000000000000003        0.0000000000000000                       Infinity
  -1.0000000000000000E-003 -0.90600000000000003        0.0000000000000000                       Infinity
  -1.0000000000000000E-003 -0.90200000000000002        0.0000000000000000                       Infinity
  -1.0000000000000000E-003 -0.89800000000000002        0.0000000000000000                       Infinity
  -1.0000000000000000E-003 -0.89400000000000002        0.0000000000000000                       Infinity
  -1.0000000000000000E-003 -0.89000000000000001        0.0000000000000000                       Infinity
  -1.0000000000000000E-003 -0.88600000000000001        0.0000000000000000                       Infinity
  -1.0000000000000000E-003 -0.88200000000000001        0.0000000000000000                       Infinity
  -1.0000000000000000E-003 -0.87800000000000000        0.0000000000000000                       Infinity
  -1.0000000000000000E-003 -0.87400000000000000        0.0000000000000000                       Infinity
  -1.0000000000000000E-003 -0.87000000000000000        0.0000000000000000                       Infinity
  -1.0000000000000000E-003 -0.86599999999999999        0.0000000000000000                       Infinity
  -1.0000000000000000E-003 -0.86199999999999999        0.0000000000000000                       Infinity
  -1.0000000000000000E-003 -0.85799999999999998        0.0000000000000000                       Infinity
  -1.0000000000000000E-003 -0.85399999999999998        0.0000000000000000                       Infinity
  -1.0000000000000000E-003 -0.84999999999999998        0.0000000000000000                       Infinity
  -1.0000000000000000E-003 -0.84599999999999997        0.0000000000000000                       Infinity
  -1.0000000000000000E-003 -0.84199999999999997        0.0000000000000000                       Infinity
  -1.0000000000000000E-003 -0.83799999999999997        0.0000000000000000                       Infinity
  -1.0000000000000000E-003 -0.83399999999999996        0.0000000000000000                       Infinity
  -1.0000000000000000E-003 -0.82999999999999996        0.0000000000000000                       Infinity
  -1.0000000000000000E-003 -0.82599999999999996        0.0000000000000000                       Infinity
  -1.0000000000000000E-003 -0.82199999999999995        0.0000000000000000                       Infinity
  -1.0000000000000000E-003 -0.81799999999999995        0.0000000000000000                       Infinity
  -1.0000000000000000E-003 -0.81399999999999995        0.0000000000000000                       Infinity
  -1.0000000000000000E-003 -0.81000000000000005        0.0000000000000000                       Infinity
  -1.0000000000000000E-003 -0.80600000000000005        0.0000000000000000                       Infinity
  -1.0000000000000000E-003 -0.80200000000000005        0.0000000000000000                       Infinity
  -1.0000000000000000E-003 -0.79800000000000004        0.0000000000000000                       Infinity
  -1.0000000000000000E-003 -0.79400000000000004        0.0000000000000000                       Infinity
  -1.0000000000000000E-003 -0.79000000000000004        0.0000000000000000                       Infinity
  -1.0000000000000000E-003 -0.78600000000000003        0.0000000000000000                       Infinity
  -1.0000000000000000E-003 -0.78200000000000003        0.0000000000000000                       Infinity
  -1.0000000000000000E-003 -0.77800000000000002        0.0000000000000000                       Infinity
  -1.0000000000000000E-003 -0.77400000000000002        0.0000000000000000                       Infinity
  -1.0000000000000000E-003 -0.77000000000000002        0.0000000000000000                       Infinity
  -1.0000000000000000E-003 -0.76600000000000001        0.0000000000000000                       Infinity
  -1.0000000000000000E-003 -0.76200000000000001        0.0000000000000000                       Infinity
  -1.0000000000000000E-003 -0.75800000000000001        0.0000000000000000                       Infinity
  -1.0000000000000000E-003 -0.75400000000000000        0.0000000000000000                       Infinity
  -1.0000000000000000E-003 -0.75000000000000000        0.0000000000000000                       Infinity
  -1.0000000000000000E-003 -0.74600000000000000        0.0000000000000000                       Infinity
  -1.0000000000000000E-003 -0.74199999999999999        0.0000000000000000                       Infinity
  -1.0000000000000000E-003 -0.73799999999999999        0.0000000000000000                       Infinity
  -1.0000000000000000E-003 -0.73399999999999999        0.0000000000000000                       Infinity
  -1.0000000000000000E-003 -0.72999999999999998        0.0000000000000000                       Infinity
  -1.0000000000000000E-003 -0.72599999999999998        0.0000000000000000                       Infinity
  -1.0000000000000000E-003 -0.72199999999999998        0.0000000000000000                       Infinity
  -1.0000000000000000E-003 -0.71799999999999997        5.5575000000000003E-009   19.008117470090198
  -1.0000000000000000E-003 -0.71399999999999997        7.5968749999999990E-008   16.392943765430015
  -1.0000000000000000E-003 -0.70999999999999996        1.4214750000000000E-007   15.766400586059984
  -1.0000000000000000E-003 -0.70599999999999996        3.3026625000000001E-007   14.923366689606894
  -1.0000000000000000E-003 -0.70199999999999996        5.2578750000000009E-007   14.458368698231052
  -1.0000000000000000E-003 -0.69799999999999995        7.4246250000000001E-007   14.113293472595485
  -1.0000000000000000E-003 -0.69399999999999995        1.3402000000000001E-006   13.522691701407341
  -1.0000000000000000E-003 -0.68999999999999995        2.1932324999999998E-006   13.030134074996310
  -1.0000000000000000E-003 -0.68600000000000005        3.7333237499999999E-006   12.498211635298915
  -1.0000000000000000E-003 -0.68200000000000005        7.2063050000000003E-006   11.840554220694507
  -1.0000000000000000E-003 -0.67800000000000005        1.1409050000000000E-005   11.381103657854606
  -1.0000000000000000E-003 -0.67400000000000004        1.6072515000000000E-005   11.038399887659889
  -1.0000000000000000E-003 -0.67000000000000004        2.2114863750000000E-005   10.719260607639676
  -1.0000000000000000E-003 -0.66600000000000004        3.2321788750000004E-005   10.339768980855233
  -1.0000000000000000E-003 -0.66200000000000003        4.2642108750000002E-005   10.062668324592194
  -1.0000000000000000E-003 -0.65800000000000003        5.6294966250000002E-005   9.7849054362297441
  -1.0000000000000000E-003 -0.65400000000000003        7.2826595000000005E-005   9.5274293535391870
  -1.0000000000000000E-003 -0.65000000000000002        9.2499391249999992E-005   9.2883084945486321
  -1.0000000000000000E-003 -0.64600000000000002        1.1315081125000000E-004   9.0867890162241718
  -1.0000000000000000E-003 -0.64200000000000002        1.4096848875000002E-004   8.8669741766049395
  -1.0000000000000000E-003 -0.63800000000000001        1.6822254000000000E-004   8.6902228122692158
  -1.0000000000000000E-003 -0.63400000000000001        2.0468389249999998E-004   8.4940437567174953
  -1.0000000000000000E-003 -0.63000000000000000        2.4522788499999998E-004   8.3133226368772153
  -1.0000000000000000E-003 -0.62600000000000000        2.9350161625000003E-004   8.1336274118969758
  -1.0000000000000000E-003 -0.62200000000000000        3.4483336250000003E-004   7.9724492648648662
  -1.0000000000000000E-003 -0.61799999999999999        4.0804466250000005E-004   7.8041339226394131
  -1.0000000000000000E-003 -0.61399999999999999        4.7356165499999993E-004   7.6552284426216408
  -1.0000000000000000E-003 -0.60999999999999999        5.4363230125000005E-004   7.5172374564629445
  -1.0000000000000000E-003 -0.60599999999999998        6.1556673375000000E-004   7.3929671962023855
  -1.0000000000000000E-003 -0.60199999999999998        6.8704441000000003E-004   7.2831116244542162
  -1.0000000000000000E-003 -0.59799999999999998        7.7688207750000002E-004   7.1602219855235800
  -1.0000000000000000E-003 -0.59399999999999997        8.7039287749999996E-004   7.0465658649153786
  -1.0000000000000000E-003 -0.58999999999999997        9.5767799374999992E-004   6.9509989599297946
  -1.0000000000000000E-003 -0.58599999999999997        1.0557285537500000E-003   6.8535241781145402
  -1.0000000000000000E-003 -0.58199999999999996        1.1578655962500000E-003   6.7611769719819526
  -1.0000000000000000E-003 -0.57799999999999996        1.2670500949999999E-003   6.6710638401453526
  -1.0000000000000000E-003 -0.57399999999999995        1.3757370562500000E-003   6.5887656505731185
  -1.0000000000000000E-003 -0.56999999999999995        1.4832543937500001E-003   6.5135166905848392
  -1.0000000000000000E-003 -0.56599999999999995        1.5869165000000000E-003   6.4459624538189315
  -1.0000000000000000E-003 -0.56200000000000006        1.6815518624999999E-003   6.3880381842622613
  -1.0000000000000000E-003 -0.55800000000000005        1.7896966137500002E-003   6.3257091630195861
  -1.0000000000000000E-003 -0.55400000000000005        1.8900385512500002E-003   6.2711580526318391
  -1.0000000000000000E-003 -0.55000000000000004        1.9960896487500003E-003   6.2165651878980706
  -1.0000000000000000E-003 -0.54600000000000004        2.0993227475000001E-003   6.1661404874579286
  -1.0000000000000000E-003 -0.54200000000000004        2.1861180999999999E-003   6.1256278650695553
  -1.0000000000000000E-003 -0.53800000000000003        2.2855947075000002E-003   6.0811290226349213
  -1.0000000000000000E-003 -0.53400000000000003        2.3715040737500000E-003   6.0442308948534684
  -1.0000000000000000E-003 -0.53000000000000003        2.4406533025000000E-003   6.0154895285886081
  -1.0000000000000000E-003 -0.52600000000000002        2.5143199387500001E-003   5.9857529140831458
  -1.0000000000000000E-003 -0.52200000000000002        2.6055781187499997E-003   5.9501007018153746
  -1.0000000000000000E-003 -0.51800000000000002        2.6897384150000002E-003   5.9183113335912685
  -1.0000000000000000E-003 -0.51400000000000001        2.7718442700000001E-003   5.8882423788862956
  -1.0000000000000000E-003 -0.51000000000000001        2.8298414537500003E-003   5.8675345923062547
  -1.0000000000000000E-003 -0.50600000000000001        2.8816127787500002E-003   5.8494051489501109
  -1.0000000000000000E-003 -0.50200000000000000        2.9499721237500002E-003   5.8259595582513271
  -1.0000000000000000E-003 -0.49800000000000000        3.0079587087499999E-003   5.8064936001330434
  -1.0000000000000000E-003 -0.49399999999999999        3.0690127887500001E-003   5.7863993362792545
  -1.0000000000000000E-003 -0.48999999999999999        3.1253531599999998E-003   5.7682079909790565
  -1.0000000000000000E-003 -0.48599999999999999        3.1898417049999999E-003   5.7477839856736619
  -1.0000000000000000E-003 -0.48199999999999998        3.2434465862499996E-003   5.7311187533826340
  -1.0000000000000000E-003 -0.47799999999999998        3.2818842500000004E-003   5.7193375550653620
  -1.0000000000000000E-003 -0.47399999999999998        3.3421699949999998E-003   5.7011349838548231
  -1.0000000000000000E-003 -0.46999999999999997        3.4000506524999997E-003   5.6839649496768745
  -1.0000000000000000E-003 -0.46600000000000003        3.4461122199999999E-003   5.6705085761135434
  -1.0000000000000000E-003 -0.46200000000000002        3.4979025350000002E-003   5.6555917658385173
  -1.0000000000000000E-003 -0.45800000000000002        3.5339311612499996E-003   5.6453443842641633
  -1.0000000000000000E-003 -0.45400000000000001        3.5721316524999999E-003   5.6345927598441685
  -1.0000000000000000E-003 -0.45000000000000001        3.6103545962500000E-003   5.6239492853531825
  -1.0000000000000000E-003 -0.44600000000000001        3.6444690312500000E-003   5.6145445945714423
  -1.0000000000000000E-003 -0.44200000000000000        3.6712465649999999E-003   5.6072240111005032
  -1.0000000000000000E-003 -0.43800000000000000        3.6923910825000000E-003   5.6014810409470668
  -1.0000000000000000E-003 -0.43400000000000000        3.7146336137500002E-003   5.5954752291618988
  -1.0000000000000000E-003 -0.42999999999999999        3.7363918650000004E-003   5.5896348751973690
  -1.0000000000000000E-003 -0.42599999999999999        3.7508732974999999E-003   5.5857665867786670
  -1.0000000000000000E-003 -0.42199999999999999        3.7750596875000000E-003   5.5793390851478675
  -1.0000000000000000E-003 -0.41799999999999998        3.7904325274999997E-003   5.5752751430484526
  -1.0000000000000000E-003 -0.41399999999999998        3.8096336762500002E-003   5.5702222424319183
  -1.0000000000000000E-003 -0.40999999999999998        3.8329347474999999E-003   5.5641245166002680
  -1.0000000000000000E-003 -0.40600000000000003        3.8305125299999999E-003   5.5647566648993170
  -1.0000000000000000E-003 -0.40200000000000002        3.8434376012500002E-003   5.5613881041839397
  -1.0000000000000000E-003 -0.39800000000000002        3.8597995187499997E-003   5.5571400350018987
  -1.0000000000000000E-003 -0.39400000000000002        3.8684574812500004E-003   5.5548994350523566
  -1.0000000000000000E-003 -0.39000000000000001        3.8553276687500002E-003   5.5582992772002724
  -1.0000000000000000E-003 -0.38600000000000001        3.8473500512500002E-003   5.5603706660451460
  -1.0000000000000000E-003 -0.38200000000000001        3.8280722949999998E-003   5.5653939197285940
  -1.0000000000000000E-003 -0.37800000000000000        3.8300346337500004E-003   5.5648814330758984
  -1.0000000000000000E-003 -0.37400000000000000        3.8406989850000004E-003   5.5621009016037180
  -1.0000000000000000E-003 -0.37000000000000000        3.8523149737499998E-003   5.5590810195028579
  -1.0000000000000000E-003 -0.36599999999999999        3.8589283400000001E-003   5.5573657661766829
  -1.0000000000000000E-003 -0.36199999999999999        3.8377095712499999E-003   5.5628795561593183
  -1.0000000000000000E-003 -0.35799999999999998        3.8290335262500001E-003   5.5651428506491039
  -1.0000000000000000E-003 -0.35399999999999998        3.8119268275000001E-003   5.5696204886787157
  -1.0000000000000000E-003 -0.34999999999999998        3.7944955075000001E-003   5.5742038130714624
  -1.0000000000000000E-003 -0.34599999999999997        3.7895098124999995E-003   5.5755186053238024
  -1.0000000000000000E-003 -0.34200000000000003        3.7990028924999998E-003   5.5730166433923634
  -1.0000000000000000E-003 -0.33800000000000002        3.8000101149999999E-003   5.5727515504112342
  -1.0000000000000000E-003 -0.33400000000000002        3.8131085287499999E-003   5.5693105356872215
  -1.0000000000000000E-003 -0.33000000000000002        3.8143984550000000E-003   5.5689723055774234
  -1.0000000000000000E-003 -0.32600000000000001        3.8312580450000000E-003   5.5645620584450892
  -1.0000000000000000E-003 -0.32200000000000001        3.8257291525000000E-003   5.5660062017662915
  -1.0000000000000000E-003 -0.31800000000000000        3.8217325300000000E-003   5.5670514172978702
  -1.0000000000000000E-003 -0.31400000000000000        3.8250263337500003E-003   5.5661899270868140
  -1.0000000000000000E-003 -0.31000000000000000        3.8219067825000005E-003   5.5670058231789152
  -1.0000000000000000E-003 -0.30599999999999999        3.8204981449999997E-003   5.5673744604153130
  -1.0000000000000000E-003 -0.30199999999999999        3.8334309550000002E-003   5.5639950660835700
  -1.0000000000000000E-003 -0.29799999999999999        3.8472182449999998E-003   5.5604049256020023
  -1.0000000000000000E-003 -0.29399999999999998        3.8475724450000000E-003   5.5603128633186936
  -1.0000000000000000E-003 -0.28999999999999998        3.8321583150000000E-003   5.5643271057916381
  -1.0000000000000000E-003 -0.28599999999999998        3.8234211187500003E-003   5.5666096763322752
  -1.0000000000000000E-003 -0.28199999999999997        3.8288256449999997E-003   5.5651971429115763
  -1.0000000000000000E-003 -0.27800000000000002        3.8201765712499998E-003   5.5674586345915813
  -1.0000000000000000E-003 -0.27400000000000002        3.8228713175000005E-003   5.5667534849180784
  -1.0000000000000000E-003 -0.27000000000000002        3.8311095524999998E-003   5.5646008173529937
  -1.0000000000000000E-003 -0.26600000000000001        3.8202752512499997E-003   5.5674328036584644
  -1.0000000000000000E-003 -0.26200000000000001        3.8060485237499998E-003   5.5711637609119942
  -1.0000000000000000E-003 -0.25800000000000001        3.7850686250000000E-003   5.5766912614776931
  -1.0000000000000000E-003 -0.25400000000000000        3.7591898575000003E-003   5.5835518082267646
  -1.0000000000000000E-003 -0.25000000000000000        3.7468933912499997E-003   5.5868282113367549
  -1.0000000000000000E-003 -0.24600000000000000        3.7353141125000002E-003   5.5899233642012778
  -1.0000000000000000E-003 -0.24199999999999999        3.7405813449999997E-003   5.5885142397956447
  -1.0000000000000000E-003 -0.23799999999999999        3.7334676100000005E-003   5.5904178230317081
  -1.0000000000000000E-003 -0.23400000000000001        3.7049392849999997E-003   5.5980884076828001
  -1.0000000000000000E-003 -0.23000000000000001        3.6948677000000004E-003   5.6008105303650755
  -1.0000000000000000E-003 -0.22600000000000001        3.6870391400000003E-003   5.6029315441097731
  -1.0000000000000000E-003 -0.22200000000000000        3.6852750462499999E-003   5.6034101167096662
  -1.0000000000000000E-003 -0.21800000000000000        3.6891575787500004E-003   5.6023571454354917
  -1.0000000000000000E-003 -0.21400000000000000        3.6643477724999998E-003   5.6091049205991714
  -1.0000000000000000E-003 -0.20999999999999999        3.6445168537500004E-003   5.6145314727186202
  -1.0000000000000000E-003 -0.20599999999999999        3.6330557675000002E-003   5.6176811755993938
  -1.0000000000000000E-003 -0.20200000000000001        3.6083157675000001E-003   5.6245141619028729
  -1.0000000000000000E-003 -0.19800000000000001        3.6112957275000000E-003   5.6236886437510174
  -1.0000000000000000E-003 -0.19400000000000001        3.6086015887499996E-003   5.6244349532224795
  -1.0000000000000000E-003 -0.19000000000000000        3.6025692124999997E-003   5.6261080179226193
  -1.0000000000000000E-003 -0.18600000000000000        3.5856247199999997E-003   5.6308225606977356
  -1.0000000000000000E-003 -0.18200000000000000        3.5756374325000002E-003   5.6336118159330173
  -1.0000000000000000E-003 -0.17799999999999999        3.5594078137499998E-003   5.6381610924072181
  -1.0000000000000000E-003 -0.17399999999999999        3.5434676662500003E-003   5.6426494645615772
  -1.0000000000000000E-003 -0.17000000000000001        3.5431039387500002E-003   5.6427521171616197
  -1.0000000000000000E-003 -0.16600000000000001        3.5297410175000004E-003   5.6465307768756681
  -1.0000000000000000E-003 -0.16200000000000001        3.5384458462500001E-003   5.6440676747198468
  -1.0000000000000000E-003 -0.15800000000000000        3.5374082612499996E-003   5.6443609495646001
  -1.0000000000000000E-003 -0.15400000000000000        3.5250810250000001E-003   5.6478518571664722
  -1.0000000000000000E-003 -0.14999999999999999        3.5116262137500002E-003   5.6516760400380432
  -1.0000000000000000E-003 -0.14599999999999999        3.5069925187499996E-003   5.6529964410599041
  -1.0000000000000000E-003 -0.14199999999999999        3.5030065000000001E-003   5.6541336792161250
  -1.0000000000000000E-003 -0.13800000000000001        3.5002782275000001E-003   5.6549128200747871
  -1.0000000000000000E-003 -0.13400000000000001        3.5171330962500001E-003   5.6501090825185436
  -1.0000000000000000E-003 -0.13000000000000000        3.5275767737499996E-003   5.6471441101226212
  -1.0000000000000000E-003 -0.12600000000000000        3.5141715900000002E-003   5.6509514600166817
  -1.0000000000000000E-003 -0.12200000000000000        3.5162173750000001E-003   5.6503694765537675
  -1.0000000000000000E-003 -0.11799999999999999        3.5204824375000003E-003   5.6491572426555070
  -1.0000000000000000E-003 -0.11400000000000000        3.5169874362500002E-003   5.6501504977883981
  -1.0000000000000000E-003 -0.11000000000000000        3.5169653425000001E-003   5.6501567798180607
  -1.0000000000000000E-003 -0.10600000000000000        3.5046701050000001E-003   5.6536588841806168
  -1.0000000000000000E-003 -0.10199999999999999        3.5014468087499998E-003   5.6545790219736620
  -1.0000000000000000E-003  -9.8000000000000004E-002   3.4794079662500005E-003   5.6608931243093963
  -1.0000000000000000E-003  -9.4000000000000000E-002   3.4701861049999997E-003   5.6635470538967025
  -1.0000000000000000E-003  -8.9999999999999997E-002   3.4755254012499995E-003   5.6620096167898177
  -1.0000000000000000E-003  -8.5999999999999993E-002   3.4703619312500002E-003   5.6634963875086539
  -1.0000000000000000E-003  -8.2000000000000003E-002   3.4596065462500001E-003   5.6666004113351871
  -1.0000000000000000E-003  -7.8000000000000000E-002   3.4615633899999997E-003   5.6660349451437293
  -1.0000000000000000E-003  -7.3999999999999996E-002   3.4582323237499998E-003   5.6669977095503965
  -1.0000000000000000E-003  -7.0000000000000007E-002   3.4658910862500002E-003   5.6647855116533101
  -1.0000000000000000E-003  -6.6000000000000003E-002   3.4635565412500001E-003   5.6654593157467446
  -1.0000000000000000E-003  -6.2000000000000000E-002   3.4653459912499995E-003   5.6649427981506637
  -1.0000000000000000E-003  -5.8000000000000003E-002   3.4701286237499998E-003   5.6635636183472347
  -1.0000000000000000E-003  -5.3999999999999999E-002   3.4808808949999999E-003   5.6604698864808096
  -1.0000000000000000E-003  -5.0000000000000003E-002   3.4785228087500001E-003   5.6611475555572488
  -1.0000000000000000E-003  -4.5999999999999999E-002   3.4883482000000001E-003   5.6583269499362334
  -1.0000000000000000E-003  -4.2000000000000003E-002   3.5144447075000002E-003   5.6508737441509753
  -1.0000000000000000E-003  -3.7999999999999999E-002   3.5076286462500002E-003   5.6528150691834247
  -1.0000000000000000E-003  -3.4000000000000002E-002   3.5052772949999999E-003   5.6534856475022588
  -1.0000000000000000E-003  -2.9999999999999999E-002   3.4879367750000000E-003   5.6584448995331762
  -1.0000000000000000E-003  -2.5999999999999999E-002   3.4963660025000001E-003   5.6560311348780328
  -1.0000000000000000E-003  -2.1999999999999999E-002   3.4963407312500003E-003   5.6560383627658775
  -1.0000000000000000E-003  -1.7999999999999999E-002   3.4925489575000001E-003   5.6571234490359164
  -1.0000000000000000E-003  -1.4000000000000000E-002   3.4597500062500002E-003   5.6665589450517455
  -1.0000000000000000E-003  -1.0000000000000000E-002   3.4498688137499997E-003   5.6694190736618371
  -1.0000000000000000E-003  -6.0000000000000001E-003   3.4557051275000000E-003   5.6677287535843837
  -1.0000000000000000E-003  -2.0000000000000000E-003   3.4583317925000003E-003   5.6669689470757527
  -1.0000000000000000E-003   2.0000000000000000E-003   3.4523292324999998E-003   5.6687061358881810
  -1.0000000000000000E-003   6.0000000000000001E-003   3.4504778612499997E-003   5.6692425470233170
  -1.0000000000000000E-003   1.0000000000000000E-002   3.4395699212499999E-003   5.6724088383052855
  -1.0000000000000000E-003   1.4000000000000000E-002   3.4329271262500002E-003   5.6743419921568794
  -1.0000000000000000E-003   1.7999999999999999E-002   3.4208950362499997E-003   5.6778530556409494
  -1.0000000000000000E-003   2.1999999999999999E-002   3.4194893225000002E-003   5.6782640599635323
  -1.0000000000000000E-003   2.5999999999999999E-002   3.4157581337499999E-003   5.6793558094998842
  -1.0000000000000000E-003   2.9999999999999999E-002   3.4068105762499997E-003   5.6819787402493080
  -1.0000000000000000E-003   3.4000000000000002E-002   3.4020742537499999E-003   5.6833699587475435
  -1.0000000000000000E-003   3.7999999999999999E-002   3.4071728212499998E-003   5.6818724162449161
  -1.0000000000000000E-003   4.2000000000000003E-002   3.4253002812499999E-003   5.6765661377533680
  -1.0000000000000000E-003   4.5999999999999999E-002   3.4362529612499996E-003   5.6733736567172741
  -1.0000000000000000E-003   5.0000000000000003E-002   3.4563141187500001E-003   5.6675525413286358
  -1.0000000000000000E-003   5.3999999999999999E-002   3.4513483562499999E-003   5.6689902963936474
  -1.0000000000000000E-003   5.8000000000000003E-002   3.4619851787499995E-003   5.6659131033609116
  -1.0000000000000000E-003   6.2000000000000000E-002   3.4714936825000001E-003   5.6631703215911244
  -1.0000000000000000E-003   6.6000000000000003E-002   3.4726640837499999E-003   5.6628332321123187
  -1.0000000000000000E-003   7.0000000000000007E-002   3.4737200362499995E-003   5.6625292027094263
  -1.0000000000000000E-003   7.3999999999999996E-002   3.4684969275000001E-003   5.6640339409689195
  -1.0000000000000000E-003   7.8000000000000000E-002   3.4610335762500001E-003   5.6661880130613387
  -1.0000000000000000E-003   8.2000000000000003E-002   3.4616989512499998E-003   5.6659957840536723
  -1.0000000000000000E-003   8.5999999999999993E-002   3.4595720762500000E-003   5.6666103749455754
  -1.0000000000000000E-003   8.9999999999999997E-002   3.4656254724999996E-003   5.6648621510865071
  -1.0000000000000000E-003   9.4000000000000000E-002   3.4492237037499996E-003   5.6696060866639808
  -1.0000000000000000E-003   9.8000000000000004E-002   3.4478718500000000E-003   5.6699980933446987
  -1.0000000000000000E-003  0.10199999999999999        3.4437867525000001E-003   5.6711836128876927
  -1.0000000000000000E-003  0.10600000000000000        3.4574218975000001E-003   5.6672320839791288
  -1.0000000000000000E-003  0.11000000000000000        3.4567996737500002E-003   5.6674120677257500
  -1.0000000000000000E-003  0.11400000000000000        3.4688924000000000E-003   5.6639199290598983
  -1.0000000000000000E-003  0.11799999999999999        3.4722217249999999E-003   5.6629606233359562
  -1.0000000000000000E-003  0.12200000000000000        3.4818019562499998E-003   5.6602053156896224
  -1.0000000000000000E-003  0.12600000000000000        3.5002479637500001E-003   5.6549214662105696
  -1.0000000000000000E-003  0.13000000000000000        3.5003596950000000E-003   5.6548895457672437
  -1.0000000000000000E-003  0.13400000000000001        3.4995842637499997E-003   5.6551110993275984
  -1.0000000000000000E-003  0.13800000000000001        3.5029727475000003E-003   5.6541433145572553
  -1.0000000000000000E-003  0.14199999999999999        3.5188548312499995E-003   5.6496196743353275
  -1.0000000000000000E-003  0.14599999999999999        3.5164167387500000E-003   5.6503127798034942
  -1.0000000000000000E-003  0.14999999999999999        3.5147962075000004E-003   5.6507737333519312
  -1.0000000000000000E-003  0.15400000000000000        3.5113873937500004E-003   5.6517440507278813
  -1.0000000000000000E-003  0.15800000000000000        3.5223155887500000E-003   5.6486366679394449
  -1.0000000000000000E-003  0.16200000000000001        3.5315633262500003E-003   5.6460146374482356
  -1.0000000000000000E-003  0.16600000000000001        3.5343782975000002E-003   5.6452178656805598
  -1.0000000000000000E-003  0.17000000000000001        3.5296776199999999E-003   5.6465487379864214
  -1.0000000000000000E-003  0.17399999999999999        3.5457973612499998E-003   5.6419922186905804
  -1.0000000000000000E-003  0.17799999999999999        3.5579568399999998E-003   5.6385688202224102
  -1.0000000000000000E-003  0.18200000000000000        3.5569719499999996E-003   5.6388456719057825
  -1.0000000000000000E-003  0.18600000000000000        3.5818797887499998E-003   5.6318675357197137
  -1.0000000000000000E-003  0.19000000000000000        3.5944953962500003E-003   5.6283516603173540
  -1.0000000000000000E-003  0.19400000000000001        3.5999615799999999E-003   5.6268321057992434
  -1.0000000000000000E-003  0.19800000000000001        3.5927872937499996E-003   5.6288269727840623
  -1.0000000000000000E-003  0.20200000000000001        3.6073763687500000E-003   5.6247745385202697
  -1.0000000000000000E-003  0.20599999999999999        3.6054843587500001E-003   5.6252991597807860
  -1.0000000000000000E-003  0.20999999999999999        3.6094657787499999E-003   5.6241955013137810
  -1.0000000000000000E-003  0.21400000000000000        3.6238675974999998E-003   5.6202134263750008
  -1.0000000000000000E-003  0.21800000000000000        3.6233654674999996E-003   5.6203519978812020
  -1.0000000000000000E-003  0.22200000000000000        3.6337253150000000E-003   5.6174968993719165
  -1.0000000000000000E-003  0.22600000000000001        3.6522071737499998E-003   5.6124235890112280
  -1.0000000000000000E-003  0.23000000000000001        3.6458479574999997E-003   5.6141663047745585
  -1.0000000000000000E-003  0.23400000000000001        3.6334059150000000E-003   5.6175848020091737
  -1.0000000000000000E-003  0.23799999999999999        3.6444481737499998E-003   5.6145503176437206
  -1.0000000000000000E-003  0.24199999999999999        3.6564262487500001E-003   5.6112690433595960
  -1.0000000000000000E-003  0.24600000000000000        3.6508186250000002E-003   5.6128038557130022
  -1.0000000000000000E-003  0.25000000000000000        3.6778888587499997E-003   5.6054163711059513
  -1.0000000000000000E-003  0.25400000000000000        3.6961129175000005E-003   5.6004735743977347
  -1.0000000000000000E-003  0.25800000000000001        3.7040863174999999E-003   5.5983186586090437
  -1.0000000000000000E-003  0.26200000000000001        3.7101486562500000E-003   5.5966833340954558
  -1.0000000000000000E-003  0.26600000000000001        3.7001962562499997E-003   5.5993694185089176
  -1.0000000000000000E-003  0.27000000000000002        3.6987162750000001E-003   5.5997694722366749
  -1.0000000000000000E-003  0.27400000000000002        3.7262011812500000E-003   5.5923660143661014
  -1.0000000000000000E-003  0.27800000000000002        3.7262491987500000E-003   5.5923531280005303
  -1.0000000000000000E-003  0.28199999999999997        3.7459548075000001E-003   5.5870787392348289
  -1.0000000000000000E-003  0.28599999999999998        3.7529526699999999E-003   5.5852123701531138
  -1.0000000000000000E-003  0.28999999999999998        3.7541006037499999E-003   5.5849065420959283
  -1.0000000000000000E-003  0.29399999999999998        3.7718554337500001E-003   5.5801882410986261
  -1.0000000000000000E-003  0.29799999999999999        3.7770677362500000E-003   5.5788073015365347
  -1.0000000000000000E-003  0.30199999999999999        3.7925831012499997E-003   5.5747079349842883
  -1.0000000000000000E-003  0.30599999999999999        3.7876368687499999E-003   5.5760129718358771
  -1.0000000000000000E-003  0.31000000000000000        3.7594099987500003E-003   5.5834932491188800
  -1.0000000000000000E-003  0.31400000000000000        3.7644736087500000E-003   5.5821472392578428
  -1.0000000000000000E-003  0.31800000000000000        3.7572270362500001E-003   5.5840740840191705
  -1.0000000000000000E-003  0.32200000000000001        3.7391220900000002E-003   5.5889044304044555
  -1.0000000000000000E-003  0.32600000000000001        3.7267834325000002E-003   5.5922097679007301
  -1.0000000000000000E-003  0.33000000000000002        3.7330736387499995E-003   5.5905233528177876
  -1.0000000000000000E-003  0.33400000000000002        3.7397025149999998E-003   5.5887492121631350
  -1.0000000000000000E-003  0.33800000000000002        3.7490600600000000E-003   5.5862501210846123
  -1.0000000000000000E-003  0.34200000000000003        3.7663130412500002E-003   5.5816587291932054
  -1.0000000000000000E-003  0.34599999999999997        3.7652703687500000E-003   5.5819356092195953
  -1.0000000000000000E-003  0.34999999999999998        3.7583249175000000E-003   5.5837819215101314
  -1.0000000000000000E-003  0.35399999999999998        3.7691961487500004E-003   5.5808935234007402
  -1.0000000000000000E-003  0.35799999999999998        3.7577724062500002E-003   5.5839289422915810
  -1.0000000000000000E-003  0.36199999999999999        3.7631224449999998E-003   5.5825062287027762
  -1.0000000000000000E-003  0.36599999999999999        3.7606889412500001E-003   5.5831531093088760
  -1.0000000000000000E-003  0.37000000000000000        3.7691953575000000E-003   5.5808937333261595
  -1.0000000000000000E-003  0.37400000000000000        3.7691340049999999E-003   5.5809100108054395
  -1.0000000000000000E-003  0.37800000000000000        3.7531356725000000E-003   5.5851636090696610
  -1.0000000000000000E-003  0.38200000000000001        3.7316059362500001E-003   5.5909165920731807
  -1.0000000000000000E-003  0.38600000000000001        3.7301287687499999E-003   5.5913125234692158
  -1.0000000000000000E-003  0.39000000000000001        3.7315286362499997E-003   5.5909373072295949
  -1.0000000000000000E-003  0.39400000000000002        3.7116208649999997E-003   5.5962866069362267
  -1.0000000000000000E-003  0.39800000000000002        3.7150230062500001E-003   5.5953704080321280
  -1.0000000000000000E-003  0.40200000000000002        3.7194421325000000E-003   5.5941815863245843
  -1.0000000000000000E-003  0.40600000000000003        3.7079712387500002E-003   5.5972703878485239
  -1.0000000000000000E-003  0.40999999999999998        3.6940183500000002E-003   5.6010404297025378
  -1.0000000000000000E-003  0.41399999999999998        3.6570612062499998E-003   5.6110954032171874
  -1.0000000000000000E-003  0.41799999999999998        3.6398308287500002E-003   5.6158180740316448
  -1.0000000000000000E-003  0.42199999999999999        3.6186408587499997E-003   5.6216567770287043
  -1.0000000000000000E-003  0.42599999999999999        3.6010432337499998E-003   5.6265316883474821
  -1.0000000000000000E-003  0.42999999999999999        3.5551570224999999E-003   5.6393560472227691
  -1.0000000000000000E-003  0.43400000000000000        3.5196984912499998E-003   5.6493799489356933
  -1.0000000000000000E-003  0.43800000000000000        3.5045090975000001E-003   5.6537048260791973
  -1.0000000000000000E-003  0.44200000000000000        3.4732153924999999E-003   5.6626744879955968
  -1.0000000000000000E-003  0.44600000000000001        3.4301076424999998E-003   5.6751636356436528
  -1.0000000000000000E-003  0.45000000000000001        3.4025355599999999E-003   5.6832343723543977
  -1.0000000000000000E-003  0.45400000000000001        3.3702208800000001E-003   5.6927769937390105
  -1.0000000000000000E-003  0.45800000000000002        3.3352530637500003E-003   5.7032067213089732
  -1.0000000000000000E-003  0.46200000000000002        3.2983505850000001E-003   5.7143327581899923
  -1.0000000000000000E-003  0.46600000000000003        3.2581387087499999E-003   5.7265991948927271
  -1.0000000000000000E-003  0.46999999999999997        3.2311085087499995E-003   5.7349300090608590
  -1.0000000000000000E-003  0.47399999999999998        3.1841830787500002E-003   5.7495595130456278
  -1.0000000000000000E-003  0.47799999999999998        3.1383919837499998E-003   5.7640447173195808
  -1.0000000000000000E-003  0.48199999999999998        3.0714326124999997E-003   5.7856111772070244
  -1.0000000000000000E-003  0.48599999999999999        3.0060416312499998E-003   5.8071311383626920
  -1.0000000000000000E-003  0.48999999999999999        2.9618627025000000E-003   5.8219369171818274
  -1.0000000000000000E-003  0.49399999999999999        2.8907044375000002E-003   5.8462550565600013
  -1.0000000000000000E-003  0.49800000000000000        2.8363221875000000E-003   5.8652470704532575
  -1.0000000000000000E-003  0.50200000000000000        2.7713952062500000E-003   5.8884044010225960
  -1.0000000000000000E-003  0.50600000000000001        2.7115142724999999E-003   5.9102480280053280
  -1.0000000000000000E-003  0.51000000000000001        2.6609169637500001E-003   5.9290844923776396
  -1.0000000000000000E-003  0.51400000000000001        2.5894725249999999E-003   5.9563010823130167
  -1.0000000000000000E-003  0.51800000000000002        2.5089706400000002E-003   5.9878827135395758
  -1.0000000000000000E-003  0.52200000000000002        2.4356689687500001E-003   6.0175338296862817
  -1.0000000000000000E-003  0.52600000000000002        2.3568555624999999E-003   6.0504269371349579
  -1.0000000000000000E-003  0.53000000000000003        2.2689720612500000E-003   6.0884283865039608
  -1.0000000000000000E-003  0.53400000000000003        2.1673673212500000E-003   6.1342420639859254
  -1.0000000000000000E-003  0.53800000000000003        2.0729637375000000E-003   6.1787759384456047
  -1.0000000000000000E-003  0.54200000000000004        1.9816140375000001E-003   6.2238435958921317
  -1.0000000000000000E-003  0.54600000000000004        1.8930170850000000E-003   6.2695833814391024
  -1.0000000000000000E-003  0.55000000000000004        1.8057547750000001E-003   6.3167766167062034
  -1.0000000000000000E-003  0.55400000000000005        1.7325063475000001E-003   6.3581861631262635
  -1.0000000000000000E-003  0.55800000000000005        1.6483024400000001E-003   6.4080093449150093
  -1.0000000000000000E-003  0.56200000000000006        1.5602977100000000E-003   6.4628786361846888
  -1.0000000000000000E-003  0.56599999999999995        1.4729052825000000E-003   6.5205184460131260
  -1.0000000000000000E-003  0.56999999999999995        1.3734407350000000E-003   6.5904362022495837
  -1.0000000000000000E-003  0.57399999999999995        1.2824684862500000E-003   6.6589685533460052
  -1.0000000000000000E-003  0.57799999999999996        1.1894818675000000E-003   6.7342374721373659
  -1.0000000000000000E-003  0.58199999999999996        1.1001943125000001E-003   6.8122684670509122
  -1.0000000000000000E-003  0.58599999999999997        1.0184944400000000E-003   6.8894297813206595
  -1.0000000000000000E-003  0.58999999999999997        9.2780565999999994E-004   6.9826882652125546
  -1.0000000000000000E-003  0.59399999999999997        8.3148908875000011E-004   7.0922923817866028
  -1.0000000000000000E-003  0.59799999999999998        7.5334147000000000E-004   7.1909919535394256
  -1.0000000000000000E-003  0.60199999999999998        6.7575670625000001E-004   7.2996774486986187
  -1.0000000000000000E-003  0.60599999999999998        5.9744932500000001E-004   7.4228410894708068
  -1.0000000000000000E-003  0.60999999999999999        5.2611732375000000E-004   7.5499863211439111
  -1.0000000000000000E-003  0.61399999999999999        4.6689009500000002E-004   7.6694166706052149
  -1.0000000000000000E-003  0.61799999999999999        4.0567664499999997E-004   7.8099541565767838
  -1.0000000000000000E-003  0.62200000000000000        3.4835184000000000E-004   7.9622975544581749
  -1.0000000000000000E-003  0.62600000000000000        2.9293493250000003E-004   8.1355600469879903
  -1.0000000000000000E-003  0.63000000000000000        2.4255869749999998E-004   8.3242668253300938
  -1.0000000000000000E-003  0.63400000000000001        2.0001258874999999E-004   8.5171302496471117
  -1.0000000000000000E-003  0.63800000000000001        1.6460029375000001E-004   8.7119904850934926
  -1.0000000000000000E-003  0.64200000000000002        1.3417099374999998E-004   8.9163954987410410
  -1.0000000000000000E-003  0.64600000000000002        1.0953598375000000E-004   9.1192574439695626
  -1.0000000000000000E-003  0.65000000000000002        8.7316517500000008E-005   9.3459709091209007
  -1.0000000000000000E-003  0.65400000000000003        6.7598080000000005E-005   9.6019309776855746
  -1.0000000000000000E-003  0.65800000000000003        4.7868172499999998E-005   9.9470597315994329
  -1.0000000000000000E-003  0.66200000000000003        3.4772550000000003E-005   10.266682275548265
  -1.0000000000000000E-003  0.66600000000000004        2.7655621250000000E-005   10.495681550477780
  -1.0000000000000000E-003  0.67000000000000004        1.9296798750000000E-005   10.855571343686679
  -1.0000000000000000E-003  0.67400000000000004        1.2888112500000002E-005   11.259205183077420
  -1.0000000000000000E-003  0.67800000000000005        9.5283437499999996E-006   11.561239648686332
  -1.0000000000000000E-003  0.68200000000000005        6.0906225000000005E-006   12.008760264717475
  -1.0000000000000000E-003  0.68600000000000005        3.8289799999999995E-006   12.472912108778658
  -1.0000000000000000E-003  0.68999999999999995        2.7170799999999997E-006   12.815952783713566
  -1.0000000000000000E-003  0.69399999999999995        1.7377937499999999E-006   13.262894209049097
  -1.0000000000000000E-003  0.69799999999999995        1.0515949999999999E-006   13.765202498761555
  -1.0000000000000000E-003  0.70199999999999996        6.6458250000000000E-007   14.224106813000647
  -1.0000000000000000E-003  0.70599999999999996        2.4185000000000001E-007   15.234948137677419
  -1.0000000000000000E-003  0.70999999999999996        1.9937624999999998E-007   15.428072093834480
  -1.0000000000000000E-003  0.71399999999999997        1.8697374999999998E-007   15.492297604276773
  -1.0000000000000000E-003  0.71799999999999997        8.4973749999999997E-008   16.280923451681314
  -1.0000000000000000E-003  0.72199999999999998        2.5124999999999999E-010   22.104572656555263
  -1.0000000000000000E-003  0.72599999999999998        0.0000000000000000                       Infinity
  -1.0000000000000000E-003  0.72999999999999998        0.0000000000000000                       Infinity
  -1.0000000000000000E-003  0.73399999999999999        0.0000000000000000                       Infinity
  -1.0000000000000000E-003  0.73799999999999999        0.0000000000000000                       Infinity
  -1.0000000000000000E-003  0.74199999999999999        0.0000000000000000                       Infinity
  -1.0000000000000000E-003  0.74600000000000000        0.0000000000000000                       Infinity
  -1.0000000000000000E-003  0.75000000000000000        0.0000000000000000                       Infinity
  -1.0000000000000000E-003  0.75400000000000000        0.0000000000000000                       Infinity
  -1.0000000000000000E-003  0.75800000000000001        0.0000000000000000                       Infinity
  -1.0000000000000000E-003  0.76200000000000001        0.0000000000000000                       Infinity
  -1.0000000000000000E-003  0.76600000000000001        0.0000000000000000                       Infinity
  -1.0000000000000000E-003  0.77000000000000002        0.0000000000000000                       Infinity
  -1.0000000000000000E-003  0.77400000000000002        0.0000000000000000                       Infinity
  -1.0000000000000000E-003  0.77800000000000002        0.0000000000000000                       Infinity
  -1.0000000000000000E-003  0.78200000000000003        0.0000000000000000                       Infinity
  -1.0000000000000000E-003  0.78600000000000003        0.0000000000000000                       Infinity
  -1.0000000000000000E-003  0.79000000000000004        0.0000000000000000                       Infinity
  -1.0000000000000000E-003  0.79400000000000004        0.0000000000000000                       Infinity
  -1.0000000000000000E-003  0.79800000000000004        0.0000000000000000                       Infinity
  -1.0000000000000000E-003  0.80200000000000005        0.0000000000000000                       Infinity
  -1.0000000000000000E-003  0.80600000000000005        0.0000000000000000                       Infinity
  -1.0000000000000000E-003  0.81000000000000005        0.0000000000000000                       Infinity
  -1.0000000000000000E-003  0.81399999999999995        0.0000000000000000                       Infinity
  -1.0000000000000000E-003  0.81799999999999995        0.0000000000000000                       Infinity
  -1.0000000000000000E-003  0.82199999999999995        0.0000000000000000                       Infinity
  -1.0000000000000000E-003  0.82599999999999996        0.0000000000000000                       Infinity
  -1.0000000000000000E-003  0.82999999999999996        0.0000000000000000                       Infinity
  -1.0000000000000000E-003  0.83399999999999996        0.0000000000000000                       Infinity
  -1.0000000000000000E-003  0.83799999999999997        0.0000000000000000                       Infinity
  -1.0000000000000000E-003  0.84199999999999997        0.0000000000000000                       Infinity
  -1.0000000000000000E-003  0.84599999999999997        0.0000000000000000                       Infinity
  -1.0000000000000000E-003  0.84999999999999998        0.0000000000000000                       Infinity
  -1.0000000000000000E-003  0.85399999999999998        0.0000000000000000                       Infinity
  -1.0000000000000000E-003  0.85799999999999998        0.0000000000000000                       Infinity
  -1.0000000000000000E-003  0.86199999999999999        0.0000000000000000                       Infinity
  -1.0000000000000000E-003  0.86599999999999999        0.0000000000000000                       Infinity
  -1.0000000000000000E-003  0.87000000000000000        0.0000000000000000                       Infinity
  -1.0000000000000000E-003  0.87400000000000000        0.0000000000000000                       Infinity
  -1.0000000000000000E-003  0.87800000000000000        0.0000000000000000                       Infinity
  -1.0000000000000000E-003  0.88200000000000001        0.0000000000000000                       Infinity
  -1.0000000000000000E-003  0.88600000000000001        0.0000000000000000                       Infinity
  -1.0000000000000000E-003  0.89000000000000001        0.0000000000000000                       Infinity
  -1.0000000000000000E-003  0.89400000000000002        0.0000000000000000                       Infinity
  -1.0000000000000000E-003  0.89800000000000002        0.0000000000000000                       Infinity
  -1.0000000000000000E-003  0.90200000000000002        0.0000000000000000                       Infinity
  -1.0000000000000000E-003  0.90600000000000003        0.0000000000000000                       Infinity
  -1.0000000000000000E-003  0.91000000000000003        0.0000000000000000                       Infinity
  -1.0000000000000000E-003  0.91400000000000003        0.0000000000000000                       Infinity
  -1.0000000000000000E-003  0.91800000000000004        0.0000000000000000                       Infinity
  -1.0000000000000000E-003  0.92200000000000004        0.0000000000000000                       Infinity
  -1.0000000000000000E-003  0.92600000000000005        0.0000000000000000                       Infinity
  -1.0000000000000000E-003  0.93000000000000005        0.0000000000000000                       Infinity
  -1.0000000000000000E-003  0.93400000000000005        0.0000000000000000                       Infinity
  -1.0000000000000000E-003  0.93799999999999994        0.0000000000000000                       Infinity
  -1.0000000000000000E-003  0.94199999999999995        0.0000000000000000                       Infinity
  -1.0000000000000000E-003  0.94599999999999995        0.0000000000000000                       Infinity
  -1.0000000000000000E-003  0.94999999999999996        0.0000000000000000                       Infinity
  -1.0000000000000000E-003  0.95399999999999996        0.0000000000000000                       Infinity
  -1.0000000000000000E-003  0.95799999999999996        0.0000000000000000                       Infinity
  -1.0000000000000000E-003  0.96199999999999997        0.0000000000000000                       Infinity
  -1.0000000000000000E-003  0.96599999999999997        0.0000000000000000                       Infinity
  -1.0000000000000000E-003  0.96999999999999997        0.0000000000000000                       Infinity
  -1.0000000000000000E-003  0.97399999999999998        0.0000000000000000                       Infinity
  -1.0000000000000000E-003  0.97799999999999998        0.0000000000000000                       Infinity
  -1.0000000000000000E-003  0.98199999999999998        0.0000000000000000                       Infinity
  -1.0000000000000000E-003  0.98599999999999999        0.0000000000000000                       Infinity
  -1.0000000000000000E-003  0.98999999999999999        0.0000000000000000                       Infinity
  -1.0000000000000000E-003  0.99399999999999999        0.0000000000000000                       Infinity
  -1.0000000000000000E-003  0.99800000000000000        0.0000000000000000                       Infinity
