 -3.59999999999999973E-002 -0.99800000000000000        0.0000000000000000                      +Infinity
 -3.59999999999999973E-002 -0.99399999999999999        0.0000000000000000                      +Infinity
 -3.59999999999999973E-002 -0.98999999999999999        0.0000000000000000                      +Infinity
 -3.59999999999999973E-002 -0.98599999999999999        0.0000000000000000                      +Infinity
 -3.59999999999999973E-002 -0.98199999999999998        0.0000000000000000                      +Infinity
 -3.59999999999999973E-002 -0.97799999999999998        0.0000000000000000                      +Infinity
 -3.59999999999999973E-002 -0.97399999999999998        0.0000000000000000                      +Infinity
 -3.59999999999999973E-002 -0.96999999999999997        0.0000000000000000                      +Infinity
 -3.59999999999999973E-002 -0.96599999999999997        0.0000000000000000                      +Infinity
 -3.59999999999999973E-002 -0.96199999999999997        0.0000000000000000                      +Infinity
 -3.59999999999999973E-002 -0.95799999999999996        0.0000000000000000                      +Infinity
 -3.59999999999999973E-002 -0.95399999999999996        0.0000000000000000                      +Infinity
 -3.59999999999999973E-002 -0.94999999999999996        0.0000000000000000                      +Infinity
 -3.59999999999999973E-002 -0.94599999999999995        0.0000000000000000                      +Infinity
 -3.59999999999999973E-002 -0.94199999999999995        0.0000000000000000                      +Infinity
 -3.59999999999999973E-002 -0.93799999999999994        0.0000000000000000                      +Infinity
 -3.59999999999999973E-002 -0.93400000000000005        0.0000000000000000                      +Infinity
 -3.59999999999999973E-002 -0.93000000000000005        0.0000000000000000                      +Infinity
 -3.59999999999999973E-002 -0.92600000000000005        0.0000000000000000                      +Infinity
 -3.59999999999999973E-002 -0.92200000000000004        0.0000000000000000                      +Infinity
 -3.59999999999999973E-002 -0.91800000000000004        0.0000000000000000                      +Infinity
 -3.59999999999999973E-002 -0.91400000000000003        0.0000000000000000                      +Infinity
 -3.59999999999999973E-002 -0.91000000000000003        0.0000000000000000                      +Infinity
 -3.59999999999999973E-002 -0.90600000000000003        0.0000000000000000                      +Infinity
 -3.59999999999999973E-002 -0.90200000000000002        0.0000000000000000                      +Infinity
 -3.59999999999999973E-002 -0.89800000000000002        0.0000000000000000                      +Infinity
 -3.59999999999999973E-002 -0.89400000000000002        0.0000000000000000                      +Infinity
 -3.59999999999999973E-002 -0.89000000000000001        0.0000000000000000                      +Infinity
 -3.59999999999999973E-002 -0.88600000000000001        0.0000000000000000                      +Infinity
 -3.59999999999999973E-002 -0.88200000000000001        0.0000000000000000                      +Infinity
 -3.59999999999999973E-002 -0.87800000000000000        0.0000000000000000                      +Infinity
 -3.59999999999999973E-002 -0.87400000000000000        0.0000000000000000                      +Infinity
 -3.59999999999999973E-002 -0.87000000000000000        0.0000000000000000                      +Infinity
 -3.59999999999999973E-002 -0.86599999999999999        0.0000000000000000                      +Infinity
 -3.59999999999999973E-002 -0.86199999999999999        0.0000000000000000                      +Infinity
 -3.59999999999999973E-002 -0.85799999999999998        0.0000000000000000                      +Infinity
 -3.59999999999999973E-002 -0.85399999999999998        0.0000000000000000                      +Infinity
 -3.59999999999999973E-002 -0.84999999999999998        0.0000000000000000                      +Infinity
 -3.59999999999999973E-002 -0.84599999999999997        0.0000000000000000                      +Infinity
 -3.59999999999999973E-002 -0.84199999999999997        0.0000000000000000                      +Infinity
 -3.59999999999999973E-002 -0.83799999999999997        0.0000000000000000                      +Infinity
 -3.59999999999999973E-002 -0.83399999999999996        0.0000000000000000                      +Infinity
 -3.59999999999999973E-002 -0.82999999999999996        0.0000000000000000                      +Infinity
 -3.59999999999999973E-002 -0.82599999999999996        0.0000000000000000                      +Infinity
 -3.59999999999999973E-002 -0.82199999999999995        0.0000000000000000                      +Infinity
 -3.59999999999999973E-002 -0.81799999999999995        0.0000000000000000                      +Infinity
 -3.59999999999999973E-002 -0.81399999999999995        0.0000000000000000                      +Infinity
 -3.59999999999999973E-002 -0.81000000000000005        0.0000000000000000                      +Infinity
 -3.59999999999999973E-002 -0.80600000000000005        0.0000000000000000                      +Infinity
 -3.59999999999999973E-002 -0.80200000000000005        0.0000000000000000                      +Infinity
 -3.59999999999999973E-002 -0.79800000000000004        0.0000000000000000                      +Infinity
 -3.59999999999999973E-002 -0.79400000000000004        0.0000000000000000                      +Infinity
 -3.59999999999999973E-002 -0.79000000000000004        0.0000000000000000                      +Infinity
 -3.59999999999999973E-002 -0.78600000000000003        0.0000000000000000                      +Infinity
 -3.59999999999999973E-002 -0.78200000000000003        0.0000000000000000                      +Infinity
 -3.59999999999999973E-002 -0.77800000000000002        0.0000000000000000                      +Infinity
 -3.59999999999999973E-002 -0.77400000000000002        0.0000000000000000                      +Infinity
 -3.59999999999999973E-002 -0.77000000000000002        0.0000000000000000                      +Infinity
 -3.59999999999999973E-002 -0.76600000000000001        0.0000000000000000                      +Infinity
 -3.59999999999999973E-002 -0.76200000000000001        0.0000000000000000                      +Infinity
 -3.59999999999999973E-002 -0.75800000000000001        0.0000000000000000                      +Infinity
 -3.59999999999999973E-002 -0.75400000000000000        0.0000000000000000                      +Infinity
 -3.59999999999999973E-002 -0.75000000000000000        0.0000000000000000                      +Infinity
 -3.59999999999999973E-002 -0.74600000000000000        0.0000000000000000                      +Infinity
 -3.59999999999999973E-002 -0.74199999999999999        0.0000000000000000                      +Infinity
 -3.59999999999999973E-002 -0.73799999999999999        0.0000000000000000                      +Infinity
 -3.59999999999999973E-002 -0.73399999999999999        0.0000000000000000                      +Infinity
 -3.59999999999999973E-002 -0.72999999999999998        0.0000000000000000                      +Infinity
 -3.59999999999999973E-002 -0.72599999999999998        0.0000000000000000                      +Infinity
 -3.59999999999999973E-002 -0.72199999999999998        0.0000000000000000                      +Infinity
 -3.59999999999999973E-002 -0.71799999999999997        0.0000000000000000                      +Infinity
 -3.59999999999999973E-002 -0.71399999999999997        0.0000000000000000                      +Infinity
 -3.59999999999999973E-002 -0.70999999999999996        0.0000000000000000                      +Infinity
 -3.59999999999999973E-002 -0.70599999999999996        0.0000000000000000                      +Infinity
 -3.59999999999999973E-002 -0.70199999999999996        0.0000000000000000                      +Infinity
 -3.59999999999999973E-002 -0.69799999999999995        0.0000000000000000                      +Infinity
 -3.59999999999999973E-002 -0.69399999999999995        0.0000000000000000                      +Infinity
 -3.59999999999999973E-002 -0.68999999999999995        0.0000000000000000                      +Infinity
 -3.59999999999999973E-002 -0.68600000000000005        0.0000000000000000                      +Infinity
 -3.59999999999999973E-002 -0.68200000000000005        0.0000000000000000                      +Infinity
 -3.59999999999999973E-002 -0.67800000000000005        0.0000000000000000                      +Infinity
 -3.59999999999999973E-002 -0.67400000000000004        0.0000000000000000                      +Infinity
 -3.59999999999999973E-002 -0.67000000000000004        0.0000000000000000                      +Infinity
 -3.59999999999999973E-002 -0.66600000000000004        0.0000000000000000                      +Infinity
 -3.59999999999999973E-002 -0.66200000000000003        0.0000000000000000                      +Infinity
 -3.59999999999999973E-002 -0.65800000000000003        0.0000000000000000                      +Infinity
 -3.59999999999999973E-002 -0.65400000000000003        0.0000000000000000                      +Infinity
 -3.59999999999999973E-002 -0.65000000000000002        0.0000000000000000                      +Infinity
 -3.59999999999999973E-002 -0.64600000000000002        0.0000000000000000                      +Infinity
 -3.59999999999999973E-002 -0.64200000000000002        0.0000000000000000                      +Infinity
 -3.59999999999999973E-002 -0.63800000000000001        0.0000000000000000                      +Infinity
 -3.59999999999999973E-002 -0.63400000000000001        0.0000000000000000                      +Infinity
 -3.59999999999999973E-002 -0.63000000000000000        0.0000000000000000                      +Infinity
 -3.59999999999999973E-002 -0.62600000000000000        0.0000000000000000                      +Infinity
 -3.59999999999999973E-002 -0.62200000000000000        0.0000000000000000                      +Infinity
 -3.59999999999999973E-002 -0.61799999999999999        0.0000000000000000                      +Infinity
 -3.59999999999999973E-002 -0.61399999999999999        0.0000000000000000                      +Infinity
 -3.59999999999999973E-002 -0.60999999999999999        0.0000000000000000                      +Infinity
 -3.59999999999999973E-002 -0.60599999999999998        0.0000000000000000                      +Infinity
 -3.59999999999999973E-002 -0.60199999999999998        0.0000000000000000                      +Infinity
 -3.59999999999999973E-002 -0.59799999999999998        0.0000000000000000                      +Infinity
 -3.59999999999999973E-002 -0.59399999999999997        0.0000000000000000                      +Infinity
 -3.59999999999999973E-002 -0.58999999999999997        0.0000000000000000                      +Infinity
 -3.59999999999999973E-002 -0.58599999999999997        0.0000000000000000                      +Infinity
 -3.59999999999999973E-002 -0.58199999999999996        0.0000000000000000                      +Infinity
 -3.59999999999999973E-002 -0.57799999999999996        0.0000000000000000                      +Infinity
 -3.59999999999999973E-002 -0.57399999999999995        0.0000000000000000                      +Infinity
 -3.59999999999999973E-002 -0.56999999999999995        0.0000000000000000                      +Infinity
 -3.59999999999999973E-002 -0.56599999999999995        0.0000000000000000                      +Infinity
 -3.59999999999999973E-002 -0.56200000000000006        0.0000000000000000                      +Infinity
 -3.59999999999999973E-002 -0.55800000000000005        0.0000000000000000                      +Infinity
 -3.59999999999999973E-002 -0.55400000000000005        0.0000000000000000                      +Infinity
 -3.59999999999999973E-002 -0.55000000000000004        0.0000000000000000                      +Infinity
 -3.59999999999999973E-002 -0.54600000000000004        0.0000000000000000                      +Infinity
 -3.59999999999999973E-002 -0.54200000000000004        0.0000000000000000                      +Infinity
 -3.59999999999999973E-002 -0.53800000000000003        0.0000000000000000                      +Infinity
 -3.59999999999999973E-002 -0.53400000000000003        0.0000000000000000                      +Infinity
 -3.59999999999999973E-002 -0.53000000000000003        0.0000000000000000                      +Infinity
 -3.59999999999999973E-002 -0.52600000000000002        0.0000000000000000                      +Infinity
 -3.59999999999999973E-002 -0.52200000000000002        0.0000000000000000                      +Infinity
 -3.59999999999999973E-002 -0.51800000000000002        0.0000000000000000                      +Infinity
 -3.59999999999999973E-002 -0.51400000000000001        0.0000000000000000                      +Infinity
 -3.59999999999999973E-002 -0.51000000000000001        0.0000000000000000                      +Infinity
 -3.59999999999999973E-002 -0.50600000000000001        0.0000000000000000                      +Infinity
 -3.59999999999999973E-002 -0.50200000000000000        0.0000000000000000                      +Infinity
 -3.59999999999999973E-002 -0.49800000000000000        0.0000000000000000                      +Infinity
 -3.59999999999999973E-002 -0.49399999999999999        0.0000000000000000                      +Infinity
 -3.59999999999999973E-002 -0.48999999999999999        0.0000000000000000                      +Infinity
 -3.59999999999999973E-002 -0.48599999999999999        0.0000000000000000                      +Infinity
 -3.59999999999999973E-002 -0.48199999999999998        0.0000000000000000                      +Infinity
 -3.59999999999999973E-002 -0.47799999999999998        0.0000000000000000                      +Infinity
 -3.59999999999999973E-002 -0.47399999999999998        0.0000000000000000                      +Infinity
 -3.59999999999999973E-002 -0.46999999999999997        0.0000000000000000                      +Infinity
 -3.59999999999999973E-002 -0.46600000000000003        0.0000000000000000                      +Infinity
 -3.59999999999999973E-002 -0.46200000000000002        0.0000000000000000                      +Infinity
 -3.59999999999999973E-002 -0.45800000000000002        0.0000000000000000                      +Infinity
 -3.59999999999999973E-002 -0.45400000000000001        0.0000000000000000                      +Infinity
 -3.59999999999999973E-002 -0.45000000000000001        0.0000000000000000                      +Infinity
 -3.59999999999999973E-002 -0.44600000000000001        0.0000000000000000                      +Infinity
 -3.59999999999999973E-002 -0.44200000000000000        0.0000000000000000                      +Infinity
 -3.59999999999999973E-002 -0.43800000000000000        0.0000000000000000                      +Infinity
 -3.59999999999999973E-002 -0.43400000000000000        0.0000000000000000                      +Infinity
 -3.59999999999999973E-002 -0.42999999999999999        0.0000000000000000                      +Infinity
 -3.59999999999999973E-002 -0.42599999999999999        0.0000000000000000                      +Infinity
 -3.59999999999999973E-002 -0.42199999999999999        0.0000000000000000                      +Infinity
 -3.59999999999999973E-002 -0.41799999999999998        0.0000000000000000                      +Infinity
 -3.59999999999999973E-002 -0.41399999999999998        0.0000000000000000                      +Infinity
 -3.59999999999999973E-002 -0.40999999999999998        0.0000000000000000                      +Infinity
 -3.59999999999999973E-002 -0.40600000000000003        0.0000000000000000                      +Infinity
 -3.59999999999999973E-002 -0.40200000000000002        0.0000000000000000                      +Infinity
 -3.59999999999999973E-002 -0.39800000000000002        0.0000000000000000                      +Infinity
 -3.59999999999999973E-002 -0.39400000000000002        0.0000000000000000                      +Infinity
 -3.59999999999999973E-002 -0.39000000000000001        0.0000000000000000                      +Infinity
 -3.59999999999999973E-002 -0.38600000000000001        0.0000000000000000                      +Infinity
 -3.59999999999999973E-002 -0.38200000000000001        0.0000000000000000                      +Infinity
 -3.59999999999999973E-002 -0.37800000000000000        0.0000000000000000                      +Infinity
 -3.59999999999999973E-002 -0.37400000000000000        0.0000000000000000                      +Infinity
 -3.59999999999999973E-002 -0.37000000000000000        0.0000000000000000                      +Infinity
 -3.59999999999999973E-002 -0.36599999999999999        0.0000000000000000                      +Infinity
 -3.59999999999999973E-002 -0.36199999999999999        0.0000000000000000                      +Infinity
 -3.59999999999999973E-002 -0.35799999999999998        0.0000000000000000                      +Infinity
 -3.59999999999999973E-002 -0.35399999999999998        0.0000000000000000                      +Infinity
 -3.59999999999999973E-002 -0.34999999999999998        0.0000000000000000                      +Infinity
 -3.59999999999999973E-002 -0.34599999999999997        0.0000000000000000                      +Infinity
 -3.59999999999999973E-002 -0.34200000000000003        0.0000000000000000                      +Infinity
 -3.59999999999999973E-002 -0.33800000000000002        0.0000000000000000                      +Infinity
 -3.59999999999999973E-002 -0.33400000000000002        0.0000000000000000                      +Infinity
 -3.59999999999999973E-002 -0.33000000000000002        0.0000000000000000                      +Infinity
 -3.59999999999999973E-002 -0.32600000000000001        0.0000000000000000                      +Infinity
 -3.59999999999999973E-002 -0.32200000000000001        0.0000000000000000                      +Infinity
 -3.59999999999999973E-002 -0.31800000000000000        0.0000000000000000                      +Infinity
 -3.59999999999999973E-002 -0.31400000000000000        0.0000000000000000                      +Infinity
 -3.59999999999999973E-002 -0.31000000000000000        0.0000000000000000                      +Infinity
 -3.59999999999999973E-002 -0.30599999999999999        0.0000000000000000                      +Infinity
 -3.59999999999999973E-002 -0.30199999999999999        0.0000000000000000                      +Infinity
 -3.59999999999999973E-002 -0.29799999999999999        0.0000000000000000                      +Infinity
 -3.59999999999999973E-002 -0.29399999999999998        0.0000000000000000                      +Infinity
 -3.59999999999999973E-002 -0.28999999999999998        0.0000000000000000                      +Infinity
 -3.59999999999999973E-002 -0.28599999999999998        0.0000000000000000                      +Infinity
 -3.59999999999999973E-002 -0.28199999999999997        0.0000000000000000                      +Infinity
 -3.59999999999999973E-002 -0.27800000000000002        0.0000000000000000                      +Infinity
 -3.59999999999999973E-002 -0.27400000000000002        0.0000000000000000                      +Infinity
 -3.59999999999999973E-002 -0.27000000000000002        0.0000000000000000                      +Infinity
 -3.59999999999999973E-002 -0.26600000000000001        0.0000000000000000                      +Infinity
 -3.59999999999999973E-002 -0.26200000000000001        0.0000000000000000                      +Infinity
 -3.59999999999999973E-002 -0.25800000000000001        0.0000000000000000                      +Infinity
 -3.59999999999999973E-002 -0.25400000000000000        0.0000000000000000                      +Infinity
 -3.59999999999999973E-002 -0.25000000000000000        0.0000000000000000                      +Infinity
 -3.59999999999999973E-002 -0.24600000000000000        0.0000000000000000                      +Infinity
 -3.59999999999999973E-002 -0.24199999999999999        0.0000000000000000                      +Infinity
 -3.59999999999999973E-002 -0.23799999999999999        0.0000000000000000                      +Infinity
 -3.59999999999999973E-002 -0.23400000000000001        0.0000000000000000                      +Infinity
 -3.59999999999999973E-002 -0.23000000000000001        0.0000000000000000                      +Infinity
 -3.59999999999999973E-002 -0.22600000000000001        0.0000000000000000                      +Infinity
 -3.59999999999999973E-002 -0.22200000000000000        0.0000000000000000                      +Infinity
 -3.59999999999999973E-002 -0.21800000000000000        0.0000000000000000                      +Infinity
 -3.59999999999999973E-002 -0.21400000000000000        0.0000000000000000                      +Infinity
 -3.59999999999999973E-002 -0.20999999999999999        0.0000000000000000                      +Infinity
 -3.59999999999999973E-002 -0.20599999999999999        0.0000000000000000                      +Infinity
 -3.59999999999999973E-002 -0.20200000000000001        0.0000000000000000                      +Infinity
 -3.59999999999999973E-002 -0.19800000000000001        0.0000000000000000                      +Infinity
 -3.59999999999999973E-002 -0.19400000000000001        0.0000000000000000                      +Infinity
 -3.59999999999999973E-002 -0.19000000000000000        0.0000000000000000                      +Infinity
 -3.59999999999999973E-002 -0.18600000000000000        0.0000000000000000                      +Infinity
 -3.59999999999999973E-002 -0.18200000000000000        0.0000000000000000                      +Infinity
 -3.59999999999999973E-002 -0.17799999999999999        0.0000000000000000                      +Infinity
 -3.59999999999999973E-002 -0.17399999999999999        0.0000000000000000                      +Infinity
 -3.59999999999999973E-002 -0.17000000000000001        0.0000000000000000                      +Infinity
 -3.59999999999999973E-002 -0.16600000000000001        0.0000000000000000                      +Infinity
 -3.59999999999999973E-002 -0.16200000000000001        0.0000000000000000                      +Infinity
 -3.59999999999999973E-002 -0.15800000000000000        0.0000000000000000                      +Infinity
 -3.59999999999999973E-002 -0.15400000000000000        0.0000000000000000                      +Infinity
 -3.59999999999999973E-002 -0.14999999999999999        0.0000000000000000                      +Infinity
 -3.59999999999999973E-002 -0.14599999999999999        0.0000000000000000                      +Infinity
 -3.59999999999999973E-002 -0.14199999999999999        0.0000000000000000                      +Infinity
 -3.59999999999999973E-002 -0.13800000000000001        0.0000000000000000                      +Infinity
 -3.59999999999999973E-002 -0.13400000000000001        0.0000000000000000                      +Infinity
 -3.59999999999999973E-002 -0.13000000000000000        0.0000000000000000                      +Infinity
 -3.59999999999999973E-002 -0.12600000000000000        0.0000000000000000                      +Infinity
 -3.59999999999999973E-002 -0.12200000000000000        0.0000000000000000                      +Infinity
 -3.59999999999999973E-002 -0.11799999999999999        0.0000000000000000                      +Infinity
 -3.59999999999999973E-002 -0.11400000000000000        0.0000000000000000                      +Infinity
 -3.59999999999999973E-002 -0.11000000000000000        0.0000000000000000                      +Infinity
 -3.59999999999999973E-002 -0.10600000000000000        0.0000000000000000                      +Infinity
 -3.59999999999999973E-002 -0.10199999999999999        0.0000000000000000                      +Infinity
 -3.59999999999999973E-002 -9.80000000000000038E-002   0.0000000000000000                      +Infinity
 -3.59999999999999973E-002 -9.40000000000000002E-002   0.0000000000000000                      +Infinity
 -3.59999999999999973E-002 -8.99999999999999967E-002   0.0000000000000000                      +Infinity
 -3.59999999999999973E-002 -8.59999999999999931E-002   0.0000000000000000                      +Infinity
 -3.59999999999999973E-002 -8.20000000000000034E-002   0.0000000000000000                      +Infinity
 -3.59999999999999973E-002 -7.79999999999999999E-002   0.0000000000000000                      +Infinity
 -3.59999999999999973E-002 -7.39999999999999963E-002   0.0000000000000000                      +Infinity
 -3.59999999999999973E-002 -7.00000000000000067E-002   0.0000000000000000                      +Infinity
 -3.59999999999999973E-002 -6.60000000000000031E-002   0.0000000000000000                      +Infinity
 -3.59999999999999973E-002 -6.19999999999999996E-002   0.0000000000000000                      +Infinity
 -3.59999999999999973E-002 -5.80000000000000029E-002   0.0000000000000000                      +Infinity
 -3.59999999999999973E-002 -5.39999999999999994E-002   0.0000000000000000                      +Infinity
 -3.59999999999999973E-002 -5.00000000000000028E-002   0.0000000000000000                      +Infinity
 -3.59999999999999973E-002 -4.59999999999999992E-002   0.0000000000000000                      +Infinity
 -3.59999999999999973E-002 -4.20000000000000026E-002   0.0000000000000000                      +Infinity
 -3.59999999999999973E-002 -3.79999999999999991E-002   0.0000000000000000                      +Infinity
 -3.59999999999999973E-002 -3.40000000000000024E-002   0.0000000000000000                      +Infinity
 -3.59999999999999973E-002 -2.99999999999999989E-002   0.0000000000000000                      +Infinity
 -3.59999999999999973E-002 -2.59999999999999988E-002   0.0000000000000000                      +Infinity
 -3.59999999999999973E-002 -2.19999999999999987E-002   0.0000000000000000                      +Infinity
 -3.59999999999999973E-002 -1.79999999999999986E-002   0.0000000000000000                      +Infinity
 -3.59999999999999973E-002 -1.40000000000000003E-002   0.0000000000000000                      +Infinity
 -3.59999999999999973E-002 -1.00000000000000002E-002   0.0000000000000000                      +Infinity
 -3.59999999999999973E-002 -6.00000000000000012E-003   0.0000000000000000                      +Infinity
 -3.59999999999999973E-002 -2.00000000000000004E-003   0.0000000000000000                      +Infinity
 -3.59999999999999973E-002  2.00000000000000004E-003   0.0000000000000000                      +Infinity
 -3.59999999999999973E-002  6.00000000000000012E-003   0.0000000000000000                      +Infinity
 -3.59999999999999973E-002  1.00000000000000002E-002   0.0000000000000000                      +Infinity
 -3.59999999999999973E-002  1.40000000000000003E-002   0.0000000000000000                      +Infinity
 -3.59999999999999973E-002  1.79999999999999986E-002   0.0000000000000000                      +Infinity
 -3.59999999999999973E-002  2.19999999999999987E-002   0.0000000000000000                      +Infinity
 -3.59999999999999973E-002  2.59999999999999988E-002   0.0000000000000000                      +Infinity
 -3.59999999999999973E-002  2.99999999999999989E-002   0.0000000000000000                      +Infinity
 -3.59999999999999973E-002  3.40000000000000024E-002   0.0000000000000000                      +Infinity
 -3.59999999999999973E-002  3.79999999999999991E-002   0.0000000000000000                      +Infinity
 -3.59999999999999973E-002  4.20000000000000026E-002   0.0000000000000000                      +Infinity
 -3.59999999999999973E-002  4.59999999999999992E-002   0.0000000000000000                      +Infinity
 -3.59999999999999973E-002  5.00000000000000028E-002   0.0000000000000000                      +Infinity
 -3.59999999999999973E-002  5.39999999999999994E-002   0.0000000000000000                      +Infinity
 -3.59999999999999973E-002  5.80000000000000029E-002   0.0000000000000000                      +Infinity
 -3.59999999999999973E-002  6.19999999999999996E-002   0.0000000000000000                      +Infinity
 -3.59999999999999973E-002  6.60000000000000031E-002   0.0000000000000000                      +Infinity
 -3.59999999999999973E-002  7.00000000000000067E-002   0.0000000000000000                      +Infinity
 -3.59999999999999973E-002  7.39999999999999963E-002   0.0000000000000000                      +Infinity
 -3.59999999999999973E-002  7.79999999999999999E-002   0.0000000000000000                      +Infinity
 -3.59999999999999973E-002  8.20000000000000034E-002   0.0000000000000000                      +Infinity
 -3.59999999999999973E-002  8.59999999999999931E-002   0.0000000000000000                      +Infinity
 -3.59999999999999973E-002  8.99999999999999967E-002   0.0000000000000000                      +Infinity
 -3.59999999999999973E-002  9.40000000000000002E-002   0.0000000000000000                      +Infinity
 -3.59999999999999973E-002  9.80000000000000038E-002   0.0000000000000000                      +Infinity
 -3.59999999999999973E-002  0.10199999999999999        0.0000000000000000                      +Infinity
 -3.59999999999999973E-002  0.10600000000000000        0.0000000000000000                      +Infinity
 -3.59999999999999973E-002  0.11000000000000000        0.0000000000000000                      +Infinity
 -3.59999999999999973E-002  0.11400000000000000        0.0000000000000000                      +Infinity
 -3.59999999999999973E-002  0.11799999999999999        0.0000000000000000                      +Infinity
 -3.59999999999999973E-002  0.12200000000000000        0.0000000000000000                      +Infinity
 -3.59999999999999973E-002  0.12600000000000000        0.0000000000000000                      +Infinity
 -3.59999999999999973E-002  0.13000000000000000        0.0000000000000000                      +Infinity
 -3.59999999999999973E-002  0.13400000000000001        0.0000000000000000                      +Infinity
 -3.59999999999999973E-002  0.13800000000000001        0.0000000000000000                      +Infinity
 -3.59999999999999973E-002  0.14199999999999999        0.0000000000000000                      +Infinity
 -3.59999999999999973E-002  0.14599999999999999        0.0000000000000000                      +Infinity
 -3.59999999999999973E-002  0.14999999999999999        0.0000000000000000                      +Infinity
 -3.59999999999999973E-002  0.15400000000000000        0.0000000000000000                      +Infinity
 -3.59999999999999973E-002  0.15800000000000000        0.0000000000000000                      +Infinity
 -3.59999999999999973E-002  0.16200000000000001        0.0000000000000000                      +Infinity
 -3.59999999999999973E-002  0.16600000000000001        0.0000000000000000                      +Infinity
 -3.59999999999999973E-002  0.17000000000000001        0.0000000000000000                      +Infinity
 -3.59999999999999973E-002  0.17399999999999999        0.0000000000000000                      +Infinity
 -3.59999999999999973E-002  0.17799999999999999        0.0000000000000000                      +Infinity
 -3.59999999999999973E-002  0.18200000000000000        0.0000000000000000                      +Infinity
 -3.59999999999999973E-002  0.18600000000000000        0.0000000000000000                      +Infinity
 -3.59999999999999973E-002  0.19000000000000000        0.0000000000000000                      +Infinity
 -3.59999999999999973E-002  0.19400000000000001        0.0000000000000000                      +Infinity
 -3.59999999999999973E-002  0.19800000000000001        0.0000000000000000                      +Infinity
 -3.59999999999999973E-002  0.20200000000000001        0.0000000000000000                      +Infinity
 -3.59999999999999973E-002  0.20599999999999999        0.0000000000000000                      +Infinity
 -3.59999999999999973E-002  0.20999999999999999        0.0000000000000000                      +Infinity
 -3.59999999999999973E-002  0.21400000000000000        0.0000000000000000                      +Infinity
 -3.59999999999999973E-002  0.21800000000000000        0.0000000000000000                      +Infinity
 -3.59999999999999973E-002  0.22200000000000000        0.0000000000000000                      +Infinity
 -3.59999999999999973E-002  0.22600000000000001        0.0000000000000000                      +Infinity
 -3.59999999999999973E-002  0.23000000000000001        0.0000000000000000                      +Infinity
 -3.59999999999999973E-002  0.23400000000000001        0.0000000000000000                      +Infinity
 -3.59999999999999973E-002  0.23799999999999999        0.0000000000000000                      +Infinity
 -3.59999999999999973E-002  0.24199999999999999        0.0000000000000000                      +Infinity
 -3.59999999999999973E-002  0.24600000000000000        0.0000000000000000                      +Infinity
 -3.59999999999999973E-002  0.25000000000000000        0.0000000000000000                      +Infinity
 -3.59999999999999973E-002  0.25400000000000000        0.0000000000000000                      +Infinity
 -3.59999999999999973E-002  0.25800000000000001        0.0000000000000000                      +Infinity
 -3.59999999999999973E-002  0.26200000000000001        0.0000000000000000                      +Infinity
 -3.59999999999999973E-002  0.26600000000000001        0.0000000000000000                      +Infinity
 -3.59999999999999973E-002  0.27000000000000002        0.0000000000000000                      +Infinity
 -3.59999999999999973E-002  0.27400000000000002        0.0000000000000000                      +Infinity
 -3.59999999999999973E-002  0.27800000000000002        0.0000000000000000                      +Infinity
 -3.59999999999999973E-002  0.28199999999999997        0.0000000000000000                      +Infinity
 -3.59999999999999973E-002  0.28599999999999998        0.0000000000000000                      +Infinity
 -3.59999999999999973E-002  0.28999999999999998        0.0000000000000000                      +Infinity
 -3.59999999999999973E-002  0.29399999999999998        0.0000000000000000                      +Infinity
 -3.59999999999999973E-002  0.29799999999999999        0.0000000000000000                      +Infinity
 -3.59999999999999973E-002  0.30199999999999999        0.0000000000000000                      +Infinity
 -3.59999999999999973E-002  0.30599999999999999        0.0000000000000000                      +Infinity
 -3.59999999999999973E-002  0.31000000000000000        0.0000000000000000                      +Infinity
 -3.59999999999999973E-002  0.31400000000000000        0.0000000000000000                      +Infinity
 -3.59999999999999973E-002  0.31800000000000000        0.0000000000000000                      +Infinity
 -3.59999999999999973E-002  0.32200000000000001        0.0000000000000000                      +Infinity
 -3.59999999999999973E-002  0.32600000000000001        0.0000000000000000                      +Infinity
 -3.59999999999999973E-002  0.33000000000000002        0.0000000000000000                      +Infinity
 -3.59999999999999973E-002  0.33400000000000002        0.0000000000000000                      +Infinity
 -3.59999999999999973E-002  0.33800000000000002        0.0000000000000000                      +Infinity
 -3.59999999999999973E-002  0.34200000000000003        0.0000000000000000                      +Infinity
 -3.59999999999999973E-002  0.34599999999999997        0.0000000000000000                      +Infinity
 -3.59999999999999973E-002  0.34999999999999998        0.0000000000000000                      +Infinity
 -3.59999999999999973E-002  0.35399999999999998        0.0000000000000000                      +Infinity
 -3.59999999999999973E-002  0.35799999999999998        0.0000000000000000                      +Infinity
 -3.59999999999999973E-002  0.36199999999999999        0.0000000000000000                      +Infinity
 -3.59999999999999973E-002  0.36599999999999999        0.0000000000000000                      +Infinity
 -3.59999999999999973E-002  0.37000000000000000        0.0000000000000000                      +Infinity
 -3.59999999999999973E-002  0.37400000000000000        0.0000000000000000                      +Infinity
 -3.59999999999999973E-002  0.37800000000000000        0.0000000000000000                      +Infinity
 -3.59999999999999973E-002  0.38200000000000001        0.0000000000000000                      +Infinity
 -3.59999999999999973E-002  0.38600000000000001        0.0000000000000000                      +Infinity
 -3.59999999999999973E-002  0.39000000000000001        0.0000000000000000                      +Infinity
 -3.59999999999999973E-002  0.39400000000000002        0.0000000000000000                      +Infinity
 -3.59999999999999973E-002  0.39800000000000002        0.0000000000000000                      +Infinity
 -3.59999999999999973E-002  0.40200000000000002        0.0000000000000000                      +Infinity
 -3.59999999999999973E-002  0.40600000000000003        0.0000000000000000                      +Infinity
 -3.59999999999999973E-002  0.40999999999999998        0.0000000000000000                      +Infinity
 -3.59999999999999973E-002  0.41399999999999998        0.0000000000000000                      +Infinity
 -3.59999999999999973E-002  0.41799999999999998        0.0000000000000000                      +Infinity
 -3.59999999999999973E-002  0.42199999999999999        0.0000000000000000                      +Infinity
 -3.59999999999999973E-002  0.42599999999999999        0.0000000000000000                      +Infinity
 -3.59999999999999973E-002  0.42999999999999999        0.0000000000000000                      +Infinity
 -3.59999999999999973E-002  0.43400000000000000        0.0000000000000000                      +Infinity
 -3.59999999999999973E-002  0.43800000000000000        0.0000000000000000                      +Infinity
 -3.59999999999999973E-002  0.44200000000000000        0.0000000000000000                      +Infinity
 -3.59999999999999973E-002  0.44600000000000001        0.0000000000000000                      +Infinity
 -3.59999999999999973E-002  0.45000000000000001        0.0000000000000000                      +Infinity
 -3.59999999999999973E-002  0.45400000000000001        0.0000000000000000                      +Infinity
 -3.59999999999999973E-002  0.45800000000000002        0.0000000000000000                      +Infinity
 -3.59999999999999973E-002  0.46200000000000002        0.0000000000000000                      +Infinity
 -3.59999999999999973E-002  0.46600000000000003        0.0000000000000000                      +Infinity
 -3.59999999999999973E-002  0.46999999999999997        0.0000000000000000                      +Infinity
 -3.59999999999999973E-002  0.47399999999999998        0.0000000000000000                      +Infinity
 -3.59999999999999973E-002  0.47799999999999998        0.0000000000000000                      +Infinity
 -3.59999999999999973E-002  0.48199999999999998        0.0000000000000000                      +Infinity
 -3.59999999999999973E-002  0.48599999999999999        0.0000000000000000                      +Infinity
 -3.59999999999999973E-002  0.48999999999999999        0.0000000000000000                      +Infinity
 -3.59999999999999973E-002  0.49399999999999999        0.0000000000000000                      +Infinity
 -3.59999999999999973E-002  0.49800000000000000        0.0000000000000000                      +Infinity
 -3.59999999999999973E-002  0.50200000000000000        0.0000000000000000                      +Infinity
 -3.59999999999999973E-002  0.50600000000000001        0.0000000000000000                      +Infinity
 -3.59999999999999973E-002  0.51000000000000001        0.0000000000000000                      +Infinity
 -3.59999999999999973E-002  0.51400000000000001        0.0000000000000000                      +Infinity
 -3.59999999999999973E-002  0.51800000000000002        0.0000000000000000                      +Infinity
 -3.59999999999999973E-002  0.52200000000000002        0.0000000000000000                      +Infinity
 -3.59999999999999973E-002  0.52600000000000002        0.0000000000000000                      +Infinity
 -3.59999999999999973E-002  0.53000000000000003        0.0000000000000000                      +Infinity
 -3.59999999999999973E-002  0.53400000000000003        0.0000000000000000                      +Infinity
 -3.59999999999999973E-002  0.53800000000000003        0.0000000000000000                      +Infinity
 -3.59999999999999973E-002  0.54200000000000004        0.0000000000000000                      +Infinity
 -3.59999999999999973E-002  0.54600000000000004        0.0000000000000000                      +Infinity
 -3.59999999999999973E-002  0.55000000000000004        0.0000000000000000                      +Infinity
 -3.59999999999999973E-002  0.55400000000000005        0.0000000000000000                      +Infinity
 -3.59999999999999973E-002  0.55800000000000005        0.0000000000000000                      +Infinity
 -3.59999999999999973E-002  0.56200000000000006        0.0000000000000000                      +Infinity
 -3.59999999999999973E-002  0.56599999999999995        0.0000000000000000                      +Infinity
 -3.59999999999999973E-002  0.56999999999999995        0.0000000000000000                      +Infinity
 -3.59999999999999973E-002  0.57399999999999995        0.0000000000000000                      +Infinity
 -3.59999999999999973E-002  0.57799999999999996        0.0000000000000000                      +Infinity
 -3.59999999999999973E-002  0.58199999999999996        0.0000000000000000                      +Infinity
 -3.59999999999999973E-002  0.58599999999999997        0.0000000000000000                      +Infinity
 -3.59999999999999973E-002  0.58999999999999997        0.0000000000000000                      +Infinity
 -3.59999999999999973E-002  0.59399999999999997       1.76000000000000013E-009   20.157952027896350
 -3.59999999999999973E-002  0.59799999999999998       9.56000000000000090E-008   16.163093016889057
 -3.59999999999999973E-002  0.60199999999999998       2.88935000000000013E-007   15.057064087625621
 -3.59999999999999973E-002  0.60599999999999998       7.34680000000000012E-007   14.123830806686076
 -3.59999999999999973E-002  0.60999999999999999       9.87544999999999834E-007   13.828043771589146
 -3.59999999999999973E-002  0.61399999999999999       1.96091499999999993E-006   13.142099356921522
 -3.59999999999999973E-002  0.61799999999999999       4.20445500000000039E-006   12.379365880549143
 -3.59999999999999973E-002  0.62200000000000000       5.92902500000000038E-006   12.035650776685275
 -3.59999999999999973E-002  0.62600000000000000       8.60107999999999999E-006   11.663622781194146
 -3.59999999999999973E-002  0.63000000000000000       1.18680349999999996E-005   11.341661906433206
 -3.59999999999999973E-002  0.63400000000000001       1.40926699999999994E-005   11.169855753909280
 -3.59999999999999973E-002  0.63800000000000001       1.45182799999999998E-005   11.140102012884519
 -3.59999999999999973E-002  0.64200000000000002       1.48938249999999997E-005   11.114563860442713
 -3.59999999999999973E-002  0.64600000000000002       1.90108599999999984E-005   10.870500163139493
 -3.59999999999999973E-002  0.65000000000000002       2.36308400000000002E-005   10.652957919365111
 -3.59999999999999973E-002  0.65400000000000003       2.96820800000000003E-005   10.424967061258110
 -3.59999999999999973E-002  0.65800000000000003       4.21713449999999970E-005   10.073769596002551
 -3.59999999999999973E-002  0.66200000000000003       5.21656900000000003E-005   9.8610855588721638
 -3.59999999999999973E-002  0.66600000000000004       6.76595300000000071E-005   9.6010223411330298
 -3.59999999999999973E-002  0.67000000000000004       8.41320799999999922E-005   9.3831226130651935
 -3.59999999999999973E-002  0.67400000000000004       1.06823620000000006E-004   9.1443314948419907
 -3.59999999999999973E-002  0.67800000000000005       1.38914405000000000E-004   8.8816526058778642
 -3.59999999999999973E-002  0.68200000000000005       1.88001005000000012E-004   8.5790632494039318
 -3.59999999999999973E-002  0.68600000000000005       2.52746750000000021E-004   8.2831225587022512
 -3.59999999999999973E-002  0.68999999999999995       3.45222705000000011E-004   7.9713208274533223
 -3.59999999999999973E-002  0.69399999999999995       4.53573104999999989E-004   7.6983540996366333
 -3.59999999999999973E-002  0.69799999999999995       5.99012380000000003E-004   7.4202282922827676
 -3.59999999999999973E-002  0.70199999999999996       7.89020320000000000E-004   7.1447184833308937
 -3.59999999999999973E-002  0.70599999999999996       1.09032336500000009E-003   6.8212809615998706
 -3.59999999999999973E-002  0.70999999999999996       1.48253114499999989E-003   6.5140044188813642
 -3.59999999999999973E-002  0.71399999999999997       2.05511559999999992E-003   6.1874231795747194
 -3.59999999999999973E-002  0.71799999999999997       2.85875211999999995E-003   5.8573700710446985
 -3.59999999999999973E-002  0.72199999999999998       3.99816951999999986E-003   5.5219186426022340
 -3.59999999999999973E-002  0.72599999999999998       5.49849544999999988E-003   5.2032807787120356
 -3.59999999999999973E-002  0.72999999999999998       7.57376394000000043E-003   4.8830651171390187
 -3.59999999999999973E-002  0.73399999999999999       1.04186034050000008E-002   4.5641622818700966
 -3.59999999999999973E-002  0.73799999999999999       1.41968400199999987E-002   4.2547358729420601
 -3.59999999999999973E-002  0.74199999999999999       1.92310645099999997E-002   3.9512283641793067
 -3.59999999999999973E-002  0.74600000000000000       2.56118840050000018E-002   3.6646988162675878
 -3.59999999999999973E-002  0.75000000000000000       3.34055786250000014E-002   3.3990323682459560
 -3.59999999999999973E-002  0.75400000000000000       4.28194920250000027E-002   3.1507618589222606
 -3.59999999999999973E-002  0.75800000000000001       5.34001076050000037E-002   2.9299425179431116
 -3.59999999999999973E-002  0.76200000000000001       6.47916584049999938E-002   2.7365784122280106
 -3.59999999999999973E-002  0.76600000000000001       7.59567165049999937E-002   2.5775916206047880
 -3.59999999999999973E-002  0.77000000000000002       8.52578504400000048E-002   2.4620750797855560
 -3.59999999999999973E-002  0.77400000000000002       9.17084148899999924E-002   2.3891411384991552
 -3.59999999999999973E-002  0.77800000000000002       9.35276528600000046E-002   2.3694981339002803
 -3.59999999999999973E-002  0.78200000000000003       8.96982957650000051E-002   2.4113035093732376
 -3.59999999999999973E-002  0.78600000000000003       8.00898086399999959E-002   2.5246066659614246
 -3.59999999999999973E-002  0.79000000000000004       6.63409337299999957E-002   2.7129481706451877
 -3.59999999999999973E-002  0.79400000000000004       5.00901841299999998E-002   2.9939302156361380
 -3.59999999999999973E-002  0.79800000000000004       3.43132783200000013E-002   3.3722228766909610
 -3.59999999999999973E-002  0.80200000000000005       2.10878564850000005E-002   3.8590579262144091
 -3.59999999999999973E-002  0.80600000000000005       1.14777462700000003E-002   4.4673452253078576
 -3.59999999999999973E-002  0.81000000000000005       5.45122778499999936E-003   5.2119144140277092
 -3.59999999999999973E-002  0.81399999999999995       2.22846370500000019E-003   6.1064428524502539
 -3.59999999999999973E-002  0.81799999999999995       7.77918104999999961E-004   7.1588893028226170
 -3.59999999999999973E-002  0.82199999999999995       2.26241929999999988E-004   8.3939056445286617
 -3.59999999999999973E-002  0.82599999999999996       5.39457749999999926E-005   9.8275311825797864
 -3.59999999999999973E-002  0.82999999999999996       9.86413500000000004E-006   11.526605106064498
 -3.59999999999999973E-002  0.83399999999999996       1.26876499999999991E-006   13.577466571566102
 -3.59999999999999973E-002  0.83799999999999997       8.50499999999999906E-009   18.582611611098585
 -3.59999999999999973E-002  0.84199999999999997        0.0000000000000000                      +Infinity
 -3.59999999999999973E-002  0.84599999999999997        0.0000000000000000                      +Infinity
 -3.59999999999999973E-002  0.84999999999999998        0.0000000000000000                      +Infinity
 -3.59999999999999973E-002  0.85399999999999998        0.0000000000000000                      +Infinity
 -3.59999999999999973E-002  0.85799999999999998        0.0000000000000000                      +Infinity
 -3.59999999999999973E-002  0.86199999999999999        0.0000000000000000                      +Infinity
 -3.59999999999999973E-002  0.86599999999999999        0.0000000000000000                      +Infinity
 -3.59999999999999973E-002  0.87000000000000000        0.0000000000000000                      +Infinity
 -3.59999999999999973E-002  0.87400000000000000        0.0000000000000000                      +Infinity
 -3.59999999999999973E-002  0.87800000000000000        0.0000000000000000                      +Infinity
 -3.59999999999999973E-002  0.88200000000000001        0.0000000000000000                      +Infinity
 -3.59999999999999973E-002  0.88600000000000001        0.0000000000000000                      +Infinity
 -3.59999999999999973E-002  0.89000000000000001        0.0000000000000000                      +Infinity
 -3.59999999999999973E-002  0.89400000000000002        0.0000000000000000                      +Infinity
 -3.59999999999999973E-002  0.89800000000000002        0.0000000000000000                      +Infinity
 -3.59999999999999973E-002  0.90200000000000002        0.0000000000000000                      +Infinity
 -3.59999999999999973E-002  0.90600000000000003        0.0000000000000000                      +Infinity
 -3.59999999999999973E-002  0.91000000000000003        0.0000000000000000                      +Infinity
 -3.59999999999999973E-002  0.91400000000000003        0.0000000000000000                      +Infinity
 -3.59999999999999973E-002  0.91800000000000004        0.0000000000000000                      +Infinity
 -3.59999999999999973E-002  0.92200000000000004        0.0000000000000000                      +Infinity
 -3.59999999999999973E-002  0.92600000000000005        0.0000000000000000                      +Infinity
 -3.59999999999999973E-002  0.93000000000000005        0.0000000000000000                      +Infinity
 -3.59999999999999973E-002  0.93400000000000005        0.0000000000000000                      +Infinity
 -3.59999999999999973E-002  0.93799999999999994        0.0000000000000000                      +Infinity
 -3.59999999999999973E-002  0.94199999999999995        0.0000000000000000                      +Infinity
 -3.59999999999999973E-002  0.94599999999999995        0.0000000000000000                      +Infinity
 -3.59999999999999973E-002  0.94999999999999996        0.0000000000000000                      +Infinity
 -3.59999999999999973E-002  0.95399999999999996        0.0000000000000000                      +Infinity
 -3.59999999999999973E-002  0.95799999999999996        0.0000000000000000                      +Infinity
 -3.59999999999999973E-002  0.96199999999999997        0.0000000000000000                      +Infinity
 -3.59999999999999973E-002  0.96599999999999997        0.0000000000000000                      +Infinity
 -3.59999999999999973E-002  0.96999999999999997        0.0000000000000000                      +Infinity
 -3.59999999999999973E-002  0.97399999999999998        0.0000000000000000                      +Infinity
 -3.59999999999999973E-002  0.97799999999999998        0.0000000000000000                      +Infinity
 -3.59999999999999973E-002  0.98199999999999998        0.0000000000000000                      +Infinity
 -3.59999999999999973E-002  0.98599999999999999        0.0000000000000000                      +Infinity
 -3.59999999999999973E-002  0.98999999999999999        0.0000000000000000                      +Infinity
 -3.59999999999999973E-002  0.99399999999999999        0.0000000000000000                      +Infinity
 -3.59999999999999973E-002  0.99800000000000000        0.0000000000000000                      +Infinity
