 -2.80000000000000006E-002 -0.99800000000000000        0.0000000000000000                      +Infinity
 -2.80000000000000006E-002 -0.99399999999999999        0.0000000000000000                      +Infinity
 -2.80000000000000006E-002 -0.98999999999999999        0.0000000000000000                      +Infinity
 -2.80000000000000006E-002 -0.98599999999999999        0.0000000000000000                      +Infinity
 -2.80000000000000006E-002 -0.98199999999999998        0.0000000000000000                      +Infinity
 -2.80000000000000006E-002 -0.97799999999999998        0.0000000000000000                      +Infinity
 -2.80000000000000006E-002 -0.97399999999999998        0.0000000000000000                      +Infinity
 -2.80000000000000006E-002 -0.96999999999999997        0.0000000000000000                      +Infinity
 -2.80000000000000006E-002 -0.96599999999999997        0.0000000000000000                      +Infinity
 -2.80000000000000006E-002 -0.96199999999999997        0.0000000000000000                      +Infinity
 -2.80000000000000006E-002 -0.95799999999999996        0.0000000000000000                      +Infinity
 -2.80000000000000006E-002 -0.95399999999999996        0.0000000000000000                      +Infinity
 -2.80000000000000006E-002 -0.94999999999999996        0.0000000000000000                      +Infinity
 -2.80000000000000006E-002 -0.94599999999999995        0.0000000000000000                      +Infinity
 -2.80000000000000006E-002 -0.94199999999999995        0.0000000000000000                      +Infinity
 -2.80000000000000006E-002 -0.93799999999999994        0.0000000000000000                      +Infinity
 -2.80000000000000006E-002 -0.93400000000000005        0.0000000000000000                      +Infinity
 -2.80000000000000006E-002 -0.93000000000000005        0.0000000000000000                      +Infinity
 -2.80000000000000006E-002 -0.92600000000000005        0.0000000000000000                      +Infinity
 -2.80000000000000006E-002 -0.92200000000000004        0.0000000000000000                      +Infinity
 -2.80000000000000006E-002 -0.91800000000000004        0.0000000000000000                      +Infinity
 -2.80000000000000006E-002 -0.91400000000000003        0.0000000000000000                      +Infinity
 -2.80000000000000006E-002 -0.91000000000000003        0.0000000000000000                      +Infinity
 -2.80000000000000006E-002 -0.90600000000000003        0.0000000000000000                      +Infinity
 -2.80000000000000006E-002 -0.90200000000000002        0.0000000000000000                      +Infinity
 -2.80000000000000006E-002 -0.89800000000000002        0.0000000000000000                      +Infinity
 -2.80000000000000006E-002 -0.89400000000000002        0.0000000000000000                      +Infinity
 -2.80000000000000006E-002 -0.89000000000000001        0.0000000000000000                      +Infinity
 -2.80000000000000006E-002 -0.88600000000000001        0.0000000000000000                      +Infinity
 -2.80000000000000006E-002 -0.88200000000000001        0.0000000000000000                      +Infinity
 -2.80000000000000006E-002 -0.87800000000000000        0.0000000000000000                      +Infinity
 -2.80000000000000006E-002 -0.87400000000000000        0.0000000000000000                      +Infinity
 -2.80000000000000006E-002 -0.87000000000000000        0.0000000000000000                      +Infinity
 -2.80000000000000006E-002 -0.86599999999999999        0.0000000000000000                      +Infinity
 -2.80000000000000006E-002 -0.86199999999999999        0.0000000000000000                      +Infinity
 -2.80000000000000006E-002 -0.85799999999999998        0.0000000000000000                      +Infinity
 -2.80000000000000006E-002 -0.85399999999999998        0.0000000000000000                      +Infinity
 -2.80000000000000006E-002 -0.84999999999999998        0.0000000000000000                      +Infinity
 -2.80000000000000006E-002 -0.84599999999999997        0.0000000000000000                      +Infinity
 -2.80000000000000006E-002 -0.84199999999999997        0.0000000000000000                      +Infinity
 -2.80000000000000006E-002 -0.83799999999999997        0.0000000000000000                      +Infinity
 -2.80000000000000006E-002 -0.83399999999999996        0.0000000000000000                      +Infinity
 -2.80000000000000006E-002 -0.82999999999999996        0.0000000000000000                      +Infinity
 -2.80000000000000006E-002 -0.82599999999999996        0.0000000000000000                      +Infinity
 -2.80000000000000006E-002 -0.82199999999999995        0.0000000000000000                      +Infinity
 -2.80000000000000006E-002 -0.81799999999999995        0.0000000000000000                      +Infinity
 -2.80000000000000006E-002 -0.81399999999999995        0.0000000000000000                      +Infinity
 -2.80000000000000006E-002 -0.81000000000000005        0.0000000000000000                      +Infinity
 -2.80000000000000006E-002 -0.80600000000000005        0.0000000000000000                      +Infinity
 -2.80000000000000006E-002 -0.80200000000000005        0.0000000000000000                      +Infinity
 -2.80000000000000006E-002 -0.79800000000000004        0.0000000000000000                      +Infinity
 -2.80000000000000006E-002 -0.79400000000000004        0.0000000000000000                      +Infinity
 -2.80000000000000006E-002 -0.79000000000000004        0.0000000000000000                      +Infinity
 -2.80000000000000006E-002 -0.78600000000000003        0.0000000000000000                      +Infinity
 -2.80000000000000006E-002 -0.78200000000000003        0.0000000000000000                      +Infinity
 -2.80000000000000006E-002 -0.77800000000000002        0.0000000000000000                      +Infinity
 -2.80000000000000006E-002 -0.77400000000000002        0.0000000000000000                      +Infinity
 -2.80000000000000006E-002 -0.77000000000000002        0.0000000000000000                      +Infinity
 -2.80000000000000006E-002 -0.76600000000000001        0.0000000000000000                      +Infinity
 -2.80000000000000006E-002 -0.76200000000000001        0.0000000000000000                      +Infinity
 -2.80000000000000006E-002 -0.75800000000000001        0.0000000000000000                      +Infinity
 -2.80000000000000006E-002 -0.75400000000000000        0.0000000000000000                      +Infinity
 -2.80000000000000006E-002 -0.75000000000000000        0.0000000000000000                      +Infinity
 -2.80000000000000006E-002 -0.74600000000000000        0.0000000000000000                      +Infinity
 -2.80000000000000006E-002 -0.74199999999999999        0.0000000000000000                      +Infinity
 -2.80000000000000006E-002 -0.73799999999999999        0.0000000000000000                      +Infinity
 -2.80000000000000006E-002 -0.73399999999999999        0.0000000000000000                      +Infinity
 -2.80000000000000006E-002 -0.72999999999999998        0.0000000000000000                      +Infinity
 -2.80000000000000006E-002 -0.72599999999999998        0.0000000000000000                      +Infinity
 -2.80000000000000006E-002 -0.72199999999999998        0.0000000000000000                      +Infinity
 -2.80000000000000006E-002 -0.71799999999999997        0.0000000000000000                      +Infinity
 -2.80000000000000006E-002 -0.71399999999999997        0.0000000000000000                      +Infinity
 -2.80000000000000006E-002 -0.70999999999999996        0.0000000000000000                      +Infinity
 -2.80000000000000006E-002 -0.70599999999999996        0.0000000000000000                      +Infinity
 -2.80000000000000006E-002 -0.70199999999999996        0.0000000000000000                      +Infinity
 -2.80000000000000006E-002 -0.69799999999999995        0.0000000000000000                      +Infinity
 -2.80000000000000006E-002 -0.69399999999999995        0.0000000000000000                      +Infinity
 -2.80000000000000006E-002 -0.68999999999999995        0.0000000000000000                      +Infinity
 -2.80000000000000006E-002 -0.68600000000000005        0.0000000000000000                      +Infinity
 -2.80000000000000006E-002 -0.68200000000000005        0.0000000000000000                      +Infinity
 -2.80000000000000006E-002 -0.67800000000000005        0.0000000000000000                      +Infinity
 -2.80000000000000006E-002 -0.67400000000000004        0.0000000000000000                      +Infinity
 -2.80000000000000006E-002 -0.67000000000000004        0.0000000000000000                      +Infinity
 -2.80000000000000006E-002 -0.66600000000000004        0.0000000000000000                      +Infinity
 -2.80000000000000006E-002 -0.66200000000000003        0.0000000000000000                      +Infinity
 -2.80000000000000006E-002 -0.65800000000000003        0.0000000000000000                      +Infinity
 -2.80000000000000006E-002 -0.65400000000000003        0.0000000000000000                      +Infinity
 -2.80000000000000006E-002 -0.65000000000000002        0.0000000000000000                      +Infinity
 -2.80000000000000006E-002 -0.64600000000000002        0.0000000000000000                      +Infinity
 -2.80000000000000006E-002 -0.64200000000000002        0.0000000000000000                      +Infinity
 -2.80000000000000006E-002 -0.63800000000000001        0.0000000000000000                      +Infinity
 -2.80000000000000006E-002 -0.63400000000000001        0.0000000000000000                      +Infinity
 -2.80000000000000006E-002 -0.63000000000000000        0.0000000000000000                      +Infinity
 -2.80000000000000006E-002 -0.62600000000000000        0.0000000000000000                      +Infinity
 -2.80000000000000006E-002 -0.62200000000000000        0.0000000000000000                      +Infinity
 -2.80000000000000006E-002 -0.61799999999999999        0.0000000000000000                      +Infinity
 -2.80000000000000006E-002 -0.61399999999999999        0.0000000000000000                      +Infinity
 -2.80000000000000006E-002 -0.60999999999999999        0.0000000000000000                      +Infinity
 -2.80000000000000006E-002 -0.60599999999999998        0.0000000000000000                      +Infinity
 -2.80000000000000006E-002 -0.60199999999999998        0.0000000000000000                      +Infinity
 -2.80000000000000006E-002 -0.59799999999999998        0.0000000000000000                      +Infinity
 -2.80000000000000006E-002 -0.59399999999999997        0.0000000000000000                      +Infinity
 -2.80000000000000006E-002 -0.58999999999999997        0.0000000000000000                      +Infinity
 -2.80000000000000006E-002 -0.58599999999999997        0.0000000000000000                      +Infinity
 -2.80000000000000006E-002 -0.58199999999999996        0.0000000000000000                      +Infinity
 -2.80000000000000006E-002 -0.57799999999999996        0.0000000000000000                      +Infinity
 -2.80000000000000006E-002 -0.57399999999999995        0.0000000000000000                      +Infinity
 -2.80000000000000006E-002 -0.56999999999999995        0.0000000000000000                      +Infinity
 -2.80000000000000006E-002 -0.56599999999999995        0.0000000000000000                      +Infinity
 -2.80000000000000006E-002 -0.56200000000000006        0.0000000000000000                      +Infinity
 -2.80000000000000006E-002 -0.55800000000000005        0.0000000000000000                      +Infinity
 -2.80000000000000006E-002 -0.55400000000000005        0.0000000000000000                      +Infinity
 -2.80000000000000006E-002 -0.55000000000000004        0.0000000000000000                      +Infinity
 -2.80000000000000006E-002 -0.54600000000000004        0.0000000000000000                      +Infinity
 -2.80000000000000006E-002 -0.54200000000000004        0.0000000000000000                      +Infinity
 -2.80000000000000006E-002 -0.53800000000000003        0.0000000000000000                      +Infinity
 -2.80000000000000006E-002 -0.53400000000000003        0.0000000000000000                      +Infinity
 -2.80000000000000006E-002 -0.53000000000000003        0.0000000000000000                      +Infinity
 -2.80000000000000006E-002 -0.52600000000000002        0.0000000000000000                      +Infinity
 -2.80000000000000006E-002 -0.52200000000000002        0.0000000000000000                      +Infinity
 -2.80000000000000006E-002 -0.51800000000000002        0.0000000000000000                      +Infinity
 -2.80000000000000006E-002 -0.51400000000000001        0.0000000000000000                      +Infinity
 -2.80000000000000006E-002 -0.51000000000000001        0.0000000000000000                      +Infinity
 -2.80000000000000006E-002 -0.50600000000000001        0.0000000000000000                      +Infinity
 -2.80000000000000006E-002 -0.50200000000000000        0.0000000000000000                      +Infinity
 -2.80000000000000006E-002 -0.49800000000000000        0.0000000000000000                      +Infinity
 -2.80000000000000006E-002 -0.49399999999999999        0.0000000000000000                      +Infinity
 -2.80000000000000006E-002 -0.48999999999999999        0.0000000000000000                      +Infinity
 -2.80000000000000006E-002 -0.48599999999999999        0.0000000000000000                      +Infinity
 -2.80000000000000006E-002 -0.48199999999999998        0.0000000000000000                      +Infinity
 -2.80000000000000006E-002 -0.47799999999999998        0.0000000000000000                      +Infinity
 -2.80000000000000006E-002 -0.47399999999999998        0.0000000000000000                      +Infinity
 -2.80000000000000006E-002 -0.46999999999999997        0.0000000000000000                      +Infinity
 -2.80000000000000006E-002 -0.46600000000000003        0.0000000000000000                      +Infinity
 -2.80000000000000006E-002 -0.46200000000000002        0.0000000000000000                      +Infinity
 -2.80000000000000006E-002 -0.45800000000000002        0.0000000000000000                      +Infinity
 -2.80000000000000006E-002 -0.45400000000000001        0.0000000000000000                      +Infinity
 -2.80000000000000006E-002 -0.45000000000000001        0.0000000000000000                      +Infinity
 -2.80000000000000006E-002 -0.44600000000000001        0.0000000000000000                      +Infinity
 -2.80000000000000006E-002 -0.44200000000000000        0.0000000000000000                      +Infinity
 -2.80000000000000006E-002 -0.43800000000000000        0.0000000000000000                      +Infinity
 -2.80000000000000006E-002 -0.43400000000000000        0.0000000000000000                      +Infinity
 -2.80000000000000006E-002 -0.42999999999999999        0.0000000000000000                      +Infinity
 -2.80000000000000006E-002 -0.42599999999999999        0.0000000000000000                      +Infinity
 -2.80000000000000006E-002 -0.42199999999999999        0.0000000000000000                      +Infinity
 -2.80000000000000006E-002 -0.41799999999999998        0.0000000000000000                      +Infinity
 -2.80000000000000006E-002 -0.41399999999999998        0.0000000000000000                      +Infinity
 -2.80000000000000006E-002 -0.40999999999999998        0.0000000000000000                      +Infinity
 -2.80000000000000006E-002 -0.40600000000000003        0.0000000000000000                      +Infinity
 -2.80000000000000006E-002 -0.40200000000000002        0.0000000000000000                      +Infinity
 -2.80000000000000006E-002 -0.39800000000000002        0.0000000000000000                      +Infinity
 -2.80000000000000006E-002 -0.39400000000000002        0.0000000000000000                      +Infinity
 -2.80000000000000006E-002 -0.39000000000000001        0.0000000000000000                      +Infinity
 -2.80000000000000006E-002 -0.38600000000000001        0.0000000000000000                      +Infinity
 -2.80000000000000006E-002 -0.38200000000000001        0.0000000000000000                      +Infinity
 -2.80000000000000006E-002 -0.37800000000000000        0.0000000000000000                      +Infinity
 -2.80000000000000006E-002 -0.37400000000000000        0.0000000000000000                      +Infinity
 -2.80000000000000006E-002 -0.37000000000000000        0.0000000000000000                      +Infinity
 -2.80000000000000006E-002 -0.36599999999999999        0.0000000000000000                      +Infinity
 -2.80000000000000006E-002 -0.36199999999999999        0.0000000000000000                      +Infinity
 -2.80000000000000006E-002 -0.35799999999999998        0.0000000000000000                      +Infinity
 -2.80000000000000006E-002 -0.35399999999999998        0.0000000000000000                      +Infinity
 -2.80000000000000006E-002 -0.34999999999999998        0.0000000000000000                      +Infinity
 -2.80000000000000006E-002 -0.34599999999999997        0.0000000000000000                      +Infinity
 -2.80000000000000006E-002 -0.34200000000000003        0.0000000000000000                      +Infinity
 -2.80000000000000006E-002 -0.33800000000000002        0.0000000000000000                      +Infinity
 -2.80000000000000006E-002 -0.33400000000000002        0.0000000000000000                      +Infinity
 -2.80000000000000006E-002 -0.33000000000000002        0.0000000000000000                      +Infinity
 -2.80000000000000006E-002 -0.32600000000000001        0.0000000000000000                      +Infinity
 -2.80000000000000006E-002 -0.32200000000000001        0.0000000000000000                      +Infinity
 -2.80000000000000006E-002 -0.31800000000000000        0.0000000000000000                      +Infinity
 -2.80000000000000006E-002 -0.31400000000000000        0.0000000000000000                      +Infinity
 -2.80000000000000006E-002 -0.31000000000000000        0.0000000000000000                      +Infinity
 -2.80000000000000006E-002 -0.30599999999999999        0.0000000000000000                      +Infinity
 -2.80000000000000006E-002 -0.30199999999999999        0.0000000000000000                      +Infinity
 -2.80000000000000006E-002 -0.29799999999999999        0.0000000000000000                      +Infinity
 -2.80000000000000006E-002 -0.29399999999999998        0.0000000000000000                      +Infinity
 -2.80000000000000006E-002 -0.28999999999999998        0.0000000000000000                      +Infinity
 -2.80000000000000006E-002 -0.28599999999999998        0.0000000000000000                      +Infinity
 -2.80000000000000006E-002 -0.28199999999999997        0.0000000000000000                      +Infinity
 -2.80000000000000006E-002 -0.27800000000000002        0.0000000000000000                      +Infinity
 -2.80000000000000006E-002 -0.27400000000000002        0.0000000000000000                      +Infinity
 -2.80000000000000006E-002 -0.27000000000000002        0.0000000000000000                      +Infinity
 -2.80000000000000006E-002 -0.26600000000000001        0.0000000000000000                      +Infinity
 -2.80000000000000006E-002 -0.26200000000000001        0.0000000000000000                      +Infinity
 -2.80000000000000006E-002 -0.25800000000000001        0.0000000000000000                      +Infinity
 -2.80000000000000006E-002 -0.25400000000000000        0.0000000000000000                      +Infinity
 -2.80000000000000006E-002 -0.25000000000000000        0.0000000000000000                      +Infinity
 -2.80000000000000006E-002 -0.24600000000000000        0.0000000000000000                      +Infinity
 -2.80000000000000006E-002 -0.24199999999999999        0.0000000000000000                      +Infinity
 -2.80000000000000006E-002 -0.23799999999999999        0.0000000000000000                      +Infinity
 -2.80000000000000006E-002 -0.23400000000000001        0.0000000000000000                      +Infinity
 -2.80000000000000006E-002 -0.23000000000000001        0.0000000000000000                      +Infinity
 -2.80000000000000006E-002 -0.22600000000000001        0.0000000000000000                      +Infinity
 -2.80000000000000006E-002 -0.22200000000000000        0.0000000000000000                      +Infinity
 -2.80000000000000006E-002 -0.21800000000000000        0.0000000000000000                      +Infinity
 -2.80000000000000006E-002 -0.21400000000000000        0.0000000000000000                      +Infinity
 -2.80000000000000006E-002 -0.20999999999999999        0.0000000000000000                      +Infinity
 -2.80000000000000006E-002 -0.20599999999999999        0.0000000000000000                      +Infinity
 -2.80000000000000006E-002 -0.20200000000000001        0.0000000000000000                      +Infinity
 -2.80000000000000006E-002 -0.19800000000000001        0.0000000000000000                      +Infinity
 -2.80000000000000006E-002 -0.19400000000000001        0.0000000000000000                      +Infinity
 -2.80000000000000006E-002 -0.19000000000000000        0.0000000000000000                      +Infinity
 -2.80000000000000006E-002 -0.18600000000000000        0.0000000000000000                      +Infinity
 -2.80000000000000006E-002 -0.18200000000000000        0.0000000000000000                      +Infinity
 -2.80000000000000006E-002 -0.17799999999999999        0.0000000000000000                      +Infinity
 -2.80000000000000006E-002 -0.17399999999999999        0.0000000000000000                      +Infinity
 -2.80000000000000006E-002 -0.17000000000000001        0.0000000000000000                      +Infinity
 -2.80000000000000006E-002 -0.16600000000000001        0.0000000000000000                      +Infinity
 -2.80000000000000006E-002 -0.16200000000000001        0.0000000000000000                      +Infinity
 -2.80000000000000006E-002 -0.15800000000000000        0.0000000000000000                      +Infinity
 -2.80000000000000006E-002 -0.15400000000000000        0.0000000000000000                      +Infinity
 -2.80000000000000006E-002 -0.14999999999999999        0.0000000000000000                      +Infinity
 -2.80000000000000006E-002 -0.14599999999999999        0.0000000000000000                      +Infinity
 -2.80000000000000006E-002 -0.14199999999999999        0.0000000000000000                      +Infinity
 -2.80000000000000006E-002 -0.13800000000000001        0.0000000000000000                      +Infinity
 -2.80000000000000006E-002 -0.13400000000000001        0.0000000000000000                      +Infinity
 -2.80000000000000006E-002 -0.13000000000000000        0.0000000000000000                      +Infinity
 -2.80000000000000006E-002 -0.12600000000000000        0.0000000000000000                      +Infinity
 -2.80000000000000006E-002 -0.12200000000000000        0.0000000000000000                      +Infinity
 -2.80000000000000006E-002 -0.11799999999999999        0.0000000000000000                      +Infinity
 -2.80000000000000006E-002 -0.11400000000000000        0.0000000000000000                      +Infinity
 -2.80000000000000006E-002 -0.11000000000000000        0.0000000000000000                      +Infinity
 -2.80000000000000006E-002 -0.10600000000000000        0.0000000000000000                      +Infinity
 -2.80000000000000006E-002 -0.10199999999999999        0.0000000000000000                      +Infinity
 -2.80000000000000006E-002 -9.80000000000000038E-002   0.0000000000000000                      +Infinity
 -2.80000000000000006E-002 -9.40000000000000002E-002   0.0000000000000000                      +Infinity
 -2.80000000000000006E-002 -8.99999999999999967E-002   0.0000000000000000                      +Infinity
 -2.80000000000000006E-002 -8.59999999999999931E-002   0.0000000000000000                      +Infinity
 -2.80000000000000006E-002 -8.20000000000000034E-002   0.0000000000000000                      +Infinity
 -2.80000000000000006E-002 -7.79999999999999999E-002   0.0000000000000000                      +Infinity
 -2.80000000000000006E-002 -7.39999999999999963E-002   0.0000000000000000                      +Infinity
 -2.80000000000000006E-002 -7.00000000000000067E-002   0.0000000000000000                      +Infinity
 -2.80000000000000006E-002 -6.60000000000000031E-002   0.0000000000000000                      +Infinity
 -2.80000000000000006E-002 -6.19999999999999996E-002   0.0000000000000000                      +Infinity
 -2.80000000000000006E-002 -5.80000000000000029E-002   0.0000000000000000                      +Infinity
 -2.80000000000000006E-002 -5.39999999999999994E-002   0.0000000000000000                      +Infinity
 -2.80000000000000006E-002 -5.00000000000000028E-002   0.0000000000000000                      +Infinity
 -2.80000000000000006E-002 -4.59999999999999992E-002   0.0000000000000000                      +Infinity
 -2.80000000000000006E-002 -4.20000000000000026E-002   0.0000000000000000                      +Infinity
 -2.80000000000000006E-002 -3.79999999999999991E-002   0.0000000000000000                      +Infinity
 -2.80000000000000006E-002 -3.40000000000000024E-002   0.0000000000000000                      +Infinity
 -2.80000000000000006E-002 -2.99999999999999989E-002   0.0000000000000000                      +Infinity
 -2.80000000000000006E-002 -2.59999999999999988E-002   0.0000000000000000                      +Infinity
 -2.80000000000000006E-002 -2.19999999999999987E-002   0.0000000000000000                      +Infinity
 -2.80000000000000006E-002 -1.79999999999999986E-002   0.0000000000000000                      +Infinity
 -2.80000000000000006E-002 -1.40000000000000003E-002   0.0000000000000000                      +Infinity
 -2.80000000000000006E-002 -1.00000000000000002E-002   0.0000000000000000                      +Infinity
 -2.80000000000000006E-002 -6.00000000000000012E-003   0.0000000000000000                      +Infinity
 -2.80000000000000006E-002 -2.00000000000000004E-003   0.0000000000000000                      +Infinity
 -2.80000000000000006E-002  2.00000000000000004E-003   0.0000000000000000                      +Infinity
 -2.80000000000000006E-002  6.00000000000000012E-003   0.0000000000000000                      +Infinity
 -2.80000000000000006E-002  1.00000000000000002E-002   0.0000000000000000                      +Infinity
 -2.80000000000000006E-002  1.40000000000000003E-002   0.0000000000000000                      +Infinity
 -2.80000000000000006E-002  1.79999999999999986E-002   0.0000000000000000                      +Infinity
 -2.80000000000000006E-002  2.19999999999999987E-002   0.0000000000000000                      +Infinity
 -2.80000000000000006E-002  2.59999999999999988E-002   0.0000000000000000                      +Infinity
 -2.80000000000000006E-002  2.99999999999999989E-002   0.0000000000000000                      +Infinity
 -2.80000000000000006E-002  3.40000000000000024E-002   0.0000000000000000                      +Infinity
 -2.80000000000000006E-002  3.79999999999999991E-002   0.0000000000000000                      +Infinity
 -2.80000000000000006E-002  4.20000000000000026E-002   0.0000000000000000                      +Infinity
 -2.80000000000000006E-002  4.59999999999999992E-002   0.0000000000000000                      +Infinity
 -2.80000000000000006E-002  5.00000000000000028E-002   0.0000000000000000                      +Infinity
 -2.80000000000000006E-002  5.39999999999999994E-002   0.0000000000000000                      +Infinity
 -2.80000000000000006E-002  5.80000000000000029E-002   0.0000000000000000                      +Infinity
 -2.80000000000000006E-002  6.19999999999999996E-002   0.0000000000000000                      +Infinity
 -2.80000000000000006E-002  6.60000000000000031E-002   0.0000000000000000                      +Infinity
 -2.80000000000000006E-002  7.00000000000000067E-002   0.0000000000000000                      +Infinity
 -2.80000000000000006E-002  7.39999999999999963E-002   0.0000000000000000                      +Infinity
 -2.80000000000000006E-002  7.79999999999999999E-002   0.0000000000000000                      +Infinity
 -2.80000000000000006E-002  8.20000000000000034E-002   0.0000000000000000                      +Infinity
 -2.80000000000000006E-002  8.59999999999999931E-002   0.0000000000000000                      +Infinity
 -2.80000000000000006E-002  8.99999999999999967E-002   0.0000000000000000                      +Infinity
 -2.80000000000000006E-002  9.40000000000000002E-002   0.0000000000000000                      +Infinity
 -2.80000000000000006E-002  9.80000000000000038E-002   0.0000000000000000                      +Infinity
 -2.80000000000000006E-002  0.10199999999999999        0.0000000000000000                      +Infinity
 -2.80000000000000006E-002  0.10600000000000000        0.0000000000000000                      +Infinity
 -2.80000000000000006E-002  0.11000000000000000        0.0000000000000000                      +Infinity
 -2.80000000000000006E-002  0.11400000000000000        0.0000000000000000                      +Infinity
 -2.80000000000000006E-002  0.11799999999999999        0.0000000000000000                      +Infinity
 -2.80000000000000006E-002  0.12200000000000000        0.0000000000000000                      +Infinity
 -2.80000000000000006E-002  0.12600000000000000        0.0000000000000000                      +Infinity
 -2.80000000000000006E-002  0.13000000000000000        0.0000000000000000                      +Infinity
 -2.80000000000000006E-002  0.13400000000000001        0.0000000000000000                      +Infinity
 -2.80000000000000006E-002  0.13800000000000001        0.0000000000000000                      +Infinity
 -2.80000000000000006E-002  0.14199999999999999        0.0000000000000000                      +Infinity
 -2.80000000000000006E-002  0.14599999999999999        0.0000000000000000                      +Infinity
 -2.80000000000000006E-002  0.14999999999999999        0.0000000000000000                      +Infinity
 -2.80000000000000006E-002  0.15400000000000000        0.0000000000000000                      +Infinity
 -2.80000000000000006E-002  0.15800000000000000        0.0000000000000000                      +Infinity
 -2.80000000000000006E-002  0.16200000000000001        0.0000000000000000                      +Infinity
 -2.80000000000000006E-002  0.16600000000000001        0.0000000000000000                      +Infinity
 -2.80000000000000006E-002  0.17000000000000001        0.0000000000000000                      +Infinity
 -2.80000000000000006E-002  0.17399999999999999        0.0000000000000000                      +Infinity
 -2.80000000000000006E-002  0.17799999999999999        0.0000000000000000                      +Infinity
 -2.80000000000000006E-002  0.18200000000000000        0.0000000000000000                      +Infinity
 -2.80000000000000006E-002  0.18600000000000000        0.0000000000000000                      +Infinity
 -2.80000000000000006E-002  0.19000000000000000        0.0000000000000000                      +Infinity
 -2.80000000000000006E-002  0.19400000000000001        0.0000000000000000                      +Infinity
 -2.80000000000000006E-002  0.19800000000000001        0.0000000000000000                      +Infinity
 -2.80000000000000006E-002  0.20200000000000001        0.0000000000000000                      +Infinity
 -2.80000000000000006E-002  0.20599999999999999        0.0000000000000000                      +Infinity
 -2.80000000000000006E-002  0.20999999999999999        0.0000000000000000                      +Infinity
 -2.80000000000000006E-002  0.21400000000000000        0.0000000000000000                      +Infinity
 -2.80000000000000006E-002  0.21800000000000000        0.0000000000000000                      +Infinity
 -2.80000000000000006E-002  0.22200000000000000        0.0000000000000000                      +Infinity
 -2.80000000000000006E-002  0.22600000000000001        0.0000000000000000                      +Infinity
 -2.80000000000000006E-002  0.23000000000000001        0.0000000000000000                      +Infinity
 -2.80000000000000006E-002  0.23400000000000001        0.0000000000000000                      +Infinity
 -2.80000000000000006E-002  0.23799999999999999        0.0000000000000000                      +Infinity
 -2.80000000000000006E-002  0.24199999999999999        0.0000000000000000                      +Infinity
 -2.80000000000000006E-002  0.24600000000000000        0.0000000000000000                      +Infinity
 -2.80000000000000006E-002  0.25000000000000000        0.0000000000000000                      +Infinity
 -2.80000000000000006E-002  0.25400000000000000        0.0000000000000000                      +Infinity
 -2.80000000000000006E-002  0.25800000000000001        0.0000000000000000                      +Infinity
 -2.80000000000000006E-002  0.26200000000000001        0.0000000000000000                      +Infinity
 -2.80000000000000006E-002  0.26600000000000001        0.0000000000000000                      +Infinity
 -2.80000000000000006E-002  0.27000000000000002        0.0000000000000000                      +Infinity
 -2.80000000000000006E-002  0.27400000000000002        0.0000000000000000                      +Infinity
 -2.80000000000000006E-002  0.27800000000000002        0.0000000000000000                      +Infinity
 -2.80000000000000006E-002  0.28199999999999997        0.0000000000000000                      +Infinity
 -2.80000000000000006E-002  0.28599999999999998        0.0000000000000000                      +Infinity
 -2.80000000000000006E-002  0.28999999999999998        0.0000000000000000                      +Infinity
 -2.80000000000000006E-002  0.29399999999999998        0.0000000000000000                      +Infinity
 -2.80000000000000006E-002  0.29799999999999999        0.0000000000000000                      +Infinity
 -2.80000000000000006E-002  0.30199999999999999        0.0000000000000000                      +Infinity
 -2.80000000000000006E-002  0.30599999999999999        0.0000000000000000                      +Infinity
 -2.80000000000000006E-002  0.31000000000000000        0.0000000000000000                      +Infinity
 -2.80000000000000006E-002  0.31400000000000000        0.0000000000000000                      +Infinity
 -2.80000000000000006E-002  0.31800000000000000        0.0000000000000000                      +Infinity
 -2.80000000000000006E-002  0.32200000000000001        0.0000000000000000                      +Infinity
 -2.80000000000000006E-002  0.32600000000000001        0.0000000000000000                      +Infinity
 -2.80000000000000006E-002  0.33000000000000002        0.0000000000000000                      +Infinity
 -2.80000000000000006E-002  0.33400000000000002        0.0000000000000000                      +Infinity
 -2.80000000000000006E-002  0.33800000000000002        0.0000000000000000                      +Infinity
 -2.80000000000000006E-002  0.34200000000000003        0.0000000000000000                      +Infinity
 -2.80000000000000006E-002  0.34599999999999997        0.0000000000000000                      +Infinity
 -2.80000000000000006E-002  0.34999999999999998        0.0000000000000000                      +Infinity
 -2.80000000000000006E-002  0.35399999999999998        0.0000000000000000                      +Infinity
 -2.80000000000000006E-002  0.35799999999999998        0.0000000000000000                      +Infinity
 -2.80000000000000006E-002  0.36199999999999999        0.0000000000000000                      +Infinity
 -2.80000000000000006E-002  0.36599999999999999        0.0000000000000000                      +Infinity
 -2.80000000000000006E-002  0.37000000000000000        0.0000000000000000                      +Infinity
 -2.80000000000000006E-002  0.37400000000000000        0.0000000000000000                      +Infinity
 -2.80000000000000006E-002  0.37800000000000000        0.0000000000000000                      +Infinity
 -2.80000000000000006E-002  0.38200000000000001        0.0000000000000000                      +Infinity
 -2.80000000000000006E-002  0.38600000000000001        0.0000000000000000                      +Infinity
 -2.80000000000000006E-002  0.39000000000000001        0.0000000000000000                      +Infinity
 -2.80000000000000006E-002  0.39400000000000002        0.0000000000000000                      +Infinity
 -2.80000000000000006E-002  0.39800000000000002        0.0000000000000000                      +Infinity
 -2.80000000000000006E-002  0.40200000000000002        0.0000000000000000                      +Infinity
 -2.80000000000000006E-002  0.40600000000000003        0.0000000000000000                      +Infinity
 -2.80000000000000006E-002  0.40999999999999998        0.0000000000000000                      +Infinity
 -2.80000000000000006E-002  0.41399999999999998        0.0000000000000000                      +Infinity
 -2.80000000000000006E-002  0.41799999999999998        0.0000000000000000                      +Infinity
 -2.80000000000000006E-002  0.42199999999999999        0.0000000000000000                      +Infinity
 -2.80000000000000006E-002  0.42599999999999999        0.0000000000000000                      +Infinity
 -2.80000000000000006E-002  0.42999999999999999        0.0000000000000000                      +Infinity
 -2.80000000000000006E-002  0.43400000000000000        0.0000000000000000                      +Infinity
 -2.80000000000000006E-002  0.43800000000000000        0.0000000000000000                      +Infinity
 -2.80000000000000006E-002  0.44200000000000000        0.0000000000000000                      +Infinity
 -2.80000000000000006E-002  0.44600000000000001        0.0000000000000000                      +Infinity
 -2.80000000000000006E-002  0.45000000000000001        0.0000000000000000                      +Infinity
 -2.80000000000000006E-002  0.45400000000000001        0.0000000000000000                      +Infinity
 -2.80000000000000006E-002  0.45800000000000002        0.0000000000000000                      +Infinity
 -2.80000000000000006E-002  0.46200000000000002        0.0000000000000000                      +Infinity
 -2.80000000000000006E-002  0.46600000000000003        0.0000000000000000                      +Infinity
 -2.80000000000000006E-002  0.46999999999999997        0.0000000000000000                      +Infinity
 -2.80000000000000006E-002  0.47399999999999998        0.0000000000000000                      +Infinity
 -2.80000000000000006E-002  0.47799999999999998        0.0000000000000000                      +Infinity
 -2.80000000000000006E-002  0.48199999999999998        0.0000000000000000                      +Infinity
 -2.80000000000000006E-002  0.48599999999999999        0.0000000000000000                      +Infinity
 -2.80000000000000006E-002  0.48999999999999999        0.0000000000000000                      +Infinity
 -2.80000000000000006E-002  0.49399999999999999        0.0000000000000000                      +Infinity
 -2.80000000000000006E-002  0.49800000000000000        0.0000000000000000                      +Infinity
 -2.80000000000000006E-002  0.50200000000000000        0.0000000000000000                      +Infinity
 -2.80000000000000006E-002  0.50600000000000001        0.0000000000000000                      +Infinity
 -2.80000000000000006E-002  0.51000000000000001        0.0000000000000000                      +Infinity
 -2.80000000000000006E-002  0.51400000000000001       5.19000000000000048E-009   19.076532139768613
 -2.80000000000000006E-002  0.51800000000000002       1.41619999999999994E-007   15.770118422722783
 -2.80000000000000006E-002  0.52200000000000002       3.98094999999999966E-007   14.736575166677390
 -2.80000000000000006E-002  0.52600000000000002       6.53839999999999931E-007   14.240403163738536
 -2.80000000000000006E-002  0.53000000000000003       7.96589999999999962E-007   14.042925719629407
 -2.80000000000000006E-002  0.53400000000000003       1.25404000000000002E-006   13.589140218335638
 -2.80000000000000006E-002  0.53800000000000003       2.02688500000000025E-006   13.109010426193638
 -2.80000000000000006E-002  0.54200000000000004       4.95235499999999961E-006   12.215647336944670
 -2.80000000000000006E-002  0.54600000000000004       1.02549650000000002E-005   11.487748579415038
 -2.80000000000000006E-002  0.55000000000000004       1.31671149999999990E-005   11.237788124672106
 -2.80000000000000006E-002  0.55400000000000005       1.44042300000000005E-005   11.147988644518403
 -2.80000000000000006E-002  0.55800000000000005       1.82766399999999999E-005   10.909886816272753
 -2.80000000000000006E-002  0.56200000000000006       2.44132900000000015E-005   10.620382901813995
 -2.80000000000000006E-002  0.56599999999999995       2.89632749999999993E-005   10.449481909824039
 -2.80000000000000006E-002  0.56999999999999995       3.06051750000000013E-005   10.394341445657657
 -2.80000000000000006E-002  0.57399999999999995       3.51888049999999979E-005   10.254782565718324
 -2.80000000000000006E-002  0.57799999999999996       4.25399099999999964E-005   10.065067863850274
 -2.80000000000000006E-002  0.58199999999999996       4.95209049999999958E-005   9.9131156543106620
 -2.80000000000000006E-002  0.58599999999999997       6.06963000000000036E-005   9.7096278172756296
 -2.80000000000000006E-002  0.58999999999999997       6.58170500000000003E-005   9.6286316346573795
 -2.80000000000000006E-002  0.59399999999999997       7.45091550000000051E-005   9.5045885542225736
 -2.80000000000000006E-002  0.59799999999999998       8.95393049999999987E-005   9.3208328670757030
 -2.80000000000000006E-002  0.60199999999999998       1.04695944999999991E-004   9.1644501705417127
 -2.80000000000000006E-002  0.60599999999999998       1.26367095000000005E-004   8.9763194345088753
 -2.80000000000000006E-002  0.60999999999999999       1.55824450000000009E-004   8.7667805048761025
 -2.80000000000000006E-002  0.61399999999999999       1.93316479999999997E-004   8.5511819193054475
 -2.80000000000000006E-002  0.61799999999999999       2.29193260000000004E-004   8.3809449801878362
 -2.80000000000000006E-002  0.62200000000000000       2.73127269999999967E-004   8.2055726809361431
 -2.80000000000000006E-002  0.62600000000000000       3.17474050000000007E-004   8.0551144752552570
 -2.80000000000000006E-002  0.63000000000000000       3.74247264999999995E-004   7.8905938426404711
 -2.80000000000000006E-002  0.63400000000000001       4.46960620000000006E-004   7.7130400656656048
 -2.80000000000000006E-002  0.63800000000000001       5.38447575000000037E-004   7.5268204198674615
 -2.80000000000000006E-002  0.64200000000000002       6.67769444999999980E-004   7.3115675862184801
 -2.80000000000000006E-002  0.64600000000000002       8.17241870000000011E-004   7.1095754604057646
 -2.80000000000000006E-002  0.65000000000000002       9.69229374999999965E-004   6.9390092609793399
 -2.80000000000000006E-002  0.65400000000000003       1.17027111500000005E-003   6.7505198347936979
 -2.80000000000000006E-002  0.65800000000000003       1.41472623000000000E-003   6.5608192436378339
 -2.80000000000000006E-002  0.66200000000000003       1.71292996000000004E-003   6.3695499478082294
 -2.80000000000000006E-002  0.66600000000000004       2.09975312000000016E-003   6.1659355030684635
 -2.80000000000000006E-002  0.67000000000000004       2.58854668500000003E-003   5.9566586862431370
 -2.80000000000000006E-002  0.67400000000000004       3.21201927999999973E-003   5.7408554804249770
 -2.80000000000000006E-002  0.67800000000000005       4.00051440000000029E-003   5.5213323261305174
 -2.80000000000000006E-002  0.68200000000000005       4.92565240500000053E-003   5.3132985451108938
 -2.80000000000000006E-002  0.68600000000000005       6.06104040999999941E-003   5.1058738088185844
 -2.80000000000000006E-002  0.68999999999999995       7.54555913500000019E-003   4.8867960828149162
 -2.80000000000000006E-002  0.69399999999999995       9.36413008500000012E-003   4.6708688374166467
 -2.80000000000000006E-002  0.69799999999999995       1.15320335749999996E-002   4.4626265877464668
 -2.80000000000000006E-002  0.70199999999999996       1.41676425499999998E-002   4.2567946082100461
 -2.80000000000000006E-002  0.70599999999999996       1.73077508400000003E-002   4.0566008523783053
 -2.80000000000000006E-002  0.70999999999999996       2.10082688900000009E-002   3.8628391620938598
 -2.80000000000000006E-002  0.71399999999999997       2.54270435099999970E-002   3.6719419662360360
 -2.80000000000000006E-002  0.71799999999999997       3.05186164449999971E-002   3.4894184063260747
 -2.80000000000000006E-002  0.72199999999999998       3.63851481349999964E-002   3.3135946058707759
 -2.80000000000000006E-002  0.72599999999999998       4.26725634850000021E-002   3.1541991066006054
 -2.80000000000000006E-002  0.72999999999999998       4.93857018800000006E-002   3.0080943323103657
 -2.80000000000000006E-002  0.73399999999999999       5.61010593950000067E-002   2.8806005825854419
 -2.80000000000000006E-002  0.73799999999999999       6.26006405999999932E-002   2.7709797677016064
 -2.80000000000000006E-002  0.74199999999999999       6.78364339599999977E-002   2.6906558543282144
 -2.80000000000000006E-002  0.74600000000000000       7.12668518599999939E-002   2.6413239704658587
 -2.80000000000000006E-002  0.75000000000000000       7.24236745549999977E-002   2.6252220364261856
 -2.80000000000000006E-002  0.75400000000000000       7.10522710450000039E-002   2.6443394609104574
 -2.80000000000000006E-002  0.75800000000000001       6.69470089450000111E-002   2.7038538837951585
 -2.80000000000000006E-002  0.76200000000000001       6.00073956999999936E-002   2.8132874626894648
 -2.80000000000000006E-002  0.76600000000000001       5.10038024699999981E-002   2.9758550908018444
 -2.80000000000000006E-002  0.77000000000000002       4.08062770899999955E-002   3.1989193591606582
 -2.80000000000000006E-002  0.77400000000000002       3.04781462249999989E-002   3.4907453694030295
 -2.80000000000000006E-002  0.77800000000000002       2.13744142800000002E-002   3.8455606666400208
 -2.80000000000000006E-002  0.78200000000000003       1.38602158749999999E-002   4.2787327099448493
 -2.80000000000000006E-002  0.78600000000000003       8.17161860500000004E-003   4.8070882740654683
 -2.80000000000000006E-002  0.79000000000000004       4.36714662999999979E-003   5.4336454282162059
 -2.80000000000000006E-002  0.79400000000000004       2.07796685000000017E-003   6.1763653392716176
 -2.80000000000000006E-002  0.79800000000000004       8.84914045000000028E-004   7.0300200419669991
 -2.80000000000000006E-002  0.80200000000000005       3.20400725000000012E-004   8.0459380799761249
 -2.80000000000000006E-002  0.80600000000000005       1.02608174999999996E-004   9.1845929500391836
 -2.80000000000000006E-002  0.81000000000000005       2.81278350000000010E-005   10.478750902519668
 -2.80000000000000006E-002  0.81399999999999995       6.44650999999999988E-006   11.951971658867373
 -2.80000000000000006E-002  0.81799999999999995       5.48105000000000023E-007   14.416798962513035
 -2.80000000000000006E-002  0.82199999999999995       9.89499999999999960E-008   16.128651164897835
 -2.80000000000000006E-002  0.82599999999999996        0.0000000000000000                      +Infinity
 -2.80000000000000006E-002  0.82999999999999996        0.0000000000000000                      +Infinity
 -2.80000000000000006E-002  0.83399999999999996        0.0000000000000000                      +Infinity
 -2.80000000000000006E-002  0.83799999999999997        0.0000000000000000                      +Infinity
 -2.80000000000000006E-002  0.84199999999999997        0.0000000000000000                      +Infinity
 -2.80000000000000006E-002  0.84599999999999997        0.0000000000000000                      +Infinity
 -2.80000000000000006E-002  0.84999999999999998        0.0000000000000000                      +Infinity
 -2.80000000000000006E-002  0.85399999999999998        0.0000000000000000                      +Infinity
 -2.80000000000000006E-002  0.85799999999999998        0.0000000000000000                      +Infinity
 -2.80000000000000006E-002  0.86199999999999999        0.0000000000000000                      +Infinity
 -2.80000000000000006E-002  0.86599999999999999        0.0000000000000000                      +Infinity
 -2.80000000000000006E-002  0.87000000000000000        0.0000000000000000                      +Infinity
 -2.80000000000000006E-002  0.87400000000000000        0.0000000000000000                      +Infinity
 -2.80000000000000006E-002  0.87800000000000000        0.0000000000000000                      +Infinity
 -2.80000000000000006E-002  0.88200000000000001        0.0000000000000000                      +Infinity
 -2.80000000000000006E-002  0.88600000000000001        0.0000000000000000                      +Infinity
 -2.80000000000000006E-002  0.89000000000000001        0.0000000000000000                      +Infinity
 -2.80000000000000006E-002  0.89400000000000002        0.0000000000000000                      +Infinity
 -2.80000000000000006E-002  0.89800000000000002        0.0000000000000000                      +Infinity
 -2.80000000000000006E-002  0.90200000000000002        0.0000000000000000                      +Infinity
 -2.80000000000000006E-002  0.90600000000000003        0.0000000000000000                      +Infinity
 -2.80000000000000006E-002  0.91000000000000003        0.0000000000000000                      +Infinity
 -2.80000000000000006E-002  0.91400000000000003        0.0000000000000000                      +Infinity
 -2.80000000000000006E-002  0.91800000000000004        0.0000000000000000                      +Infinity
 -2.80000000000000006E-002  0.92200000000000004        0.0000000000000000                      +Infinity
 -2.80000000000000006E-002  0.92600000000000005        0.0000000000000000                      +Infinity
 -2.80000000000000006E-002  0.93000000000000005        0.0000000000000000                      +Infinity
 -2.80000000000000006E-002  0.93400000000000005        0.0000000000000000                      +Infinity
 -2.80000000000000006E-002  0.93799999999999994        0.0000000000000000                      +Infinity
 -2.80000000000000006E-002  0.94199999999999995        0.0000000000000000                      +Infinity
 -2.80000000000000006E-002  0.94599999999999995        0.0000000000000000                      +Infinity
 -2.80000000000000006E-002  0.94999999999999996        0.0000000000000000                      +Infinity
 -2.80000000000000006E-002  0.95399999999999996        0.0000000000000000                      +Infinity
 -2.80000000000000006E-002  0.95799999999999996        0.0000000000000000                      +Infinity
 -2.80000000000000006E-002  0.96199999999999997        0.0000000000000000                      +Infinity
 -2.80000000000000006E-002  0.96599999999999997        0.0000000000000000                      +Infinity
 -2.80000000000000006E-002  0.96999999999999997        0.0000000000000000                      +Infinity
 -2.80000000000000006E-002  0.97399999999999998        0.0000000000000000                      +Infinity
 -2.80000000000000006E-002  0.97799999999999998        0.0000000000000000                      +Infinity
 -2.80000000000000006E-002  0.98199999999999998        0.0000000000000000                      +Infinity
 -2.80000000000000006E-002  0.98599999999999999        0.0000000000000000                      +Infinity
 -2.80000000000000006E-002  0.98999999999999999        0.0000000000000000                      +Infinity
 -2.80000000000000006E-002  0.99399999999999999        0.0000000000000000                      +Infinity
 -2.80000000000000006E-002  0.99800000000000000        0.0000000000000000                      +Infinity
