  5.39999999999999994E-002 -0.99800000000000000        0.0000000000000000                      +Infinity
  5.39999999999999994E-002 -0.99399999999999999        0.0000000000000000                      +Infinity
  5.39999999999999994E-002 -0.98999999999999999        0.0000000000000000                      +Infinity
  5.39999999999999994E-002 -0.98599999999999999        0.0000000000000000                      +Infinity
  5.39999999999999994E-002 -0.98199999999999998        0.0000000000000000                      +Infinity
  5.39999999999999994E-002 -0.97799999999999998        0.0000000000000000                      +Infinity
  5.39999999999999994E-002 -0.97399999999999998        0.0000000000000000                      +Infinity
  5.39999999999999994E-002 -0.96999999999999997        0.0000000000000000                      +Infinity
  5.39999999999999994E-002 -0.96599999999999997        0.0000000000000000                      +Infinity
  5.39999999999999994E-002 -0.96199999999999997        0.0000000000000000                      +Infinity
  5.39999999999999994E-002 -0.95799999999999996        0.0000000000000000                      +Infinity
  5.39999999999999994E-002 -0.95399999999999996        0.0000000000000000                      +Infinity
  5.39999999999999994E-002 -0.94999999999999996        0.0000000000000000                      +Infinity
  5.39999999999999994E-002 -0.94599999999999995        0.0000000000000000                      +Infinity
  5.39999999999999994E-002 -0.94199999999999995        0.0000000000000000                      +Infinity
  5.39999999999999994E-002 -0.93799999999999994        0.0000000000000000                      +Infinity
  5.39999999999999994E-002 -0.93400000000000005        0.0000000000000000                      +Infinity
  5.39999999999999994E-002 -0.93000000000000005        0.0000000000000000                      +Infinity
  5.39999999999999994E-002 -0.92600000000000005        0.0000000000000000                      +Infinity
  5.39999999999999994E-002 -0.92200000000000004        0.0000000000000000                      +Infinity
  5.39999999999999994E-002 -0.91800000000000004        0.0000000000000000                      +Infinity
  5.39999999999999994E-002 -0.91400000000000003        0.0000000000000000                      +Infinity
  5.39999999999999994E-002 -0.91000000000000003        0.0000000000000000                      +Infinity
  5.39999999999999994E-002 -0.90600000000000003        0.0000000000000000                      +Infinity
  5.39999999999999994E-002 -0.90200000000000002        0.0000000000000000                      +Infinity
  5.39999999999999994E-002 -0.89800000000000002        0.0000000000000000                      +Infinity
  5.39999999999999994E-002 -0.89400000000000002        0.0000000000000000                      +Infinity
  5.39999999999999994E-002 -0.89000000000000001        0.0000000000000000                      +Infinity
  5.39999999999999994E-002 -0.88600000000000001        0.0000000000000000                      +Infinity
  5.39999999999999994E-002 -0.88200000000000001        0.0000000000000000                      +Infinity
  5.39999999999999994E-002 -0.87800000000000000        0.0000000000000000                      +Infinity
  5.39999999999999994E-002 -0.87400000000000000        0.0000000000000000                      +Infinity
  5.39999999999999994E-002 -0.87000000000000000        0.0000000000000000                      +Infinity
  5.39999999999999994E-002 -0.86599999999999999        0.0000000000000000                      +Infinity
  5.39999999999999994E-002 -0.86199999999999999        0.0000000000000000                      +Infinity
  5.39999999999999994E-002 -0.85799999999999998        0.0000000000000000                      +Infinity
  5.39999999999999994E-002 -0.85399999999999998        0.0000000000000000                      +Infinity
  5.39999999999999994E-002 -0.84999999999999998        0.0000000000000000                      +Infinity
  5.39999999999999994E-002 -0.84599999999999997        0.0000000000000000                      +Infinity
  5.39999999999999994E-002 -0.84199999999999997        0.0000000000000000                      +Infinity
  5.39999999999999994E-002 -0.83799999999999997        0.0000000000000000                      +Infinity
  5.39999999999999994E-002 -0.83399999999999996        0.0000000000000000                      +Infinity
  5.39999999999999994E-002 -0.82999999999999996        0.0000000000000000                      +Infinity
  5.39999999999999994E-002 -0.82599999999999996        0.0000000000000000                      +Infinity
  5.39999999999999994E-002 -0.82199999999999995        0.0000000000000000                      +Infinity
  5.39999999999999994E-002 -0.81799999999999995        0.0000000000000000                      +Infinity
  5.39999999999999994E-002 -0.81399999999999995        0.0000000000000000                      +Infinity
  5.39999999999999994E-002 -0.81000000000000005        0.0000000000000000                      +Infinity
  5.39999999999999994E-002 -0.80600000000000005        0.0000000000000000                      +Infinity
  5.39999999999999994E-002 -0.80200000000000005        0.0000000000000000                      +Infinity
  5.39999999999999994E-002 -0.79800000000000004        0.0000000000000000                      +Infinity
  5.39999999999999994E-002 -0.79400000000000004        0.0000000000000000                      +Infinity
  5.39999999999999994E-002 -0.79000000000000004        0.0000000000000000                      +Infinity
  5.39999999999999994E-002 -0.78600000000000003        0.0000000000000000                      +Infinity
  5.39999999999999994E-002 -0.78200000000000003        0.0000000000000000                      +Infinity
  5.39999999999999994E-002 -0.77800000000000002        0.0000000000000000                      +Infinity
  5.39999999999999994E-002 -0.77400000000000002        0.0000000000000000                      +Infinity
  5.39999999999999994E-002 -0.77000000000000002        0.0000000000000000                      +Infinity
  5.39999999999999994E-002 -0.76600000000000001        0.0000000000000000                      +Infinity
  5.39999999999999994E-002 -0.76200000000000001        0.0000000000000000                      +Infinity
  5.39999999999999994E-002 -0.75800000000000001        0.0000000000000000                      +Infinity
  5.39999999999999994E-002 -0.75400000000000000        0.0000000000000000                      +Infinity
  5.39999999999999994E-002 -0.75000000000000000        0.0000000000000000                      +Infinity
  5.39999999999999994E-002 -0.74600000000000000        0.0000000000000000                      +Infinity
  5.39999999999999994E-002 -0.74199999999999999        0.0000000000000000                      +Infinity
  5.39999999999999994E-002 -0.73799999999999999        0.0000000000000000                      +Infinity
  5.39999999999999994E-002 -0.73399999999999999        0.0000000000000000                      +Infinity
  5.39999999999999994E-002 -0.72999999999999998        0.0000000000000000                      +Infinity
  5.39999999999999994E-002 -0.72599999999999998        0.0000000000000000                      +Infinity
  5.39999999999999994E-002 -0.72199999999999998        0.0000000000000000                      +Infinity
  5.39999999999999994E-002 -0.71799999999999997        0.0000000000000000                      +Infinity
  5.39999999999999994E-002 -0.71399999999999997        0.0000000000000000                      +Infinity
  5.39999999999999994E-002 -0.70999999999999996        0.0000000000000000                      +Infinity
  5.39999999999999994E-002 -0.70599999999999996        0.0000000000000000                      +Infinity
  5.39999999999999994E-002 -0.70199999999999996        0.0000000000000000                      +Infinity
  5.39999999999999994E-002 -0.69799999999999995        0.0000000000000000                      +Infinity
  5.39999999999999994E-002 -0.69399999999999995       4.72000000000000024E-009   19.171457037348947
  5.39999999999999994E-002 -0.68999999999999995       2.16799999999999996E-008   17.646875660374967
  5.39999999999999994E-002 -0.68600000000000005       1.68799999999999996E-008   17.897136347778599
  5.39999999999999994E-002 -0.68200000000000005       1.76800000000000002E-008   17.850831779736914
  5.39999999999999994E-002 -0.67800000000000005       2.80800000000000006E-008   17.388208257788801
  5.39999999999999994E-002 -0.67400000000000004       8.35199999999999961E-008   16.298179712812082
  5.39999999999999994E-002 -0.67000000000000004       1.27519999999999993E-007   15.874992621904505
  5.39999999999999994E-002 -0.66600000000000004       1.20239999999999997E-007   15.933776091501691
  5.39999999999999994E-002 -0.66200000000000003       1.27519999999999993E-007   15.874992621904505
  5.39999999999999994E-002 -0.65800000000000003       1.59279999999999981E-007   15.652602177190470
  5.39999999999999994E-002 -0.65400000000000003       2.04799999999999981E-007   15.401231943781058
  5.39999999999999994E-002 -0.65000000000000002       2.24079999999999979E-007   15.311262705994558
  5.39999999999999994E-002 -0.64600000000000002       2.60240000000000006E-007   15.161661554781315
  5.39999999999999994E-002 -0.64200000000000002       3.18959999999999992E-007   14.958200133873312
  5.39999999999999994E-002 -0.63800000000000001       3.98320000000000036E-007   14.736010134612483
  5.39999999999999994E-002 -0.63400000000000001       6.10160000000000059E-007   14.309544619090428
  5.39999999999999994E-002 -0.63000000000000000       7.36959999999999950E-007   14.120732220314091
  5.39999999999999994E-002 -0.62600000000000000       8.81520000000000074E-007   13.941618146766890
  5.39999999999999994E-002 -0.62200000000000000       9.65519999999999821E-007   13.850599020636770
  5.39999999999999994E-002 -0.61799999999999999       1.05112000000000011E-006   13.765654295612844
  5.39999999999999994E-002 -0.61399999999999999       1.28888000000000014E-006   13.561736933763680
  5.39999999999999994E-002 -0.60999999999999999       1.63431999999999988E-006   13.324283742267014
  5.39999999999999994E-002 -0.60599999999999998       2.10328000000000013E-006   13.072012526977607
  5.39999999999999994E-002 -0.60199999999999998       2.54823999999999985E-006   12.880107633167338
  5.39999999999999994E-002 -0.59799999999999998       2.93616000000000011E-006   12.738407952784046
  5.39999999999999994E-002 -0.59399999999999997       3.26368000000000007E-006   12.632655164884257
  5.39999999999999994E-002 -0.58999999999999997       3.97863999999999974E-006   12.434570505606310
  5.39999999999999994E-002 -0.58599999999999997       4.92999999999999939E-006   12.220171569909676
  5.39999999999999994E-002 -0.58199999999999996       5.60904000000000026E-006   12.091130976067532
  5.39999999999999994E-002 -0.57799999999999996       6.60543999999999973E-006   11.927617006008898
  5.39999999999999994E-002 -0.57399999999999995       7.19424000000000077E-006   11.842229852113034
  5.39999999999999994E-002 -0.56999999999999995       8.89391999999999937E-006   11.630142660744196
  5.39999999999999994E-002 -0.56599999999999995       9.90960000000000080E-006   11.522006573706420
  5.39999999999999994E-002 -0.56200000000000006       1.09850400000000001E-005   11.418976210805246
  5.39999999999999994E-002 -0.55800000000000005       1.25406400000000009E-005   11.286535987379210
  5.39999999999999994E-002 -0.55400000000000005       1.40003200000000002E-005   11.176430371467379
  5.39999999999999994E-002 -0.55000000000000004       1.61725599999999989E-005   11.032194579033607
  5.39999999999999994E-002 -0.54600000000000004       1.78165600000000021E-005   10.935382196082900
  5.39999999999999994E-002 -0.54200000000000004       1.93204800000000011E-005   10.854344884768031
  5.39999999999999994E-002 -0.53800000000000003       2.17111200000000009E-005   10.737685986275313
  5.39999999999999994E-002 -0.53400000000000003       2.43911199999999990E-005   10.621291426331553
  5.39999999999999994E-002 -0.53000000000000003       2.73804800000000018E-005   10.505680207213080
  5.39999999999999994E-002 -0.52600000000000002       3.13553599999999986E-005   10.370125332612780
  5.39999999999999994E-002 -0.52200000000000002       3.44755999999999990E-005   10.275258730520473
  5.39999999999999994E-002 -0.51800000000000002       3.83288799999999968E-005   10.169306898930889
  5.39999999999999994E-002 -0.51400000000000001       4.24562399999999979E-005   10.067036659543408
  5.39999999999999994E-002 -0.51000000000000001       4.71885600000000014E-005   9.9613590676311734
  5.39999999999999994E-002 -0.50600000000000001       5.37641600000000067E-005   9.8309034837907507
  5.39999999999999994E-002 -0.50200000000000000       6.05303999999999922E-005   9.7123648397891049
  5.39999999999999994E-002 -0.49800000000000000       6.68876800000000053E-005   9.6124957632446932
  5.39999999999999994E-002 -0.49399999999999999       7.48301599999999978E-005   9.5002895456944181
  5.39999999999999994E-002 -0.48999999999999999       8.17112799999999967E-005   9.4123184995330913
  5.39999999999999994E-002 -0.48599999999999999       9.05230400000000033E-005   9.3099061540244588
  5.39999999999999994E-002 -0.48199999999999998       1.00392320000000006E-004   9.2064248476563666
  5.39999999999999994E-002 -0.47799999999999998       1.12282560000000005E-004   9.0944920065880108
  5.39999999999999994E-002 -0.47399999999999998       1.20745759999999996E-004   9.0218233799197343
  5.39999999999999994E-002 -0.46999999999999997       1.31790479999999990E-004   8.9342971691571300
  5.39999999999999994E-002 -0.46600000000000003       1.44500800000000018E-004   8.8422255140949328
  5.39999999999999994E-002 -0.46200000000000002       1.59203600000000002E-004   8.7453266717443370
  5.39999999999999994E-002 -0.45800000000000002       1.74399120000000003E-004   8.6541640923736853
  5.39999999999999994E-002 -0.45400000000000001       1.88705520000000013E-004   8.5753228532354306
  5.39999999999999994E-002 -0.45000000000000001       2.04459519999999971E-004   8.4951405482856241
  5.39999999999999994E-002 -0.44600000000000001       2.18305360000000016E-004   8.4296157413428787
  5.39999999999999994E-002 -0.44200000000000000       2.35373599999999999E-004   8.3543365189600376
  5.39999999999999994E-002 -0.43800000000000000       2.54342960000000025E-004   8.2768269654744646
  5.39999999999999994E-002 -0.43400000000000000       2.74203520000000027E-004   8.2016399535734550
  5.39999999999999994E-002 -0.42999999999999999       2.94086320000000012E-004   8.1316372282770590
  5.39999999999999994E-002 -0.42599999999999999       3.14268239999999997E-004   8.0652636692189184
  5.39999999999999994E-002 -0.42199999999999999       3.39117759999999998E-004   7.9891631362731541
  5.39999999999999994E-002 -0.41799999999999998       3.64601679999999981E-004   7.9167050879409695
  5.39999999999999994E-002 -0.41399999999999998       3.93001039999999976E-004   7.8416982997880815
  5.39999999999999994E-002 -0.40999999999999998       4.22364560000000036E-004   7.7696417306073027
  5.39999999999999994E-002 -0.40600000000000003       4.51772799999999972E-004   7.7023311593726076
  5.39999999999999994E-002 -0.40200000000000002       4.83381599999999946E-004   7.6347041541346830
  5.39999999999999994E-002 -0.39800000000000002       5.19212800000000071E-004   7.5631967395654929
  5.39999999999999994E-002 -0.39400000000000002       5.49242079999999922E-004   7.5069712664666959
  5.39999999999999994E-002 -0.39000000000000001       5.87965119999999926E-004   7.4388429315530233
  5.39999999999999994E-002 -0.38600000000000001       6.30168880000000022E-004   7.3695227110092310
  5.39999999999999994E-002 -0.38200000000000001       6.67350799999999987E-004   7.3121947132735725
  5.39999999999999994E-002 -0.37800000000000000       7.11856159999999980E-004   7.2476346894334966
  5.39999999999999994E-002 -0.37400000000000000       7.54921280000000051E-004   7.1888970790518743
  5.39999999999999994E-002 -0.37000000000000000       8.04708879999999961E-004   7.1250299857046882
  5.39999999999999994E-002 -0.36599999999999999       8.50905759999999998E-004   7.0692091758285835
  5.39999999999999994E-002 -0.36199999999999999       8.99445680000000012E-004   7.0137318955022403
  5.39999999999999994E-002 -0.35799999999999998       9.52888240000000059E-004   6.9560129329602916
  5.39999999999999994E-002 -0.35399999999999998       1.01278792000000003E-003   6.8950484339756670
  5.39999999999999994E-002 -0.34999999999999998       1.06884855999999999E-003   6.8411733220822555
  5.39999999999999994E-002 -0.34599999999999997       1.13000807999999995E-003   6.7855304958409741
  5.39999999999999994E-002 -0.34200000000000003       1.19396416000000006E-003   6.7304762812126571
  5.39999999999999994E-002 -0.33800000000000002       1.25702992000000001E-003   6.6790035469524538
  5.39999999999999994E-002 -0.33400000000000002       1.31840983999999988E-003   6.6313289352446860
  5.39999999999999994E-002 -0.33000000000000002       1.39287624000000005E-003   6.5763844323524552
  5.39999999999999994E-002 -0.32600000000000001       1.46973496000000017E-003   6.5226731937670959
  5.39999999999999994E-002 -0.32200000000000001       1.54184191999999997E-003   6.4747775253088564
  5.39999999999999994E-002 -0.31800000000000000       1.61389527999999992E-003   6.4291045935193756
  5.39999999999999994E-002 -0.31400000000000000       1.69052447999999992E-003   6.3827164549983770
  5.39999999999999994E-002 -0.31000000000000000       1.77606344000000001E-003   6.3333559143294078
  5.39999999999999994E-002 -0.30599999999999999       1.85997695999999980E-003   6.2871911784305219
  5.39999999999999994E-002 -0.30199999999999999       1.94870808000000006E-003   6.2405886490488021
  5.39999999999999994E-002 -0.29799999999999999       2.03816887999999988E-003   6.1957034820602992
  5.39999999999999994E-002 -0.29399999999999998       2.12728256000000024E-003   6.1529099072053119
  5.39999999999999994E-002 -0.28999999999999998       2.22070447999999981E-003   6.1099308001041885
  5.39999999999999994E-002 -0.28599999999999998       2.31859623999999993E-003   6.0667933453975360
  5.39999999999999994E-002 -0.28199999999999997       2.42123519999999995E-003   6.0234774558069235
  5.39999999999999994E-002 -0.27800000000000002       2.51970544000000010E-003   5.9836132731797322
  5.39999999999999994E-002 -0.27400000000000002       2.61376279999999978E-003   5.9469644100550383
  5.39999999999999994E-002 -0.27000000000000002       2.70948391999999974E-003   5.9109970976500099
  5.39999999999999994E-002 -0.26600000000000001       2.80678152000000004E-003   5.8757168186180762
  5.39999999999999994E-002 -0.26200000000000001       2.90655303999999993E-003   5.8407874222365797
  5.39999999999999994E-002 -0.25800000000000001       3.01994184000000006E-003   5.8025177060589472
  5.39999999999999994E-002 -0.25400000000000000       3.13563535999999976E-003   5.7649234587647014
  5.39999999999999994E-002 -0.25000000000000000       3.25074759999999978E-003   5.7288702783242806
  5.39999999999999994E-002 -0.24600000000000000       3.36736599999999968E-003   5.6936244426021441
  5.39999999999999994E-002 -0.24199999999999999       3.47782472000000018E-003   5.6613482610997643
  5.39999999999999994E-002 -0.23799999999999999       3.59941687999999977E-003   5.6269834244176673
  5.39999999999999994E-002 -0.23400000000000001       3.72267048000000022E-003   5.5933139972754535
  5.39999999999999994E-002 -0.23000000000000001       3.84703111999999984E-003   5.5604535658243703
  5.39999999999999994E-002 -0.22600000000000001       3.97715008000000016E-003   5.5271897764809266
  5.39999999999999994E-002 -0.22200000000000000       4.10249471999999966E-003   5.4961600220209661
  5.39999999999999994E-002 -0.21800000000000000       4.22786335999999954E-003   5.4660585293771744
  5.39999999999999994E-002 -0.21400000000000000       4.35008864000000026E-003   5.4375590570776584
  5.39999999999999994E-002 -0.20999999999999999       4.47696568000000017E-003   5.4088097656003571
  5.39999999999999994E-002 -0.20599999999999999       4.60362104000000029E-003   5.3809121025441238
  5.39999999999999994E-002 -0.20200000000000001       4.74230751999999995E-003   5.3512314431674657
  5.39999999999999994E-002 -0.19800000000000001       4.87326488000000037E-003   5.3239911599388954
  5.39999999999999994E-002 -0.19400000000000001       5.00707704000000024E-003   5.2969029592937424
  5.39999999999999994E-002 -0.19000000000000000       5.13699503999999994E-003   5.2712869930415645
  5.39999999999999994E-002 -0.18600000000000000       5.26818327999999982E-003   5.2460697045141984
  5.39999999999999994E-002 -0.18200000000000000       5.39072975999999992E-003   5.2230745117601511
  5.39999999999999994E-002 -0.17799999999999999       5.52957591999999991E-003   5.1976441535494446
  5.39999999999999994E-002 -0.17399999999999999       5.66960175999999937E-003   5.1726364000407328
  5.39999999999999994E-002 -0.17000000000000001       5.79888872000000003E-003   5.1500889797873883
  5.39999999999999994E-002 -0.16600000000000001       5.92691680000000023E-003   5.1282511337306733
  5.39999999999999994E-002 -0.16200000000000001       6.06213887999999985E-003   5.1056925906782382
  5.39999999999999994E-002 -0.15800000000000000       6.19484343999999933E-003   5.0840380362139168
  5.39999999999999994E-002 -0.15400000000000000       6.32645888000000003E-003   5.0630146180004321
  5.39999999999999994E-002 -0.14999999999999999       6.45248040000000016E-003   5.0432906639584507
  5.39999999999999994E-002 -0.14599999999999999       6.58103904000000017E-003   5.0235626372966058
  5.39999999999999994E-002 -0.14199999999999999       6.70829271999999997E-003   5.0044107985254369
  5.39999999999999994E-002 -0.13800000000000001       6.82335096000000023E-003   4.9874045846877619
  5.39999999999999994E-002 -0.13400000000000001       6.94830376000000072E-003   4.9692577125030848
  5.39999999999999994E-002 -0.13000000000000000       7.07402199999999926E-003   4.9513260782234747
  5.39999999999999994E-002 -0.12600000000000000       7.19523264000000023E-003   4.9343366056005484
  5.39999999999999994E-002 -0.12200000000000000       7.32139111999999953E-003   4.9169549253490894
  5.39999999999999994E-002 -0.11799999999999999       7.45245055999999972E-003   4.8992123664494835
  5.39999999999999994E-002 -0.11400000000000000       7.56134880000000013E-003   4.8847056920059355
  5.39999999999999994E-002 -0.11000000000000000       7.68342119999999938E-003   4.8686903622643030
  5.39999999999999994E-002 -0.10600000000000000       7.79109248000000015E-003   4.8547741875973323
  5.39999999999999994E-002 -0.10199999999999999       7.87709799999999905E-003   4.8437957170535890
  5.39999999999999994E-002 -9.80000000000000038E-002  7.97832551999999931E-003   4.8310267241252429
  5.39999999999999994E-002 -9.40000000000000002E-002  8.08626336000000008E-003   4.8175885384200887
  5.39999999999999994E-002 -8.99999999999999967E-002  8.17999047999999965E-003   4.8060642921823398
  5.39999999999999994E-002 -8.59999999999999931E-002  8.28756951999999950E-003   4.7929985349683868
  5.39999999999999994E-002 -8.20000000000000034E-002  8.37600055999999926E-003   4.7823847385562148
  5.39999999999999994E-002 -7.79999999999999999E-002  8.46710560000000015E-003   4.7715665524498476
  5.39999999999999994E-002 -7.39999999999999963E-002  8.55168551999999950E-003   4.7616268786202767
  5.39999999999999994E-002 -7.00000000000000067E-002  8.62194279999999903E-003   4.7534448368708038
  5.39999999999999994E-002 -6.60000000000000031E-002  8.71014239999999898E-003   4.7432671392272594
  5.39999999999999994E-002 -6.19999999999999996E-002  8.78156912000000074E-003   4.7351001720408226
  5.39999999999999994E-002 -5.80000000000000029E-002  8.84938384000000071E-003   4.7274074449849346
  5.39999999999999994E-002 -5.39999999999999994E-002  8.91542472000000051E-003   4.7199723877474300
  5.39999999999999994E-002 -5.00000000000000028E-002  8.97020736000000117E-003   4.7138464861217706
  5.39999999999999994E-002 -4.59999999999999992E-002  9.00941016000000004E-003   4.7094856745436653
  5.39999999999999994E-002 -4.20000000000000026E-002  9.06809824000000091E-003   4.7029927126946118
  5.39999999999999994E-002 -3.79999999999999991E-002  9.12128935999999974E-003   4.6971441076957285
  5.39999999999999994E-002 -3.40000000000000024E-002  9.16638999999999995E-003   4.6922117452513836
  5.39999999999999994E-002 -2.99999999999999989E-002  9.20625152000000002E-003   4.6878725126481200
  5.39999999999999994E-002 -2.59999999999999988E-002  9.23704903999999875E-003   4.6845328123027219
  5.39999999999999994E-002 -2.19999999999999987E-002  9.27695367999999999E-003   4.6802220533168919
  5.39999999999999994E-002 -1.79999999999999986E-002  9.28298735999999979E-003   4.6795718701940521
  5.39999999999999994E-002 -1.40000000000000003E-002  9.30626080000000050E-003   4.6770679010222187
  5.39999999999999994E-002 -1.00000000000000002E-002  9.32798728000000001E-003   4.6747360130112936
  5.39999999999999994E-002 -6.00000000000000012E-003  9.33886584000000013E-003   4.6735704645215064
  5.39999999999999994E-002 -2.00000000000000004E-003  9.34206039999999939E-003   4.6732284514981588
  5.39999999999999994E-002  2.00000000000000004E-003  9.34351400000000068E-003   4.6730728662352377
  5.39999999999999994E-002  6.00000000000000012E-003  9.34844872000000111E-003   4.6725448617459744
  5.39999999999999994E-002  1.00000000000000002E-002  9.33204927999999913E-003   4.6743006440825035
  5.39999999999999994E-002  1.40000000000000003E-002  9.31282951999999956E-003   4.6763623112044961
  5.39999999999999994E-002  1.79999999999999986E-002  9.28215463999999997E-003   4.6796615780993900
  5.39999999999999994E-002  2.19999999999999987E-002  9.25865904000000052E-003   4.6821960529053648
  5.39999999999999994E-002  2.59999999999999988E-002  9.23303039999999985E-003   4.6849679636594299
  5.39999999999999994E-002  2.99999999999999989E-002  9.21548975999999902E-003   4.6868695411446097
  5.39999999999999994E-002  3.40000000000000024E-002  9.17159072000000089E-003   4.6916445377470408
  5.39999999999999994E-002  3.79999999999999991E-002  9.13061864000000098E-003   4.6961218276346548
  5.39999999999999994E-002  4.20000000000000026E-002  9.08848255999999965E-003   4.7007473198214722
  5.39999999999999994E-002  4.59999999999999992E-002  9.04112160000000026E-003   4.7059720414777368
  5.39999999999999994E-002  5.00000000000000028E-002  8.99255527999999991E-003   4.7113582350683805
  5.39999999999999994E-002  5.39999999999999994E-002  8.93527176000000027E-003   4.7177487156122382
  5.39999999999999994E-002  5.80000000000000029E-002  8.86653296000000125E-003   4.7254714316755413
  5.39999999999999994E-002  6.19999999999999996E-002  8.79931672000000033E-003   4.7330812059670864
  5.39999999999999994E-002  6.60000000000000031E-002  8.72723408000000006E-003   4.7413067886558098
  5.39999999999999994E-002  7.00000000000000067E-002  8.65148215999999963E-003   4.7500246247398588
  5.39999999999999994E-002  7.39999999999999963E-002  8.57195816000000041E-003   4.7592590823906518
  5.39999999999999994E-002  7.79999999999999999E-002  8.46973160000000051E-003   4.7712564591319477
  5.39999999999999994E-002  8.20000000000000034E-002  8.38397112000000000E-003   4.7814335960658720
  5.39999999999999994E-002  8.59999999999999931E-002  8.28846496000000023E-003   4.7928904946524771
  5.39999999999999994E-002  8.99999999999999967E-002  8.18690103999999974E-003   4.8052198361166027
  5.39999999999999994E-002  9.40000000000000002E-002  8.07655783999999995E-003   4.8187895071181206
  5.39999999999999994E-002  9.80000000000000038E-002  7.98035040000000077E-003   4.8307729587099892
  5.39999999999999994E-002  0.10199999999999999       7.88191887999999986E-003   4.8431838920663965
  5.39999999999999994E-002  0.10600000000000000       7.78114600000000007E-003   4.8560516508683218
  5.39999999999999994E-002  0.11000000000000000       7.66747464000000056E-003   4.8707679694479165
  5.39999999999999994E-002  0.11400000000000000       7.55861512000000069E-003   4.8850672907563357
  5.39999999999999994E-002  0.11799999999999999       7.44714984000000024E-003   4.8999238916020147
  5.39999999999999994E-002  0.12200000000000000       7.33890391999999971E-003   4.9145657772067750
  5.39999999999999994E-002  0.12600000000000000       7.22225392000000032E-003   4.9305881975092740
  5.39999999999999994E-002  0.13000000000000000       7.10305799999999977E-003   4.9472298834359556
  5.39999999999999994E-002  0.13400000000000001       6.97252960000000008E-003   4.9657771932224479
  5.39999999999999994E-002  0.13800000000000001       6.84387064000000021E-003   4.9844018243581729
  5.39999999999999994E-002  0.14199999999999999       6.71078344000000052E-003   5.0040395777351376
  5.39999999999999994E-002  0.14599999999999999       6.58270007999999917E-003   5.0233102713094544
  5.39999999999999994E-002  0.14999999999999999       6.46669143999999921E-003   5.0410906706604672
  5.39999999999999994E-002  0.15400000000000000       6.33566112000000063E-003   5.0615611107488627
  5.39999999999999994E-002  0.15800000000000000       6.20876103999999998E-003   5.0817939134085988
  5.39999999999999994E-002  0.16200000000000001       6.08278192000000044E-003   5.1022931350177680
  5.39999999999999994E-002  0.16600000000000001       5.96175360000000040E-003   5.1223906129935841
  5.39999999999999994E-002  0.17000000000000001       5.84398663999999984E-003   5.1423420712017043
  5.39999999999999994E-002  0.17399999999999999       5.70476695999999964E-003   5.1664531448810314
  5.39999999999999994E-002  0.17799999999999999       5.56607423999999976E-003   5.1910652778430642
  5.39999999999999994E-002  0.18200000000000000       5.43776151999999981E-003   5.2143877880917087
  5.39999999999999994E-002  0.18600000000000000       5.29498936000000024E-003   5.2409943093736571
  5.39999999999999994E-002  0.19000000000000000       5.16333151999999983E-003   5.2661732644158503
  5.39999999999999994E-002  0.19400000000000001       5.02866624000000012E-003   5.2926004910656888
  5.39999999999999994E-002  0.19800000000000001       4.89116592000000006E-003   5.3203245744672873
  5.39999999999999994E-002  0.20200000000000001       4.76455551999999984E-003   5.3465510263947280
  5.39999999999999994E-002  0.20599999999999999       4.64241680000000018E-003   5.3725201862765708
  5.39999999999999994E-002  0.20999999999999999       4.51741984000000006E-003   5.3998142799829374
  5.39999999999999994E-002  0.21400000000000000       4.39043343999999999E-003   5.4283273232836935
  5.39999999999999994E-002  0.21800000000000000       4.25493248000000015E-003   5.4596763854728332
  5.39999999999999994E-002  0.22200000000000000       4.13253727999999924E-003   5.4888637071361615
  5.39999999999999994E-002  0.22600000000000001       4.00291951999999941E-003   5.5207313040951167
  5.39999999999999994E-002  0.23000000000000001       3.87044456000000016E-003   5.5543859051528761
  5.39999999999999994E-002  0.23400000000000001       3.75857463999999981E-003   5.5837154785576395
  5.39999999999999994E-002  0.23799999999999999       3.63062272000000017E-003   5.6183510972087225
  5.39999999999999994E-002  0.24199999999999999       3.51174368000000021E-003   5.6516425899274019
  5.39999999999999994E-002  0.24600000000000000       3.40551552000000011E-003   5.6823589499595606
  5.39999999999999994E-002  0.25000000000000000       3.28271575999999985E-003   5.7190842235590464
  5.39999999999999994E-002  0.25400000000000000       3.16469639999999997E-003   5.7556981521576311
  5.39999999999999994E-002  0.25800000000000001       3.05802064000000031E-003   5.7899874219885605
  5.39999999999999994E-002  0.26200000000000001       2.95445271999999993E-003   5.8244418500143231
  5.39999999999999994E-002  0.26600000000000001       2.84680359999999995E-003   5.8615584579621860
  5.39999999999999994E-002  0.27000000000000002       2.74357536000000013E-003   5.8984933332804426
  5.39999999999999994E-002  0.27400000000000002       2.64352607999999989E-003   5.9356416166290940
  5.39999999999999994E-002  0.27800000000000002       2.54093423999999981E-003   5.9752234545539622
  5.39999999999999994E-002  0.28199999999999997       2.43062240000000004E-003   6.0196079227385582
  5.39999999999999994E-002  0.28599999999999998       2.33647759999999977E-003   6.0591107828588351
  5.39999999999999994E-002  0.28999999999999998       2.24552599999999986E-003   6.0988154867905324
  5.39999999999999994E-002  0.29399999999999998       2.14767768000000006E-003   6.1433681694609481
  5.39999999999999994E-002  0.29799999999999999       2.05503848000000017E-003   6.1874607061484239
  5.39999999999999994E-002  0.30199999999999999       1.96723120000000034E-003   6.2311282070823273
  5.39999999999999994E-002  0.30599999999999999       1.88149704000000004E-003   6.2756875211448815
  5.39999999999999994E-002  0.31000000000000000       1.79614447999999999E-003   6.3221128669033915
  5.39999999999999994E-002  0.31400000000000000       1.71808767999999997E-003   6.3665434206338949
  5.39999999999999994E-002  0.31800000000000000       1.63452775999999998E-003   6.4164013481571409
  5.39999999999999994E-002  0.32200000000000001       1.55609248000000006E-003   6.4655774205447933
  5.39999999999999994E-002  0.32600000000000001       1.48123295999999993E-003   6.5148804569444705
  5.39999999999999994E-002  0.33000000000000002       1.40633247999999997E-003   6.5667700412870866
  5.39999999999999994E-002  0.33400000000000002       1.33885432000000002E-003   6.6159410158021474
  5.39999999999999994E-002  0.33800000000000002       1.27234744000000004E-003   6.6668917067073279
  5.39999999999999994E-002  0.34200000000000003       1.20910735999999993E-003   6.7178729106303230
  5.39999999999999994E-002  0.34599999999999997       1.14506903999999992E-003   6.7722903468504905
  5.39999999999999994E-002  0.34999999999999998       1.08447280000000001E-003   6.8266613086942129
  5.39999999999999994E-002  0.35399999999999998       1.02965168000000002E-003   6.8785347086918520
  5.39999999999999994E-002  0.35799999999999998       9.72789200000000014E-004   6.9353431487876831
  5.39999999999999994E-002  0.36199999999999999       9.18836240000000040E-004   6.9924026451757610
  5.39999999999999994E-002  0.36599999999999999       8.65089440000000069E-004   7.0526776575337564
  5.39999999999999994E-002  0.37000000000000000       8.16950879999999943E-004   7.1099315873107161
  5.39999999999999994E-002  0.37400000000000000       7.63934239999999984E-004   7.1770288458007014
  5.39999999999999994E-002  0.37800000000000000       7.24498479999999994E-004   7.2300308942043578
  5.39999999999999994E-002  0.38200000000000001       6.83083039999999968E-004   7.2888941245247354
  5.39999999999999994E-002  0.38600000000000001       6.44200320000000068E-004   7.3475008243271560
  5.39999999999999994E-002  0.39000000000000001       6.03741920000000097E-004   7.4123637361098194
  5.39999999999999994E-002  0.39400000000000002       5.64258560000000030E-004   7.4799979718012848
  5.39999999999999994E-002  0.39800000000000002       5.27353920000000055E-004   7.5476386598758962
  5.39999999999999994E-002  0.40200000000000002       4.90793039999999950E-004   7.6194880261571631
  5.39999999999999994E-002  0.40600000000000003       4.56554160000000031E-004   7.6918032231265494
  5.39999999999999994E-002  0.40999999999999998       4.25371360000000043E-004   7.7625479823352679
  5.39999999999999994E-002  0.41399999999999998       3.99302640000000024E-004   7.8257909323467070
  5.39999999999999994E-002  0.41799999999999998       3.68811600000000018E-004   7.9052246134142257
  5.39999999999999994E-002  0.42199999999999999       3.42275359999999983E-004   7.9798949986591632
  5.39999999999999994E-002  0.42599999999999999       3.14613200000000005E-004   8.0641666101783525
  5.39999999999999994E-002  0.42999999999999999       2.92668719999999993E-004   8.1364692370765486
  5.39999999999999994E-002  0.43400000000000000       2.69498559999999999E-004   8.2189475108576975
  5.39999999999999994E-002  0.43800000000000000       2.50656640000000025E-004   8.2914265234825653
  5.39999999999999994E-002  0.44200000000000000       2.30879120000000005E-004   8.3736162744497893
  5.39999999999999994E-002  0.44600000000000001       2.12102399999999984E-004   8.4584413810403998
  5.39999999999999994E-002  0.45000000000000001       1.94848960000000001E-004   8.5432858636328550
  5.39999999999999994E-002  0.45400000000000001       1.79532399999999989E-004   8.6251548649315986
  5.39999999999999994E-002  0.45800000000000002       1.65532560000000012E-004   8.7063426453372532
  5.39999999999999994E-002  0.46200000000000002       1.50062240000000004E-004   8.8044604165957150
  5.39999999999999994E-002  0.46600000000000003       1.39423199999999997E-004   8.8779966459387492
  5.39999999999999994E-002  0.46999999999999997       1.25591119999999992E-004   8.9824790070665266
  5.39999999999999994E-002  0.47399999999999998       1.15482079999999995E-004   9.0663951915548182
  5.39999999999999994E-002  0.47799999999999998       1.05847599999999993E-004   9.1535102342351600
  5.39999999999999994E-002  0.48199999999999998       9.46892799999999934E-005   9.2649097637574105
  5.39999999999999994E-002  0.48599999999999999       8.53846399999999984E-005   9.3683443328311835
  5.39999999999999994E-002  0.48999999999999999       7.77548800000000086E-005   9.4619492436012766
  5.39999999999999994E-002  0.49399999999999999       7.00115200000000002E-005   9.5668507580267352
  5.39999999999999994E-002  0.49800000000000000       6.27977600000000010E-005   9.6755911539160770
  5.39999999999999994E-002  0.50200000000000000       5.66878399999999990E-005   9.7779508323119764
  5.39999999999999994E-002  0.50600000000000001       5.19542399999999940E-005   9.8651472268101550
  5.39999999999999994E-002  0.51000000000000001       4.63213599999999972E-005   9.9799073641633740
  5.39999999999999994E-002  0.51400000000000001       4.14318399999999946E-005   10.091460890599514
  5.39999999999999994E-002  0.51800000000000002       3.56844799999999989E-005   10.240794697596414
  5.39999999999999994E-002  0.52200000000000002       3.14903200000000004E-005   10.365830360946797
  5.39999999999999994E-002  0.52600000000000002       2.93211999999999963E-005   10.437199754088931
  5.39999999999999994E-002  0.53000000000000003       2.75210400000000024E-005   10.500559754915507
  5.39999999999999994E-002  0.53400000000000003       2.46238399999999990E-005   10.611795478614656
  5.39999999999999994E-002  0.53800000000000003       2.15979999999999989E-005   10.742909840153706
  5.39999999999999994E-002  0.54200000000000004       1.99413599999999991E-005   10.822714591142569
  5.39999999999999994E-002  0.54600000000000004       1.76008799999999981E-005   10.947561657170127
  5.39999999999999994E-002  0.55000000000000004       1.54032800000000007E-005   11.080930084210218
  5.39999999999999994E-002  0.55400000000000005       1.38629599999999998E-005   11.186290022790542
  5.39999999999999994E-002  0.55800000000000005       1.34147200000000002E-005   11.219157946462545
  5.39999999999999994E-002  0.56200000000000006       1.15577600000000003E-005   11.368153485122487
  5.39999999999999994E-002  0.56599999999999995       9.70208000000000012E-006   11.543170262452714
  5.39999999999999994E-002  0.56999999999999995       7.83064000000000030E-006   11.757466314392518
  5.39999999999999994E-002  0.57399999999999995       6.79263999999999939E-006   11.899670884890332
  5.39999999999999994E-002  0.57799999999999996       6.22567999999999983E-006   11.986827884631632
  5.39999999999999994E-002  0.58199999999999996       5.71040000000000042E-006   12.073221484210515
  5.39999999999999994E-002  0.58599999999999997       4.81807999999999996E-006   12.243135049509281
  5.39999999999999994E-002  0.58999999999999997       3.98752000000000007E-006   12.432341074191909
  5.39999999999999994E-002  0.59399999999999997       3.36151999999999962E-006   12.603117305330194
  5.39999999999999994E-002  0.59799999999999998       2.56968000000000002E-006   12.871729180428288
  5.39999999999999994E-002  0.60199999999999998       2.23144000000000019E-006   13.012863440982239
  5.39999999999999994E-002  0.60599999999999998       1.92576000000000001E-006   13.160189862944785
  5.39999999999999994E-002  0.60999999999999999       1.68832000000000013E-006   13.291776606297571
  5.39999999999999994E-002  0.61399999999999999       1.38232000000000001E-006   13.491747310941545
  5.39999999999999994E-002  0.61799999999999999       1.14216000000000000E-006   13.682589351465447
  5.39999999999999994E-002  0.62200000000000000       9.38879999999999894E-007   13.878578161431848
  5.39999999999999994E-002  0.62600000000000000       6.64560000000000016E-007   14.224140669415595
  5.39999999999999994E-002  0.63000000000000000       4.08799999999999955E-007   14.710039798056917
  5.39999999999999994E-002  0.63400000000000001       4.25760000000000022E-007   14.669390029717032
  5.39999999999999994E-002  0.63800000000000001       2.69920000000000024E-007   15.125140218148752
  5.39999999999999994E-002  0.64200000000000002       2.57760000000000000E-007   15.171236917517748
  5.39999999999999994E-002  0.64600000000000002       2.57839999999999985E-007   15.170926599439229
  5.39999999999999994E-002  0.65000000000000002       2.26239999999999993E-007   15.301669454238203
  5.39999999999999994E-002  0.65400000000000003       2.39600000000000001E-007   15.244294970705116
  5.39999999999999994E-002  0.65800000000000003       1.73120000000000004E-007   15.569280841288295
  5.39999999999999994E-002  0.66200000000000003       9.07999999999999925E-008   16.214606551339163
  5.39999999999999994E-002  0.66600000000000004       2.65600000000000009E-008   17.443859512338179
  5.39999999999999994E-002  0.67000000000000004       1.04000000000000013E-009   20.684045123793130
  5.39999999999999994E-002  0.67400000000000004        0.0000000000000000                      +Infinity
  5.39999999999999994E-002  0.67800000000000005        0.0000000000000000                      +Infinity
  5.39999999999999994E-002  0.68200000000000005        0.0000000000000000                      +Infinity
  5.39999999999999994E-002  0.68600000000000005        0.0000000000000000                      +Infinity
  5.39999999999999994E-002  0.68999999999999995        0.0000000000000000                      +Infinity
  5.39999999999999994E-002  0.69399999999999995        0.0000000000000000                      +Infinity
  5.39999999999999994E-002  0.69799999999999995        0.0000000000000000                      +Infinity
  5.39999999999999994E-002  0.70199999999999996        0.0000000000000000                      +Infinity
  5.39999999999999994E-002  0.70599999999999996        0.0000000000000000                      +Infinity
  5.39999999999999994E-002  0.70999999999999996        0.0000000000000000                      +Infinity
  5.39999999999999994E-002  0.71399999999999997        0.0000000000000000                      +Infinity
  5.39999999999999994E-002  0.71799999999999997        0.0000000000000000                      +Infinity
  5.39999999999999994E-002  0.72199999999999998        0.0000000000000000                      +Infinity
  5.39999999999999994E-002  0.72599999999999998        0.0000000000000000                      +Infinity
  5.39999999999999994E-002  0.72999999999999998        0.0000000000000000                      +Infinity
  5.39999999999999994E-002  0.73399999999999999        0.0000000000000000                      +Infinity
  5.39999999999999994E-002  0.73799999999999999        0.0000000000000000                      +Infinity
  5.39999999999999994E-002  0.74199999999999999        0.0000000000000000                      +Infinity
  5.39999999999999994E-002  0.74600000000000000        0.0000000000000000                      +Infinity
  5.39999999999999994E-002  0.75000000000000000        0.0000000000000000                      +Infinity
  5.39999999999999994E-002  0.75400000000000000        0.0000000000000000                      +Infinity
  5.39999999999999994E-002  0.75800000000000001        0.0000000000000000                      +Infinity
  5.39999999999999994E-002  0.76200000000000001        0.0000000000000000                      +Infinity
  5.39999999999999994E-002  0.76600000000000001        0.0000000000000000                      +Infinity
  5.39999999999999994E-002  0.77000000000000002        0.0000000000000000                      +Infinity
  5.39999999999999994E-002  0.77400000000000002        0.0000000000000000                      +Infinity
  5.39999999999999994E-002  0.77800000000000002        0.0000000000000000                      +Infinity
  5.39999999999999994E-002  0.78200000000000003        0.0000000000000000                      +Infinity
  5.39999999999999994E-002  0.78600000000000003        0.0000000000000000                      +Infinity
  5.39999999999999994E-002  0.79000000000000004        0.0000000000000000                      +Infinity
  5.39999999999999994E-002  0.79400000000000004        0.0000000000000000                      +Infinity
  5.39999999999999994E-002  0.79800000000000004        0.0000000000000000                      +Infinity
  5.39999999999999994E-002  0.80200000000000005        0.0000000000000000                      +Infinity
  5.39999999999999994E-002  0.80600000000000005        0.0000000000000000                      +Infinity
  5.39999999999999994E-002  0.81000000000000005        0.0000000000000000                      +Infinity
  5.39999999999999994E-002  0.81399999999999995        0.0000000000000000                      +Infinity
  5.39999999999999994E-002  0.81799999999999995        0.0000000000000000                      +Infinity
  5.39999999999999994E-002  0.82199999999999995        0.0000000000000000                      +Infinity
  5.39999999999999994E-002  0.82599999999999996        0.0000000000000000                      +Infinity
  5.39999999999999994E-002  0.82999999999999996        0.0000000000000000                      +Infinity
  5.39999999999999994E-002  0.83399999999999996        0.0000000000000000                      +Infinity
  5.39999999999999994E-002  0.83799999999999997        0.0000000000000000                      +Infinity
  5.39999999999999994E-002  0.84199999999999997        0.0000000000000000                      +Infinity
  5.39999999999999994E-002  0.84599999999999997        0.0000000000000000                      +Infinity
  5.39999999999999994E-002  0.84999999999999998        0.0000000000000000                      +Infinity
  5.39999999999999994E-002  0.85399999999999998        0.0000000000000000                      +Infinity
  5.39999999999999994E-002  0.85799999999999998        0.0000000000000000                      +Infinity
  5.39999999999999994E-002  0.86199999999999999        0.0000000000000000                      +Infinity
  5.39999999999999994E-002  0.86599999999999999        0.0000000000000000                      +Infinity
  5.39999999999999994E-002  0.87000000000000000        0.0000000000000000                      +Infinity
  5.39999999999999994E-002  0.87400000000000000        0.0000000000000000                      +Infinity
  5.39999999999999994E-002  0.87800000000000000        0.0000000000000000                      +Infinity
  5.39999999999999994E-002  0.88200000000000001        0.0000000000000000                      +Infinity
  5.39999999999999994E-002  0.88600000000000001        0.0000000000000000                      +Infinity
  5.39999999999999994E-002  0.89000000000000001        0.0000000000000000                      +Infinity
  5.39999999999999994E-002  0.89400000000000002        0.0000000000000000                      +Infinity
  5.39999999999999994E-002  0.89800000000000002        0.0000000000000000                      +Infinity
  5.39999999999999994E-002  0.90200000000000002        0.0000000000000000                      +Infinity
  5.39999999999999994E-002  0.90600000000000003        0.0000000000000000                      +Infinity
  5.39999999999999994E-002  0.91000000000000003        0.0000000000000000                      +Infinity
  5.39999999999999994E-002  0.91400000000000003        0.0000000000000000                      +Infinity
  5.39999999999999994E-002  0.91800000000000004        0.0000000000000000                      +Infinity
  5.39999999999999994E-002  0.92200000000000004        0.0000000000000000                      +Infinity
  5.39999999999999994E-002  0.92600000000000005        0.0000000000000000                      +Infinity
  5.39999999999999994E-002  0.93000000000000005        0.0000000000000000                      +Infinity
  5.39999999999999994E-002  0.93400000000000005        0.0000000000000000                      +Infinity
  5.39999999999999994E-002  0.93799999999999994        0.0000000000000000                      +Infinity
  5.39999999999999994E-002  0.94199999999999995        0.0000000000000000                      +Infinity
  5.39999999999999994E-002  0.94599999999999995        0.0000000000000000                      +Infinity
  5.39999999999999994E-002  0.94999999999999996        0.0000000000000000                      +Infinity
  5.39999999999999994E-002  0.95399999999999996        0.0000000000000000                      +Infinity
  5.39999999999999994E-002  0.95799999999999996        0.0000000000000000                      +Infinity
  5.39999999999999994E-002  0.96199999999999997        0.0000000000000000                      +Infinity
  5.39999999999999994E-002  0.96599999999999997        0.0000000000000000                      +Infinity
  5.39999999999999994E-002  0.96999999999999997        0.0000000000000000                      +Infinity
  5.39999999999999994E-002  0.97399999999999998        0.0000000000000000                      +Infinity
  5.39999999999999994E-002  0.97799999999999998        0.0000000000000000                      +Infinity
  5.39999999999999994E-002  0.98199999999999998        0.0000000000000000                      +Infinity
  5.39999999999999994E-002  0.98599999999999999        0.0000000000000000                      +Infinity
  5.39999999999999994E-002  0.98999999999999999        0.0000000000000000                      +Infinity
  5.39999999999999994E-002  0.99399999999999999        0.0000000000000000                      +Infinity
  5.39999999999999994E-002  0.99800000000000000        0.0000000000000000                      +Infinity
