  6.40000000000000013E-002 -0.99800000000000000        0.0000000000000000                      +Infinity
  6.40000000000000013E-002 -0.99399999999999999        0.0000000000000000                      +Infinity
  6.40000000000000013E-002 -0.98999999999999999        0.0000000000000000                      +Infinity
  6.40000000000000013E-002 -0.98599999999999999        0.0000000000000000                      +Infinity
  6.40000000000000013E-002 -0.98199999999999998        0.0000000000000000                      +Infinity
  6.40000000000000013E-002 -0.97799999999999998        0.0000000000000000                      +Infinity
  6.40000000000000013E-002 -0.97399999999999998        0.0000000000000000                      +Infinity
  6.40000000000000013E-002 -0.96999999999999997        0.0000000000000000                      +Infinity
  6.40000000000000013E-002 -0.96599999999999997        0.0000000000000000                      +Infinity
  6.40000000000000013E-002 -0.96199999999999997        0.0000000000000000                      +Infinity
  6.40000000000000013E-002 -0.95799999999999996        0.0000000000000000                      +Infinity
  6.40000000000000013E-002 -0.95399999999999996        0.0000000000000000                      +Infinity
  6.40000000000000013E-002 -0.94999999999999996        0.0000000000000000                      +Infinity
  6.40000000000000013E-002 -0.94599999999999995        0.0000000000000000                      +Infinity
  6.40000000000000013E-002 -0.94199999999999995        0.0000000000000000                      +Infinity
  6.40000000000000013E-002 -0.93799999999999994        0.0000000000000000                      +Infinity
  6.40000000000000013E-002 -0.93400000000000005        0.0000000000000000                      +Infinity
  6.40000000000000013E-002 -0.93000000000000005        0.0000000000000000                      +Infinity
  6.40000000000000013E-002 -0.92600000000000005        0.0000000000000000                      +Infinity
  6.40000000000000013E-002 -0.92200000000000004        0.0000000000000000                      +Infinity
  6.40000000000000013E-002 -0.91800000000000004        0.0000000000000000                      +Infinity
  6.40000000000000013E-002 -0.91400000000000003        0.0000000000000000                      +Infinity
  6.40000000000000013E-002 -0.91000000000000003        0.0000000000000000                      +Infinity
  6.40000000000000013E-002 -0.90600000000000003        0.0000000000000000                      +Infinity
  6.40000000000000013E-002 -0.90200000000000002        0.0000000000000000                      +Infinity
  6.40000000000000013E-002 -0.89800000000000002        0.0000000000000000                      +Infinity
  6.40000000000000013E-002 -0.89400000000000002        0.0000000000000000                      +Infinity
  6.40000000000000013E-002 -0.89000000000000001        0.0000000000000000                      +Infinity
  6.40000000000000013E-002 -0.88600000000000001        0.0000000000000000                      +Infinity
  6.40000000000000013E-002 -0.88200000000000001        0.0000000000000000                      +Infinity
  6.40000000000000013E-002 -0.87800000000000000        0.0000000000000000                      +Infinity
  6.40000000000000013E-002 -0.87400000000000000        0.0000000000000000                      +Infinity
  6.40000000000000013E-002 -0.87000000000000000        0.0000000000000000                      +Infinity
  6.40000000000000013E-002 -0.86599999999999999        0.0000000000000000                      +Infinity
  6.40000000000000013E-002 -0.86199999999999999        0.0000000000000000                      +Infinity
  6.40000000000000013E-002 -0.85799999999999998        0.0000000000000000                      +Infinity
  6.40000000000000013E-002 -0.85399999999999998        0.0000000000000000                      +Infinity
  6.40000000000000013E-002 -0.84999999999999998        0.0000000000000000                      +Infinity
  6.40000000000000013E-002 -0.84599999999999997        0.0000000000000000                      +Infinity
  6.40000000000000013E-002 -0.84199999999999997        0.0000000000000000                      +Infinity
  6.40000000000000013E-002 -0.83799999999999997        0.0000000000000000                      +Infinity
  6.40000000000000013E-002 -0.83399999999999996        0.0000000000000000                      +Infinity
  6.40000000000000013E-002 -0.82999999999999996        0.0000000000000000                      +Infinity
  6.40000000000000013E-002 -0.82599999999999996        0.0000000000000000                      +Infinity
  6.40000000000000013E-002 -0.82199999999999995        0.0000000000000000                      +Infinity
  6.40000000000000013E-002 -0.81799999999999995        0.0000000000000000                      +Infinity
  6.40000000000000013E-002 -0.81399999999999995        0.0000000000000000                      +Infinity
  6.40000000000000013E-002 -0.81000000000000005        0.0000000000000000                      +Infinity
  6.40000000000000013E-002 -0.80600000000000005        0.0000000000000000                      +Infinity
  6.40000000000000013E-002 -0.80200000000000005        0.0000000000000000                      +Infinity
  6.40000000000000013E-002 -0.79800000000000004        0.0000000000000000                      +Infinity
  6.40000000000000013E-002 -0.79400000000000004        0.0000000000000000                      +Infinity
  6.40000000000000013E-002 -0.79000000000000004        0.0000000000000000                      +Infinity
  6.40000000000000013E-002 -0.78600000000000003        0.0000000000000000                      +Infinity
  6.40000000000000013E-002 -0.78200000000000003        0.0000000000000000                      +Infinity
  6.40000000000000013E-002 -0.77800000000000002        0.0000000000000000                      +Infinity
  6.40000000000000013E-002 -0.77400000000000002        0.0000000000000000                      +Infinity
  6.40000000000000013E-002 -0.77000000000000002        0.0000000000000000                      +Infinity
  6.40000000000000013E-002 -0.76600000000000001        0.0000000000000000                      +Infinity
  6.40000000000000013E-002 -0.76200000000000001        0.0000000000000000                      +Infinity
  6.40000000000000013E-002 -0.75800000000000001        0.0000000000000000                      +Infinity
  6.40000000000000013E-002 -0.75400000000000000        0.0000000000000000                      +Infinity
  6.40000000000000013E-002 -0.75000000000000000        0.0000000000000000                      +Infinity
  6.40000000000000013E-002 -0.74600000000000000        0.0000000000000000                      +Infinity
  6.40000000000000013E-002 -0.74199999999999999        0.0000000000000000                      +Infinity
  6.40000000000000013E-002 -0.73799999999999999        0.0000000000000000                      +Infinity
  6.40000000000000013E-002 -0.73399999999999999        0.0000000000000000                      +Infinity
  6.40000000000000013E-002 -0.72999999999999998        0.0000000000000000                      +Infinity
  6.40000000000000013E-002 -0.72599999999999998        0.0000000000000000                      +Infinity
  6.40000000000000013E-002 -0.72199999999999998        0.0000000000000000                      +Infinity
  6.40000000000000013E-002 -0.71799999999999997        0.0000000000000000                      +Infinity
  6.40000000000000013E-002 -0.71399999999999997        0.0000000000000000                      +Infinity
  6.40000000000000013E-002 -0.70999999999999996        0.0000000000000000                      +Infinity
  6.40000000000000013E-002 -0.70599999999999996        0.0000000000000000                      +Infinity
  6.40000000000000013E-002 -0.70199999999999996        0.0000000000000000                      +Infinity
  6.40000000000000013E-002 -0.69799999999999995        0.0000000000000000                      +Infinity
  6.40000000000000013E-002 -0.69399999999999995        0.0000000000000000                      +Infinity
  6.40000000000000013E-002 -0.68999999999999995        0.0000000000000000                      +Infinity
  6.40000000000000013E-002 -0.68600000000000005        0.0000000000000000                      +Infinity
  6.40000000000000013E-002 -0.68200000000000005        0.0000000000000000                      +Infinity
  6.40000000000000013E-002 -0.67800000000000005        0.0000000000000000                      +Infinity
  6.40000000000000013E-002 -0.67400000000000004        0.0000000000000000                      +Infinity
  6.40000000000000013E-002 -0.67000000000000004        0.0000000000000000                      +Infinity
  6.40000000000000013E-002 -0.66600000000000004        0.0000000000000000                      +Infinity
  6.40000000000000013E-002 -0.66200000000000003       3.11999999999999998E-009   19.585432835125019
  6.40000000000000013E-002 -0.65800000000000003       2.81600000000000020E-008   17.385363305656568
  6.40000000000000013E-002 -0.65400000000000003       3.11199999999999968E-008   17.285415137636221
  6.40000000000000013E-002 -0.65000000000000002       4.20799999999999970E-008   16.983693268516955
  6.40000000000000013E-002 -0.64600000000000002       5.33599999999999961E-008   16.746204435339042
  6.40000000000000013E-002 -0.64200000000000002       4.19200000000000008E-008   16.987502796933626
  6.40000000000000013E-002 -0.63800000000000001       8.73599999999999961E-008   16.253228324949816
  6.40000000000000013E-002 -0.63400000000000001       1.02480000000000002E-007   16.093598179357933
  6.40000000000000013E-002 -0.63000000000000000       1.26160000000000013E-007   15.885714894291628
  6.40000000000000013E-002 -0.62600000000000000       1.77519999999999991E-007   15.544182558322072
  6.40000000000000013E-002 -0.62200000000000000       2.04399999999999977E-007   15.403186978616862
  6.40000000000000013E-002 -0.61799999999999999       1.79999999999999997E-007   15.530308986056200
  6.40000000000000013E-002 -0.61399999999999999       2.45359999999999968E-007   15.220539317140416
  6.40000000000000013E-002 -0.60999999999999999       2.54960000000000001E-007   15.182159166837330
  6.40000000000000013E-002 -0.60599999999999998       4.15760000000000012E-007   14.693157666246226
  6.40000000000000013E-002 -0.60199999999999998       4.95360000000000010E-007   14.517981065985104
  6.40000000000000013E-002 -0.59799999999999998       5.79520000000000044E-007   14.361065662251363
  6.40000000000000013E-002 -0.59399999999999997       8.26320000000000057E-007   14.006283729248032
  6.40000000000000013E-002 -0.58999999999999997       9.56079999999999916E-007   13.860424245387785
  6.40000000000000013E-002 -0.58599999999999997       1.11456000000000005E-006   13.707050849768775
  6.40000000000000013E-002 -0.58199999999999996       1.25728000000000010E-006   13.586559900576317
  6.40000000000000013E-002 -0.57799999999999996       1.33904000000000006E-006   13.523557618661847
  6.40000000000000013E-002 -0.57399999999999995       1.65152000000000011E-006   13.313814481986048
  6.40000000000000013E-002 -0.56999999999999995       1.75703999999999991E-006   13.251879982939915
  6.40000000000000013E-002 -0.56599999999999995       2.10383999999999992E-006   13.071746311607802
  6.40000000000000013E-002 -0.56200000000000006       2.35671999999999994E-006   12.958239736145464
  6.40000000000000013E-002 -0.55800000000000005       2.57559999999999996E-006   12.869428041282383
  6.40000000000000013E-002 -0.55400000000000005       3.23376000000000002E-006   12.641865011065951
  6.40000000000000013E-002 -0.55000000000000004       4.06607999999999936E-006   12.412831167595060
  6.40000000000000013E-002 -0.54600000000000004       4.65855999999999949E-006   12.276804170456574
  6.40000000000000013E-002 -0.54200000000000004       5.12111999999999968E-006   12.182137392835150
  6.40000000000000013E-002 -0.53800000000000003       5.72231999999999996E-006   12.071136240398150
  6.40000000000000013E-002 -0.53400000000000003       6.78784000000000073E-006   11.900377781877756
  6.40000000000000013E-002 -0.53000000000000003       8.30024000000000000E-006   11.699226127917122
  6.40000000000000013E-002 -0.52600000000000002       9.82944000000000054E-006   11.530128593891849
  6.40000000000000013E-002 -0.52200000000000002       1.12559199999999998E-005   11.394616345497983
  6.40000000000000013E-002 -0.51800000000000002       1.25227200000000010E-005   11.287965963492040
  6.40000000000000013E-002 -0.51400000000000001       1.35687999999999996E-005   11.207737518388782
  6.40000000000000013E-002 -0.51000000000000001       1.52551999999999992E-005   11.090590129425994
  6.40000000000000013E-002 -0.50600000000000001       1.75690400000000001E-005   10.949372295846514
  6.40000000000000013E-002 -0.50200000000000000       1.97871200000000004E-005   10.830479336984499
  6.40000000000000013E-002 -0.49800000000000000       2.16732000000000011E-005   10.739434083728794
  6.40000000000000013E-002 -0.49399999999999999       2.44849600000000008E-005   10.617451506464585
  6.40000000000000013E-002 -0.48999999999999999       2.77932000000000001E-005   10.490719171504745
  6.40000000000000013E-002 -0.48599999999999999       3.16001600000000000E-005   10.362348374093086
  6.40000000000000013E-002 -0.48199999999999998       3.57520800000000048E-005   10.238902108698571
  6.40000000000000013E-002 -0.47799999999999998       4.15348799999999997E-005   10.088977001807063
  6.40000000000000013E-002 -0.47399999999999998       4.70305600000000006E-005   9.9647129547849911
  6.40000000000000013E-002 -0.46999999999999997       5.27615999999999998E-005   9.8497269045704350
  6.40000000000000013E-002 -0.46600000000000003       5.94380800000000013E-005   9.7305754595569596
  6.40000000000000013E-002 -0.46200000000000002       6.67318399999999997E-005   9.6148283576240239
  6.40000000000000013E-002 -0.45800000000000002       7.16741600000000029E-005   9.5433802658310078
  6.40000000000000013E-002 -0.45400000000000001       8.18452000000000003E-005   9.4106808997274687
  6.40000000000000013E-002 -0.45000000000000001       9.04902399999999991E-005   9.3102685583779845
  6.40000000000000013E-002 -0.44600000000000001       1.00421999999999995E-004   9.2061292512047181
  6.40000000000000013E-002 -0.44200000000000000       1.10614720000000005E-004   9.1094573855077918
  6.40000000000000013E-002 -0.43800000000000000       1.22050719999999995E-004   9.0110738619210746
  6.40000000000000013E-002 -0.43400000000000000       1.33646240000000004E-004   8.9203142489587801
  6.40000000000000013E-002 -0.42999999999999999       1.46244400000000019E-004   8.8302313631837031
  6.40000000000000013E-002 -0.42599999999999999       1.57926640000000010E-004   8.7533799365571596
  6.40000000000000013E-002 -0.42199999999999999       1.71372240000000002E-004   8.6716725252443059
  6.40000000000000013E-002 -0.41799999999999998       1.88610720000000022E-004   8.5758253495074950
  6.40000000000000013E-002 -0.41399999999999998       2.06996320000000004E-004   8.4828095426347101
  6.40000000000000013E-002 -0.40999999999999998       2.24788479999999996E-004   8.4003506868094373
  6.40000000000000013E-002 -0.40600000000000003       2.43736159999999996E-004   8.3194242291855129
  6.40000000000000013E-002 -0.40200000000000002       2.67242399999999974E-004   8.2273544462558110
  6.40000000000000013E-002 -0.39800000000000002       2.90273279999999983E-004   8.1446877338843144
  6.40000000000000013E-002 -0.39400000000000002       3.16323520000000009E-004   8.0587450706322077
  6.40000000000000013E-002 -0.39000000000000001       3.42440399999999982E-004   7.9794129300028311
  6.40000000000000013E-002 -0.38600000000000001       3.73692719999999955E-004   7.8920767025295966
  6.40000000000000013E-002 -0.38200000000000001       4.04986159999999986E-004   7.8116576642811459
  6.40000000000000013E-002 -0.37800000000000000       4.36706400000000004E-004   7.7362494422103287
  6.40000000000000013E-002 -0.37400000000000000       4.66014480000000034E-004   7.6712938513600095
  6.40000000000000013E-002 -0.37000000000000000       5.02738640000000014E-004   7.5954401252903203
  6.40000000000000013E-002 -0.36599999999999999       5.42666719999999967E-004   7.5190152017898049
  6.40000000000000013E-002 -0.36199999999999999       5.85446799999999939E-004   7.4431352415654244
  6.40000000000000013E-002 -0.35799999999999998       6.28292639999999958E-004   7.3725045127732756
  6.40000000000000013E-002 -0.35399999999999998       6.72610720000000077E-004   7.3043438206346547
  6.40000000000000013E-002 -0.34999999999999998       7.18084799999999966E-004   7.2389228900404143
  6.40000000000000013E-002 -0.34599999999999997       7.63475599999999992E-004   7.1776293919040111
  6.40000000000000013E-002 -0.34200000000000003       8.13988319999999995E-004   7.1135645409590289
  6.40000000000000013E-002 -0.33800000000000002       8.68762959999999878E-004   7.0484402432109325
  6.40000000000000013E-002 -0.33400000000000002       9.25011920000000007E-004   6.9857039340483924
  6.40000000000000013E-002 -0.33000000000000002       9.82113040000000010E-004   6.9258041442183949
  6.40000000000000013E-002 -0.32600000000000001       1.04658808000000010E-003   6.8622198533514869
  6.40000000000000013E-002 -0.32200000000000001       1.11276264000000004E-003   6.8009094908877126
  6.40000000000000013E-002 -0.31800000000000000       1.17763247999999989E-003   6.7442492288482860
  6.40000000000000013E-002 -0.31400000000000000       1.25078600000000004E-003   6.6839831252798128
  6.40000000000000013E-002 -0.31000000000000000       1.32391696000000014E-003   6.6271605424674735
  6.40000000000000013E-002 -0.30599999999999999       1.40666008000000001E-003   6.5665371220777438
  6.40000000000000013E-002 -0.30199999999999999       1.48979536000000000E-003   6.5091165107389637
  6.40000000000000013E-002 -0.29799999999999999       1.56060808000000012E-003   6.4626797387991815
  6.40000000000000013E-002 -0.29399999999999998       1.64259032000000000E-003   6.4114808197718576
  6.40000000000000013E-002 -0.28999999999999998       1.73091831999999993E-003   6.3591031904987299
  6.40000000000000013E-002 -0.28599999999999998       1.82322360000000011E-003   6.3071491358427716
  6.40000000000000013E-002 -0.28199999999999997       1.91957055999999993E-003   6.2556537846262330
  6.40000000000000013E-002 -0.27800000000000002       2.01593336000000000E-003   6.2066729848749169
  6.40000000000000013E-002 -0.27400000000000002       2.12841536000000012E-003   6.1523775385795076
  6.40000000000000013E-002 -0.27000000000000002       2.22967128000000009E-003   6.1059011124474960
  6.40000000000000013E-002 -0.26600000000000001       2.33726391999999981E-003   6.0587742986933950
  6.40000000000000013E-002 -0.26200000000000001       2.44170183999999979E-003   6.0150600073901224
  6.40000000000000013E-002 -0.25800000000000001       2.55333416000000021E-003   5.9703552601380077
  6.40000000000000013E-002 -0.25400000000000000       2.66991488000000018E-003   5.9257086872279743
  6.40000000000000013E-002 -0.25000000000000000       2.79005287999999985E-003   5.8816947299234581
  6.40000000000000013E-002 -0.24600000000000000       2.91247800000000003E-003   5.8387510137669159
  6.40000000000000013E-002 -0.24199999999999999       3.04066775999999993E-003   5.7956781297905327
  6.40000000000000013E-002 -0.23799999999999999       3.17129031999999981E-003   5.7536167329022030
  6.40000000000000013E-002 -0.23400000000000001       3.29835559999999998E-003   5.7143312377342195
  6.40000000000000013E-002 -0.23000000000000001       3.43540551999999997E-003   5.6736203049628493
  6.40000000000000013E-002 -0.22600000000000001       3.57221120000000012E-003   5.6345704911760359
  6.40000000000000013E-002 -0.22200000000000000       3.70996080000000027E-003   5.5967339684563502
  6.40000000000000013E-002 -0.21800000000000000       3.85709415999999994E-003   5.5578411872980045
  6.40000000000000013E-002 -0.21400000000000000       4.00721384000000003E-003   5.5196590821436411
  6.40000000000000013E-002 -0.20999999999999999       4.14574183999999978E-003   5.4856735341527729
  6.40000000000000013E-002 -0.20599999999999999       4.29612079999999990E-003   5.4500428029902768
  6.40000000000000013E-002 -0.20200000000000001       4.44920112000000024E-003   5.4150307225157830
  6.40000000000000013E-002 -0.19800000000000001       4.59797695999999978E-003   5.3821388635279952
  6.40000000000000013E-002 -0.19400000000000001       4.74854247999999951E-003   5.3499175543383402
  6.40000000000000013E-002 -0.19000000000000000       4.91104928000000041E-003   5.3162676573592078
  6.40000000000000013E-002 -0.18600000000000000       5.07086776000000017E-003   5.2842433202059906
  6.40000000000000013E-002 -0.18200000000000000       5.22715224000000044E-003   5.2538886539819822
  6.40000000000000013E-002 -0.17799999999999999       5.38875255999999962E-003   5.2234413568392526
  6.40000000000000013E-002 -0.17399999999999999       5.53908639999999963E-003   5.1959257015693447
  6.40000000000000013E-002 -0.17000000000000001       5.69616416000000032E-003   5.1679622850630382
  6.40000000000000013E-002 -0.16600000000000001       5.86441736000000054E-003   5.1388521436699097
  6.40000000000000013E-002 -0.16200000000000001       6.01987791999999966E-003   5.1126882989367983
  6.40000000000000013E-002 -0.15800000000000000       6.16437224000000034E-003   5.0889689739900712
  6.40000000000000013E-002 -0.15400000000000000       6.31824608000000013E-003   5.0643136283262331
  6.40000000000000013E-002 -0.14999999999999999       6.46377735999999984E-003   5.0415414014258255
  6.40000000000000013E-002 -0.14599999999999999       6.63262368000000057E-003   5.0157548245574528
  6.40000000000000013E-002 -0.14199999999999999       6.79027568000000088E-003   4.9922637373520731
  6.40000000000000013E-002 -0.13800000000000001       6.94482760000000084E-003   4.9697581266980517
  6.40000000000000013E-002 -0.13400000000000001       7.09898024000000030E-003   4.9478041334193943
  6.40000000000000013E-002 -0.13000000000000000       7.25077447999999958E-003   4.9266469909933335
  6.40000000000000013E-002 -0.12600000000000000       7.41079952000000056E-003   4.9048169480587536
  6.40000000000000013E-002 -0.12200000000000000       7.57045751999999971E-003   4.8835017747858007
  6.40000000000000013E-002 -0.11799999999999999       7.71807007999999930E-003   4.8641909358353761
  6.40000000000000013E-002 -0.11400000000000000       7.86107255999999970E-003   4.8458322238353029
  6.40000000000000013E-002 -0.11000000000000000       8.01444408000000046E-003   4.8265098552762264
  6.40000000000000013E-002 -0.10600000000000000       8.17205759999999927E-003   4.8070345535934518
  6.40000000000000013E-002 -0.10199999999999999       8.33373432000000108E-003   4.7874436255396988
  6.40000000000000013E-002 -9.80000000000000038E-002  8.45216384000000050E-003   4.7733327946552055
  6.40000000000000013E-002 -9.40000000000000002E-002  8.57774455999999949E-003   4.7585842718339846
  6.40000000000000013E-002 -8.99999999999999967E-002  8.71169047999999918E-003   4.7430894219899589
  6.40000000000000013E-002 -8.59999999999999931E-002  8.82794943999999984E-003   4.7298325178355833
  6.40000000000000013E-002 -8.20000000000000034E-002  8.94848400000000134E-003   4.7162711465175731
  6.40000000000000013E-002 -7.79999999999999999E-002  9.06730239999999944E-003   4.7030804791593637
  6.40000000000000013E-002 -7.39999999999999963E-002  9.20179823999999966E-003   4.6883563531575643
  6.40000000000000013E-002 -7.00000000000000067E-002  9.32104079999999946E-003   4.6754809826999519
  6.40000000000000013E-002 -6.60000000000000031E-002  9.42231871999999956E-003   4.6646740720635087
  6.40000000000000013E-002 -6.19999999999999996E-002  9.51519688000000002E-003   4.6548650869084174
  6.40000000000000013E-002 -5.80000000000000029E-002  9.60444744000000031E-003   4.6455290127870779
  6.40000000000000013E-002 -5.39999999999999994E-002  9.68291664000000066E-003   4.6373921172919994
  6.40000000000000013E-002 -5.00000000000000028E-002  9.76105824000000032E-003   4.6293544582053263
  6.40000000000000013E-002 -4.59999999999999992E-002  9.81626519999999857E-003   4.6237145548235681
  6.40000000000000013E-002 -4.20000000000000026E-002  9.88082256000000041E-003   4.6171595156271419
  6.40000000000000013E-002 -3.79999999999999991E-002  9.94543215999999994E-003   4.6106419126178286
  6.40000000000000013E-002 -3.40000000000000024E-002  9.99993415999999961E-003   4.6051767700097663
  6.40000000000000013E-002 -2.99999999999999989E-002  1.00558764799999999E-002   4.5995980909836316
  6.40000000000000013E-002 -2.59999999999999988E-002  1.01101181600000006E-002   4.5942185585798745
  6.40000000000000013E-002 -2.19999999999999987E-002  1.01716182399999994E-002   4.5881539626023660
  6.40000000000000013E-002 -1.79999999999999986E-002  1.01942099200000007E-002   4.5859353747709148
  6.40000000000000013E-002 -1.40000000000000003E-002  1.02210027200000005E-002   4.5833105855164584
  6.40000000000000013E-002 -1.00000000000000002E-002  1.02433031200000000E-002   4.5811311410728930
  6.40000000000000013E-002 -6.00000000000000012E-003  1.02694558400000004E-002   4.5785812418397986
  6.40000000000000013E-002 -2.00000000000000004E-003  1.02762243199999992E-002   4.5779223704671157
  6.40000000000000013E-002  2.00000000000000004E-003  1.02874189599999992E-002   4.5768335905312405
  6.40000000000000013E-002  6.00000000000000012E-003  1.02871972800000003E-002   4.5768551394143326
  6.40000000000000013E-002  1.00000000000000002E-002  1.02886991199999996E-002   4.5767091588967919
  6.40000000000000013E-002  1.40000000000000003E-002  1.02838276799999996E-002   4.5771827458449001
  6.40000000000000013E-002  1.79999999999999986E-002  1.02528139999999990E-002   4.5802030744906261
  6.40000000000000013E-002  2.19999999999999987E-002  1.02132784799999991E-002   4.5840665935494593
  6.40000000000000013E-002  2.59999999999999988E-002  1.01763790400000009E-002   4.5876860246504032
  6.40000000000000013E-002  2.99999999999999989E-002  1.01255206399999999E-002   4.5926962460769927
  6.40000000000000013E-002  3.40000000000000024E-002  1.00761908000000008E-002   4.5975799845853107
  6.40000000000000013E-002  3.79999999999999991E-002  1.00183657600000000E-002   4.6033352944317025
  6.40000000000000013E-002  4.20000000000000026E-002  9.97334360000000017E-003   4.6078393851327357
  6.40000000000000013E-002  4.59999999999999992E-002  9.90857439999999999E-003   4.6143547956805495
  6.40000000000000013E-002  5.00000000000000028E-002  9.84269088000000111E-003   4.6210261418876453
  6.40000000000000013E-002  5.39999999999999994E-002  9.76653968000000018E-003   4.6287930537595336
  6.40000000000000013E-002  5.80000000000000029E-002  9.70140344000000078E-003   4.6354847194025153
  6.40000000000000013E-002  6.19999999999999996E-002  9.60826224000000013E-003   4.6451319006551950
  6.40000000000000013E-002  6.60000000000000031E-002  9.51109320000000091E-003   4.6552964563500030
  6.40000000000000013E-002  7.00000000000000067E-002  9.40586808000000094E-003   4.6664215206480009
  6.40000000000000013E-002  7.39999999999999963E-002  9.29590744000000080E-003   4.6781810358928926
  6.40000000000000013E-002  7.79999999999999999E-002  9.18602599999999991E-003   4.6900718626884625
  6.40000000000000013E-002  8.20000000000000034E-002  9.07863823999999903E-003   4.7018310711843769
  6.40000000000000013E-002  8.59999999999999931E-002  8.95466847999999878E-003   4.7155802648135934
  6.40000000000000013E-002  8.99999999999999967E-002  8.83845632000000020E-003   4.7286430420155963
  6.40000000000000013E-002  9.40000000000000002E-002  8.71631488000000100E-003   4.7425587358887089
  6.40000000000000013E-002  9.80000000000000038E-002  8.57625136000000031E-003   4.7587583653817189
  6.40000000000000013E-002  0.10199999999999999       8.44658528000000013E-003   4.7739930281627903
  6.40000000000000013E-002  0.10600000000000000       8.30667704000000000E-003   4.7906956249356263
  6.40000000000000013E-002  0.11000000000000000       8.17091344000000011E-003   4.8071745721982779
  6.40000000000000013E-002  0.11400000000000000       8.03280095999999930E-003   4.8242219998890459
  6.40000000000000013E-002  0.11799999999999999       7.87342287999999967E-003   4.8442623835333452
  6.40000000000000013E-002  0.12200000000000000       7.70800056000000081E-003   4.8654964557782296
  6.40000000000000013E-002  0.12600000000000000       7.56788808000000059E-003   4.8838412359254217
  6.40000000000000013E-002  0.13000000000000000       7.41166087999999956E-003   4.9047007244389595
  6.40000000000000013E-002  0.13400000000000001       7.25332991999999999E-003   4.9262946162508507
  6.40000000000000013E-002  0.13800000000000001       7.09062679999999945E-003   4.9489815361397751
  6.40000000000000013E-002  0.14199999999999999       6.92291344000000100E-003   4.9729185806144507
  6.40000000000000013E-002  0.14599999999999999       6.76171016000000000E-003   4.9964794386733571
  6.40000000000000013E-002  0.14999999999999999       6.61005199999999994E-003   5.0191637582811044
  6.40000000000000013E-002  0.15400000000000000       6.44748600000000054E-003   5.0440649915953895
  6.40000000000000013E-002  0.15800000000000000       6.29172248000000028E-003   5.0685204015611278
  6.40000000000000013E-002  0.16200000000000001       6.12170671999999992E-003   5.0959143455195415
  6.40000000000000013E-002  0.16600000000000001       5.95787512000000002E-003   5.1230413849644210
  6.40000000000000013E-002  0.17000000000000001       5.79653183999999985E-003   5.1504954988990086
  6.40000000000000013E-002  0.17399999999999999       5.62966215999999992E-003   5.1797058457358318
  6.40000000000000013E-002  0.17799999999999999       5.47537767999999991E-003   5.2074940230103639
  6.40000000000000013E-002  0.18200000000000000       5.32082800000000054E-003   5.2361263486413474
  6.40000000000000013E-002  0.18600000000000000       5.15315176000000034E-003   5.2681467592643605
  6.40000000000000013E-002  0.19000000000000000       4.99062399999999993E-003   5.3001943269366212
  6.40000000000000013E-002  0.19400000000000001       4.83980168000000023E-003   5.3308815342997153
  6.40000000000000013E-002  0.19800000000000001       4.68278639999999968E-003   5.3638619616082979
  6.40000000000000013E-002  0.20200000000000001       4.52725320000000025E-003   5.3976398810122141
  6.40000000000000013E-002  0.20599999999999999       4.38794415999999975E-003   5.4288944622654389
  6.40000000000000013E-002  0.20999999999999999       4.23130727999999987E-003   5.4652442840245650
  6.40000000000000013E-002  0.21400000000000000       4.08035232000000022E-003   5.5015719413530908
  6.40000000000000013E-002  0.21800000000000000       3.93914256000000001E-003   5.5367922037213955
  6.40000000000000013E-002  0.22200000000000000       3.80875360000000000E-003   5.5704532824728101
  6.40000000000000013E-002  0.22600000000000001       3.66566991999999967E-003   5.6087441718070661
  6.40000000000000013E-002  0.23000000000000001       3.53223327999999982E-003   5.6458249508563494
  6.40000000000000013E-002  0.23400000000000001       3.39603791999999998E-003   5.6851458445176375
  6.40000000000000013E-002  0.23799999999999999       3.27297175999999995E-003   5.7220569116701911
  6.40000000000000013E-002  0.24199999999999999       3.14494848000000009E-003   5.7619577705219411
  6.40000000000000013E-002  0.24600000000000000       3.00946215999999987E-003   5.8059939005726919
  6.40000000000000013E-002  0.25000000000000000       2.88188256000000004E-003   5.8493115317146174
  6.40000000000000013E-002  0.25400000000000000       2.75287408000000032E-003   5.8951097930613425
  6.40000000000000013E-002  0.25800000000000001       2.63390808000000002E-003   5.9392865737642850
  6.40000000000000013E-002  0.26200000000000001       2.51078928000000000E-003   5.9871581210855318
  6.40000000000000013E-002  0.26600000000000001       2.40007311999999992E-003   6.0322560754256696
  6.40000000000000013E-002  0.27000000000000002       2.29331600000000010E-003   6.0777564738730918
  6.40000000000000013E-002  0.27400000000000002       2.19117640000000011E-003   6.1233167104275505
  6.40000000000000013E-002  0.27800000000000002       2.08999335999999992E-003   6.1705943900439575
  6.40000000000000013E-002  0.28199999999999997       1.97544255999999993E-003   6.2269628247187940
  6.40000000000000013E-002  0.28599999999999998       1.87370936000000017E-003   6.2798351979087634
  6.40000000000000013E-002  0.28999999999999998       1.77697912000000010E-003   6.3328404800193425
  6.40000000000000013E-002  0.29399999999999998       1.68968288000000025E-003   6.3832144126250894
  6.40000000000000013E-002  0.29799999999999999       1.60515608000000006E-003   6.4345342810223345
  6.40000000000000013E-002  0.30199999999999999       1.51946896000000001E-003   6.4893943735883699
  6.40000000000000013E-002  0.30599999999999999       1.43581464000000015E-003   6.5460228974676893
  6.40000000000000013E-002  0.31000000000000000       1.35538423999999997E-003   6.6036702928936810
  6.40000000000000013E-002  0.31400000000000000       1.27752399999999993E-003   6.6628314493701231
  6.40000000000000013E-002  0.31800000000000000       1.20016479999999993E-003   6.7252963982842084
  6.40000000000000013E-002  0.32200000000000001       1.13577776000000014E-003   6.7804376116247829
  6.40000000000000013E-002  0.32600000000000001       1.06813528000000019E-003   6.8418408797990118
  6.40000000000000013E-002  0.33000000000000002       1.00345288000000012E-003   6.9043083464855393
  6.40000000000000013E-002  0.33400000000000002       9.46109920000000001E-004   6.9631518011592828
  6.40000000000000013E-002  0.33800000000000002       8.91704320000000022E-004   7.0223759601564719
  6.40000000000000013E-002  0.34200000000000003       8.33973599999999994E-004   7.0893088107828062
  6.40000000000000013E-002  0.34599999999999997       7.83437279999999966E-004   7.1518195504254223
  6.40000000000000013E-002  0.34999999999999998       7.33635999999999967E-004   7.2174975651617226
  6.40000000000000013E-002  0.35399999999999998       6.86927280000000011E-004   7.2832821228729774
  6.40000000000000013E-002  0.35799999999999998       6.40485040000000048E-004   7.3532847936527954
  6.40000000000000013E-002  0.36199999999999999       5.96529600000000036E-004   7.4243816948578090
  6.40000000000000013E-002  0.36599999999999999       5.53900800000000021E-004   7.4985249486222330
  6.40000000000000013E-002  0.37000000000000000       5.18932479999999977E-004   7.5637367796007622
  6.40000000000000013E-002  0.37400000000000000       4.84724560000000001E-004   7.6319297458788053
  6.40000000000000013E-002  0.37800000000000000       4.50639520000000002E-004   7.7048428285301673
  6.40000000000000013E-002  0.38200000000000001       4.16100079999999982E-004   7.7845847497139218
  6.40000000000000013E-002  0.38600000000000001       3.85221920000000000E-004   7.8616909741557262
  6.40000000000000013E-002  0.39000000000000001       3.55098879999999988E-004   7.9431142720613215
  6.40000000000000013E-002  0.39400000000000002       3.25179600000000027E-004   8.0311329128855728
  6.40000000000000013E-002  0.39800000000000002       3.01339839999999973E-004   8.1072718935529764
  6.40000000000000013E-002  0.40200000000000002       2.77562640000000014E-004   8.1894639205211774
  6.40000000000000013E-002  0.40600000000000003       2.57595840000000007E-004   8.2641187129327953
  6.40000000000000013E-002  0.40999999999999998       2.37162400000000018E-004   8.3467654194259318
  6.40000000000000013E-002  0.41399999999999998       2.15912319999999984E-004   8.4406381586162667
  6.40000000000000013E-002  0.41799999999999998       1.98906399999999997E-004   8.5226761956486623
  6.40000000000000013E-002  0.42199999999999999       1.84280479999999997E-004   8.5990516131680206
  6.40000000000000013E-002  0.42599999999999999       1.67685759999999990E-004   8.6934188062765454
  6.40000000000000013E-002  0.42999999999999999       1.53585520000000010E-004   8.7812530125278094
  6.40000000000000013E-002  0.43400000000000000       1.41494320000000006E-004   8.8632509830294239
  6.40000000000000013E-002  0.43800000000000000       1.28348559999999983E-004   8.9607608700322281
  6.40000000000000013E-002  0.44200000000000000       1.17887040000000008E-004   9.0457836801271192
  6.40000000000000013E-002  0.44600000000000001       1.07837520000000000E-004   9.1348849080973533
  6.40000000000000013E-002  0.45000000000000001       9.70324799999999950E-005   9.2404647901482626
  6.40000000000000013E-002  0.45400000000000001       8.62912799999999969E-005   9.3577820078537641
  6.40000000000000013E-002  0.45800000000000002       7.69513600000000004E-005   9.4723370240214013
  6.40000000000000013E-002  0.46200000000000002       6.94929600000000042E-005   9.5742851054882383
  6.40000000000000013E-002  0.46600000000000003       6.27420799999999954E-005   9.6764782030576235
  6.40000000000000013E-002  0.46999999999999997       5.65169600000000051E-005   9.7809697878648283
  6.40000000000000013E-002  0.47399999999999998       5.08603200000000064E-005   9.8864275062087330
  6.40000000000000013E-002  0.47799999999999998       4.51991999999999992E-005   10.004431170397764
  6.40000000000000013E-002  0.48199999999999998       3.99299999999999989E-005   10.128382636889144
  6.40000000000000013E-002  0.48599999999999999       3.53725599999999980E-005   10.249574179644792
  6.40000000000000013E-002  0.48999999999999999       3.01938399999999982E-005   10.407872627898810
  6.40000000000000013E-002  0.49399999999999999       2.63823199999999978E-005   10.542816469128885
  6.40000000000000013E-002  0.49800000000000000       2.28161600000000008E-005   10.688041501134256
  6.40000000000000013E-002  0.50200000000000000       1.97033599999999990E-005   10.834721378388123
  6.40000000000000013E-002  0.50600000000000001       1.79093599999999989E-005   10.930187076756825
  6.40000000000000013E-002  0.51000000000000001       1.63756000000000029E-005   11.019718135892857
  6.40000000000000013E-002  0.51400000000000001       1.40117600000000008E-005   11.175613580951572
  6.40000000000000013E-002  0.51800000000000002       1.18753600000000004E-005   11.341044892713610
  6.40000000000000013E-002  0.52200000000000002       1.01260000000000010E-005   11.500404184416556
  6.40000000000000013E-002  0.52600000000000002       9.03783999999999951E-006   11.614090350163531
  6.40000000000000013E-002  0.53000000000000003       8.40063999999999992E-006   11.687202664541163
  6.40000000000000013E-002  0.53400000000000003       7.19087999999999950E-006   11.842697001509229
  6.40000000000000013E-002  0.53800000000000003       6.11271999999999964E-006   12.005138711990933
  6.40000000000000013E-002  0.54200000000000004       4.88200000000000001E-006   12.229955585993507
  6.40000000000000013E-002  0.54600000000000004       4.33127999999999980E-006   12.349647447625259
  6.40000000000000013E-002  0.55000000000000004       3.57919999999999954E-006   12.540371246210546
  6.40000000000000013E-002  0.55400000000000005       2.86527999999999978E-006   12.762844481333865
  6.40000000000000013E-002  0.55800000000000005       2.34575999999999980E-006   12.962901114756457
  6.40000000000000013E-002  0.56200000000000006       2.25184000000000003E-006   13.003762898168228
  6.40000000000000013E-002  0.56599999999999995       2.02224000000000014E-006   13.111304750047594
  6.40000000000000013E-002  0.56999999999999995       1.83743999999999981E-006   13.207137259453766
  6.40000000000000013E-002  0.57399999999999995       1.37511999999999989E-006   13.496969557926510
  6.40000000000000013E-002  0.57799999999999996       1.09888000000000006E-006   13.721219078677356
  6.40000000000000013E-002  0.58199999999999996       9.92640000000000079E-007   13.822897776398293
  6.40000000000000013E-002  0.58599999999999997       8.39519999999999989E-007   13.990435537008009
  6.40000000000000013E-002  0.58999999999999997       7.37279999999999995E-007   14.120298098318994
  6.40000000000000013E-002  0.59399999999999997       5.37040000000000050E-007   14.437193257315915
  6.40000000000000013E-002  0.59799999999999998       3.87040000000000003E-007   14.764737790084695
  6.40000000000000013E-002  0.60199999999999998       3.35759999999999984E-007   14.906869217921075
  6.40000000000000013E-002  0.60599999999999998       2.47439999999999998E-007   15.212097708569598
  6.40000000000000013E-002  0.60999999999999999       1.61039999999999991E-007   15.641613055614876
  6.40000000000000013E-002  0.61399999999999999       1.55919999999999983E-007   15.673922781747105
  6.40000000000000013E-002  0.61799999999999999       1.65120000000000012E-007   15.616593354653213
  6.40000000000000013E-002  0.62200000000000000       1.70159999999999983E-007   15.586526666054430
  6.40000000000000013E-002  0.62600000000000000       1.60560000000000003E-007   15.644598132458329
  6.40000000000000013E-002  0.63000000000000000       1.29440000000000000E-007   15.860048383636229
  6.40000000000000013E-002  0.63400000000000001       1.53680000000000010E-007   15.688393318486110
  6.40000000000000013E-002  0.63800000000000001       9.07200000000000077E-008   16.215487996966971
  6.40000000000000013E-002  0.64200000000000002       2.79999999999999960E-008   17.391061326771208
  6.40000000000000013E-002  0.64600000000000002       1.17599999999999991E-008   18.258561894475932
  6.40000000000000013E-002  0.65000000000000002       2.64000000000000015E-008   17.449901826794139
  6.40000000000000013E-002  0.65400000000000003       5.38399999999999977E-008   16.737249151609937
  6.40000000000000013E-002  0.65800000000000003       2.47199999999999990E-008   17.515653204356923
  6.40000000000000013E-002  0.66200000000000003        0.0000000000000000                      +Infinity
  6.40000000000000013E-002  0.66600000000000004        0.0000000000000000                      +Infinity
  6.40000000000000013E-002  0.67000000000000004        0.0000000000000000                      +Infinity
  6.40000000000000013E-002  0.67400000000000004        0.0000000000000000                      +Infinity
  6.40000000000000013E-002  0.67800000000000005        0.0000000000000000                      +Infinity
  6.40000000000000013E-002  0.68200000000000005        0.0000000000000000                      +Infinity
  6.40000000000000013E-002  0.68600000000000005        0.0000000000000000                      +Infinity
  6.40000000000000013E-002  0.68999999999999995        0.0000000000000000                      +Infinity
  6.40000000000000013E-002  0.69399999999999995        0.0000000000000000                      +Infinity
  6.40000000000000013E-002  0.69799999999999995        0.0000000000000000                      +Infinity
  6.40000000000000013E-002  0.70199999999999996        0.0000000000000000                      +Infinity
  6.40000000000000013E-002  0.70599999999999996        0.0000000000000000                      +Infinity
  6.40000000000000013E-002  0.70999999999999996        0.0000000000000000                      +Infinity
  6.40000000000000013E-002  0.71399999999999997        0.0000000000000000                      +Infinity
  6.40000000000000013E-002  0.71799999999999997        0.0000000000000000                      +Infinity
  6.40000000000000013E-002  0.72199999999999998        0.0000000000000000                      +Infinity
  6.40000000000000013E-002  0.72599999999999998        0.0000000000000000                      +Infinity
  6.40000000000000013E-002  0.72999999999999998        0.0000000000000000                      +Infinity
  6.40000000000000013E-002  0.73399999999999999        0.0000000000000000                      +Infinity
  6.40000000000000013E-002  0.73799999999999999        0.0000000000000000                      +Infinity
  6.40000000000000013E-002  0.74199999999999999        0.0000000000000000                      +Infinity
  6.40000000000000013E-002  0.74600000000000000        0.0000000000000000                      +Infinity
  6.40000000000000013E-002  0.75000000000000000        0.0000000000000000                      +Infinity
  6.40000000000000013E-002  0.75400000000000000        0.0000000000000000                      +Infinity
  6.40000000000000013E-002  0.75800000000000001        0.0000000000000000                      +Infinity
  6.40000000000000013E-002  0.76200000000000001        0.0000000000000000                      +Infinity
  6.40000000000000013E-002  0.76600000000000001        0.0000000000000000                      +Infinity
  6.40000000000000013E-002  0.77000000000000002        0.0000000000000000                      +Infinity
  6.40000000000000013E-002  0.77400000000000002        0.0000000000000000                      +Infinity
  6.40000000000000013E-002  0.77800000000000002        0.0000000000000000                      +Infinity
  6.40000000000000013E-002  0.78200000000000003        0.0000000000000000                      +Infinity
  6.40000000000000013E-002  0.78600000000000003        0.0000000000000000                      +Infinity
  6.40000000000000013E-002  0.79000000000000004        0.0000000000000000                      +Infinity
  6.40000000000000013E-002  0.79400000000000004        0.0000000000000000                      +Infinity
  6.40000000000000013E-002  0.79800000000000004        0.0000000000000000                      +Infinity
  6.40000000000000013E-002  0.80200000000000005        0.0000000000000000                      +Infinity
  6.40000000000000013E-002  0.80600000000000005        0.0000000000000000                      +Infinity
  6.40000000000000013E-002  0.81000000000000005        0.0000000000000000                      +Infinity
  6.40000000000000013E-002  0.81399999999999995        0.0000000000000000                      +Infinity
  6.40000000000000013E-002  0.81799999999999995        0.0000000000000000                      +Infinity
  6.40000000000000013E-002  0.82199999999999995        0.0000000000000000                      +Infinity
  6.40000000000000013E-002  0.82599999999999996        0.0000000000000000                      +Infinity
  6.40000000000000013E-002  0.82999999999999996        0.0000000000000000                      +Infinity
  6.40000000000000013E-002  0.83399999999999996        0.0000000000000000                      +Infinity
  6.40000000000000013E-002  0.83799999999999997        0.0000000000000000                      +Infinity
  6.40000000000000013E-002  0.84199999999999997        0.0000000000000000                      +Infinity
  6.40000000000000013E-002  0.84599999999999997        0.0000000000000000                      +Infinity
  6.40000000000000013E-002  0.84999999999999998        0.0000000000000000                      +Infinity
  6.40000000000000013E-002  0.85399999999999998        0.0000000000000000                      +Infinity
  6.40000000000000013E-002  0.85799999999999998        0.0000000000000000                      +Infinity
  6.40000000000000013E-002  0.86199999999999999        0.0000000000000000                      +Infinity
  6.40000000000000013E-002  0.86599999999999999        0.0000000000000000                      +Infinity
  6.40000000000000013E-002  0.87000000000000000        0.0000000000000000                      +Infinity
  6.40000000000000013E-002  0.87400000000000000        0.0000000000000000                      +Infinity
  6.40000000000000013E-002  0.87800000000000000        0.0000000000000000                      +Infinity
  6.40000000000000013E-002  0.88200000000000001        0.0000000000000000                      +Infinity
  6.40000000000000013E-002  0.88600000000000001        0.0000000000000000                      +Infinity
  6.40000000000000013E-002  0.89000000000000001        0.0000000000000000                      +Infinity
  6.40000000000000013E-002  0.89400000000000002        0.0000000000000000                      +Infinity
  6.40000000000000013E-002  0.89800000000000002        0.0000000000000000                      +Infinity
  6.40000000000000013E-002  0.90200000000000002        0.0000000000000000                      +Infinity
  6.40000000000000013E-002  0.90600000000000003        0.0000000000000000                      +Infinity
  6.40000000000000013E-002  0.91000000000000003        0.0000000000000000                      +Infinity
  6.40000000000000013E-002  0.91400000000000003        0.0000000000000000                      +Infinity
  6.40000000000000013E-002  0.91800000000000004        0.0000000000000000                      +Infinity
  6.40000000000000013E-002  0.92200000000000004        0.0000000000000000                      +Infinity
  6.40000000000000013E-002  0.92600000000000005        0.0000000000000000                      +Infinity
  6.40000000000000013E-002  0.93000000000000005        0.0000000000000000                      +Infinity
  6.40000000000000013E-002  0.93400000000000005        0.0000000000000000                      +Infinity
  6.40000000000000013E-002  0.93799999999999994        0.0000000000000000                      +Infinity
  6.40000000000000013E-002  0.94199999999999995        0.0000000000000000                      +Infinity
  6.40000000000000013E-002  0.94599999999999995        0.0000000000000000                      +Infinity
  6.40000000000000013E-002  0.94999999999999996        0.0000000000000000                      +Infinity
  6.40000000000000013E-002  0.95399999999999996        0.0000000000000000                      +Infinity
  6.40000000000000013E-002  0.95799999999999996        0.0000000000000000                      +Infinity
  6.40000000000000013E-002  0.96199999999999997        0.0000000000000000                      +Infinity
  6.40000000000000013E-002  0.96599999999999997        0.0000000000000000                      +Infinity
  6.40000000000000013E-002  0.96999999999999997        0.0000000000000000                      +Infinity
  6.40000000000000013E-002  0.97399999999999998        0.0000000000000000                      +Infinity
  6.40000000000000013E-002  0.97799999999999998        0.0000000000000000                      +Infinity
  6.40000000000000013E-002  0.98199999999999998        0.0000000000000000                      +Infinity
  6.40000000000000013E-002  0.98599999999999999        0.0000000000000000                      +Infinity
  6.40000000000000013E-002  0.98999999999999999        0.0000000000000000                      +Infinity
  6.40000000000000013E-002  0.99399999999999999        0.0000000000000000                      +Infinity
  6.40000000000000013E-002  0.99800000000000000        0.0000000000000000                      +Infinity
