  9.40000000000000002E-002 -0.99800000000000000        0.0000000000000000                      +Infinity
  9.40000000000000002E-002 -0.99399999999999999        0.0000000000000000                      +Infinity
  9.40000000000000002E-002 -0.98999999999999999        0.0000000000000000                      +Infinity
  9.40000000000000002E-002 -0.98599999999999999        0.0000000000000000                      +Infinity
  9.40000000000000002E-002 -0.98199999999999998        0.0000000000000000                      +Infinity
  9.40000000000000002E-002 -0.97799999999999998        0.0000000000000000                      +Infinity
  9.40000000000000002E-002 -0.97399999999999998        0.0000000000000000                      +Infinity
  9.40000000000000002E-002 -0.96999999999999997        0.0000000000000000                      +Infinity
  9.40000000000000002E-002 -0.96599999999999997        0.0000000000000000                      +Infinity
  9.40000000000000002E-002 -0.96199999999999997        0.0000000000000000                      +Infinity
  9.40000000000000002E-002 -0.95799999999999996        0.0000000000000000                      +Infinity
  9.40000000000000002E-002 -0.95399999999999996        0.0000000000000000                      +Infinity
  9.40000000000000002E-002 -0.94999999999999996        0.0000000000000000                      +Infinity
  9.40000000000000002E-002 -0.94599999999999995        0.0000000000000000                      +Infinity
  9.40000000000000002E-002 -0.94199999999999995        0.0000000000000000                      +Infinity
  9.40000000000000002E-002 -0.93799999999999994        0.0000000000000000                      +Infinity
  9.40000000000000002E-002 -0.93400000000000005        0.0000000000000000                      +Infinity
  9.40000000000000002E-002 -0.93000000000000005        0.0000000000000000                      +Infinity
  9.40000000000000002E-002 -0.92600000000000005        0.0000000000000000                      +Infinity
  9.40000000000000002E-002 -0.92200000000000004        0.0000000000000000                      +Infinity
  9.40000000000000002E-002 -0.91800000000000004        0.0000000000000000                      +Infinity
  9.40000000000000002E-002 -0.91400000000000003        0.0000000000000000                      +Infinity
  9.40000000000000002E-002 -0.91000000000000003        0.0000000000000000                      +Infinity
  9.40000000000000002E-002 -0.90600000000000003        0.0000000000000000                      +Infinity
  9.40000000000000002E-002 -0.90200000000000002        0.0000000000000000                      +Infinity
  9.40000000000000002E-002 -0.89800000000000002        0.0000000000000000                      +Infinity
  9.40000000000000002E-002 -0.89400000000000002        0.0000000000000000                      +Infinity
  9.40000000000000002E-002 -0.89000000000000001        0.0000000000000000                      +Infinity
  9.40000000000000002E-002 -0.88600000000000001        0.0000000000000000                      +Infinity
  9.40000000000000002E-002 -0.88200000000000001        0.0000000000000000                      +Infinity
  9.40000000000000002E-002 -0.87800000000000000        0.0000000000000000                      +Infinity
  9.40000000000000002E-002 -0.87400000000000000        0.0000000000000000                      +Infinity
  9.40000000000000002E-002 -0.87000000000000000        0.0000000000000000                      +Infinity
  9.40000000000000002E-002 -0.86599999999999999        0.0000000000000000                      +Infinity
  9.40000000000000002E-002 -0.86199999999999999        0.0000000000000000                      +Infinity
  9.40000000000000002E-002 -0.85799999999999998        0.0000000000000000                      +Infinity
  9.40000000000000002E-002 -0.85399999999999998        0.0000000000000000                      +Infinity
  9.40000000000000002E-002 -0.84999999999999998        0.0000000000000000                      +Infinity
  9.40000000000000002E-002 -0.84599999999999997        0.0000000000000000                      +Infinity
  9.40000000000000002E-002 -0.84199999999999997        0.0000000000000000                      +Infinity
  9.40000000000000002E-002 -0.83799999999999997        0.0000000000000000                      +Infinity
  9.40000000000000002E-002 -0.83399999999999996        0.0000000000000000                      +Infinity
  9.40000000000000002E-002 -0.82999999999999996        0.0000000000000000                      +Infinity
  9.40000000000000002E-002 -0.82599999999999996        0.0000000000000000                      +Infinity
  9.40000000000000002E-002 -0.82199999999999995        0.0000000000000000                      +Infinity
  9.40000000000000002E-002 -0.81799999999999995        0.0000000000000000                      +Infinity
  9.40000000000000002E-002 -0.81399999999999995        0.0000000000000000                      +Infinity
  9.40000000000000002E-002 -0.81000000000000005        0.0000000000000000                      +Infinity
  9.40000000000000002E-002 -0.80600000000000005        0.0000000000000000                      +Infinity
  9.40000000000000002E-002 -0.80200000000000005        0.0000000000000000                      +Infinity
  9.40000000000000002E-002 -0.79800000000000004        0.0000000000000000                      +Infinity
  9.40000000000000002E-002 -0.79400000000000004        0.0000000000000000                      +Infinity
  9.40000000000000002E-002 -0.79000000000000004        0.0000000000000000                      +Infinity
  9.40000000000000002E-002 -0.78600000000000003        0.0000000000000000                      +Infinity
  9.40000000000000002E-002 -0.78200000000000003        0.0000000000000000                      +Infinity
  9.40000000000000002E-002 -0.77800000000000002        0.0000000000000000                      +Infinity
  9.40000000000000002E-002 -0.77400000000000002        0.0000000000000000                      +Infinity
  9.40000000000000002E-002 -0.77000000000000002        0.0000000000000000                      +Infinity
  9.40000000000000002E-002 -0.76600000000000001        0.0000000000000000                      +Infinity
  9.40000000000000002E-002 -0.76200000000000001        0.0000000000000000                      +Infinity
  9.40000000000000002E-002 -0.75800000000000001        0.0000000000000000                      +Infinity
  9.40000000000000002E-002 -0.75400000000000000        0.0000000000000000                      +Infinity
  9.40000000000000002E-002 -0.75000000000000000        0.0000000000000000                      +Infinity
  9.40000000000000002E-002 -0.74600000000000000        0.0000000000000000                      +Infinity
  9.40000000000000002E-002 -0.74199999999999999        0.0000000000000000                      +Infinity
  9.40000000000000002E-002 -0.73799999999999999        0.0000000000000000                      +Infinity
  9.40000000000000002E-002 -0.73399999999999999        0.0000000000000000                      +Infinity
  9.40000000000000002E-002 -0.72999999999999998        0.0000000000000000                      +Infinity
  9.40000000000000002E-002 -0.72599999999999998        0.0000000000000000                      +Infinity
  9.40000000000000002E-002 -0.72199999999999998        0.0000000000000000                      +Infinity
  9.40000000000000002E-002 -0.71799999999999997        0.0000000000000000                      +Infinity
  9.40000000000000002E-002 -0.71399999999999997        0.0000000000000000                      +Infinity
  9.40000000000000002E-002 -0.70999999999999996        0.0000000000000000                      +Infinity
  9.40000000000000002E-002 -0.70599999999999996        0.0000000000000000                      +Infinity
  9.40000000000000002E-002 -0.70199999999999996        0.0000000000000000                      +Infinity
  9.40000000000000002E-002 -0.69799999999999995        0.0000000000000000                      +Infinity
  9.40000000000000002E-002 -0.69399999999999995        0.0000000000000000                      +Infinity
  9.40000000000000002E-002 -0.68999999999999995        0.0000000000000000                      +Infinity
  9.40000000000000002E-002 -0.68600000000000005        0.0000000000000000                      +Infinity
  9.40000000000000002E-002 -0.68200000000000005        0.0000000000000000                      +Infinity
  9.40000000000000002E-002 -0.67800000000000005        0.0000000000000000                      +Infinity
  9.40000000000000002E-002 -0.67400000000000004        0.0000000000000000                      +Infinity
  9.40000000000000002E-002 -0.67000000000000004        0.0000000000000000                      +Infinity
  9.40000000000000002E-002 -0.66600000000000004        0.0000000000000000                      +Infinity
  9.40000000000000002E-002 -0.66200000000000003        0.0000000000000000                      +Infinity
  9.40000000000000002E-002 -0.65800000000000003        0.0000000000000000                      +Infinity
  9.40000000000000002E-002 -0.65400000000000003        0.0000000000000000                      +Infinity
  9.40000000000000002E-002 -0.65000000000000002        0.0000000000000000                      +Infinity
  9.40000000000000002E-002 -0.64600000000000002        0.0000000000000000                      +Infinity
  9.40000000000000002E-002 -0.64200000000000002        0.0000000000000000                      +Infinity
  9.40000000000000002E-002 -0.63800000000000001        0.0000000000000000                      +Infinity
  9.40000000000000002E-002 -0.63400000000000001        0.0000000000000000                      +Infinity
  9.40000000000000002E-002 -0.63000000000000000        0.0000000000000000                      +Infinity
  9.40000000000000002E-002 -0.62600000000000000        0.0000000000000000                      +Infinity
  9.40000000000000002E-002 -0.62200000000000000        0.0000000000000000                      +Infinity
  9.40000000000000002E-002 -0.61799999999999999        0.0000000000000000                      +Infinity
  9.40000000000000002E-002 -0.61399999999999999        0.0000000000000000                      +Infinity
  9.40000000000000002E-002 -0.60999999999999999        0.0000000000000000                      +Infinity
  9.40000000000000002E-002 -0.60599999999999998        0.0000000000000000                      +Infinity
  9.40000000000000002E-002 -0.60199999999999998        0.0000000000000000                      +Infinity
  9.40000000000000002E-002 -0.59799999999999998        0.0000000000000000                      +Infinity
  9.40000000000000002E-002 -0.59399999999999997        0.0000000000000000                      +Infinity
  9.40000000000000002E-002 -0.58999999999999997        0.0000000000000000                      +Infinity
  9.40000000000000002E-002 -0.58599999999999997        0.0000000000000000                      +Infinity
  9.40000000000000002E-002 -0.58199999999999996        0.0000000000000000                      +Infinity
  9.40000000000000002E-002 -0.57799999999999996        0.0000000000000000                      +Infinity
  9.40000000000000002E-002 -0.57399999999999995        0.0000000000000000                      +Infinity
  9.40000000000000002E-002 -0.56999999999999995        0.0000000000000000                      +Infinity
  9.40000000000000002E-002 -0.56599999999999995        0.0000000000000000                      +Infinity
  9.40000000000000002E-002 -0.56200000000000006        0.0000000000000000                      +Infinity
  9.40000000000000002E-002 -0.55800000000000005        0.0000000000000000                      +Infinity
  9.40000000000000002E-002 -0.55400000000000005       7.52000000000000050E-009   18.705699698984663
  9.40000000000000002E-002 -0.55000000000000004       2.57599999999999971E-008   17.474442935710258
  9.40000000000000002E-002 -0.54600000000000004       4.45599999999999967E-008   16.926429241327384
  9.40000000000000002E-002 -0.54200000000000004       8.03200000000000072E-008   16.337247181002994
  9.40000000000000002E-002 -0.53800000000000003       1.40400000000000013E-007   15.778770345354701
  9.40000000000000002E-002 -0.53400000000000003       1.36880000000000019E-007   15.804161207362473
  9.40000000000000002E-002 -0.53000000000000003       2.32560000000000013E-007   15.274117580695791
  9.40000000000000002E-002 -0.52600000000000002       3.42159999999999988E-007   14.887987373027759
  9.40000000000000002E-002 -0.52200000000000002       3.38319999999999975E-007   14.899273643782179
  9.40000000000000002E-002 -0.51800000000000002       3.39599999999999997E-007   14.895497382509220
  9.40000000000000002E-002 -0.51400000000000001       4.33360000000000011E-007   14.651697045596768
  9.40000000000000002E-002 -0.51000000000000001       4.65200000000000010E-007   14.580798416301901
  9.40000000000000002E-002 -0.50600000000000001       5.91440000000000007E-007   14.340705595697566
  9.40000000000000002E-002 -0.50200000000000000       7.03839999999999982E-007   14.166714779346002
  9.40000000000000002E-002 -0.49800000000000000       6.47119999999999934E-007   14.250734088236714
  9.40000000000000002E-002 -0.49399999999999999       7.47999999999999975E-007   14.105862858971934
  9.40000000000000002E-002 -0.48999999999999999       8.62399999999999993E-007   13.963546636791678
  9.40000000000000002E-002 -0.48599999999999999       1.03800000000000006E-006   13.778214773220578
  9.40000000000000002E-002 -0.48199999999999998       1.31055999999999995E-006   13.545056031179119
  9.40000000000000002E-002 -0.47799999999999998       1.76879999999999990E-006   13.245209207403175
  9.40000000000000002E-002 -0.47399999999999998       2.20376000000000014E-006   13.025345565524830
  9.40000000000000002E-002 -0.46999999999999997       2.75648000000000008E-006   12.801556054520720
  9.40000000000000002E-002 -0.46600000000000003       3.53767999999999990E-006   12.552039412897209
  9.40000000000000002E-002 -0.46200000000000002       4.20135999999999987E-006   12.380102275566131
  9.40000000000000002E-002 -0.45800000000000002       4.88192000000000035E-006   12.229971972854521
  9.40000000000000002E-002 -0.45400000000000001       5.35904000000000011E-006   12.136725703400298
  9.40000000000000002E-002 -0.45000000000000001       6.29744000000000031E-006   11.975367356355347
  9.40000000000000002E-002 -0.44600000000000001       7.15696000000000000E-006   11.847425248157343
  9.40000000000000002E-002 -0.44200000000000000       8.59520000000000031E-006   11.664306650057547
  9.40000000000000002E-002 -0.43800000000000000       1.00084799999999994E-005   11.512077824319091
  9.40000000000000002E-002 -0.43400000000000000       1.15073599999999999E-005   11.372523727307730
  9.40000000000000002E-002 -0.42999999999999999       1.33268799999999997E-005   11.225727509684255
  9.40000000000000002E-002 -0.42599999999999999       1.54316800000000020E-005   11.079088018708553
  9.40000000000000002E-002 -0.42199999999999999       1.79877600000000014E-005   10.925819031372974
  9.40000000000000002E-002 -0.41799999999999998       2.02354399999999988E-005   10.808075035370754
  9.40000000000000002E-002 -0.41399999999999998       2.27872799999999998E-005   10.689308072421895
  9.40000000000000002E-002 -0.40999999999999998       2.54443199999999976E-005   10.579018022587908
  9.40000000000000002E-002 -0.40600000000000003       2.91559200000000012E-005   10.442852578308683
  9.40000000000000002E-002 -0.40200000000000002       3.35366400000000029E-005   10.302871985478328
  9.40000000000000002E-002 -0.39800000000000002       3.79006400000000038E-005   10.180542559474933
  9.40000000000000002E-002 -0.39400000000000002       4.30791999999999991E-005   10.052470275950649
  9.40000000000000002E-002 -0.39000000000000001       5.07995199999999950E-005   9.8876236522433754
  9.40000000000000002E-002 -0.38600000000000001       5.79322400000000036E-005   9.7562365062461485
  9.40000000000000002E-002 -0.38200000000000001       6.68471999999999925E-005   9.6131011401102686
  9.40000000000000002E-002 -0.37800000000000000       7.58558400000000025E-005   9.4866758610663862
  9.40000000000000002E-002 -0.37400000000000000       8.39078399999999993E-005   9.3857915042799096
  9.40000000000000002E-002 -0.37000000000000000       9.42281600000000042E-005   9.2697914826262711
  9.40000000000000002E-002 -0.36599999999999999       1.06625440000000007E-004   9.1461884255489867
  9.40000000000000002E-002 -0.36199999999999999       1.17565360000000002E-004   9.0485161237135525
  9.40000000000000002E-002 -0.35799999999999998       1.32599999999999998E-004   8.9281734802125126
  9.40000000000000002E-002 -0.35399999999999998       1.49308960000000000E-004   8.8094928418240137
  9.40000000000000002E-002 -0.34999999999999998       1.67216480000000013E-004   8.6962212975775426
  9.40000000000000002E-002 -0.34599999999999997       1.87791679999999998E-004   8.5801772946209081
  9.40000000000000002E-002 -0.34200000000000003       2.09255760000000014E-004   8.4719533220918262
  9.40000000000000002E-002 -0.33800000000000002       2.31787920000000019E-004   8.3696877423078835
  9.40000000000000002E-002 -0.33400000000000002       2.57735280000000004E-004   8.2635775463003487
  9.40000000000000002E-002 -0.33000000000000002       2.84959519999999976E-004   8.1631634228712819
  9.40000000000000002E-002 -0.32600000000000001       3.12312719999999970E-004   8.0715055644374445
  9.40000000000000002E-002 -0.32200000000000001       3.46474400000000018E-004   7.9677016237375833
  9.40000000000000002E-002 -0.31800000000000000       3.81189919999999995E-004   7.8722128293460161
  9.40000000000000002E-002 -0.31400000000000000       4.18072719999999960E-004   7.7798551692789024
  9.40000000000000002E-002 -0.31000000000000000       4.59095520000000004E-004   7.6862522649793190
  9.40000000000000002E-002 -0.30599999999999999       5.04626400000000017E-004   7.5916922044576385
  9.40000000000000002E-002 -0.30199999999999999       5.55506160000000001E-004   7.4956308598371626
  9.40000000000000002E-002 -0.29799999999999999       6.09884320000000013E-004   7.4022412581249935
  9.40000000000000002E-002 -0.29399999999999998       6.65553520000000025E-004   7.3148915026263932
  9.40000000000000002E-002 -0.28999999999999998       7.22107119999999998E-004   7.2333370644255730
  9.40000000000000002E-002 -0.28599999999999998       7.87590720000000064E-004   7.1465319938994964
  9.40000000000000002E-002 -0.28199999999999997       8.52625199999999936E-004   7.0671904974197073
  9.40000000000000002E-002 -0.27800000000000002       9.21669999999999976E-004   6.9893233160459607
  9.40000000000000002E-002 -0.27400000000000002       1.00194784000000011E-003   6.9058093335626420
  9.40000000000000002E-002 -0.27000000000000002       1.08447528000000007E-003   6.8266590218713761
  9.40000000000000002E-002 -0.26600000000000001       1.16864007999999998E-003   6.7519145309821411
  9.40000000000000002E-002 -0.26200000000000001       1.26371544000000008E-003   6.6736991351845427
  9.40000000000000002E-002 -0.25800000000000001       1.35876327999999999E-003   6.6011803458875651
  9.40000000000000002E-002 -0.25400000000000000       1.46060896000000003E-003   6.5289018343317924
  9.40000000000000002E-002 -0.25000000000000000       1.56212823999999999E-003   6.4617061310626935
  9.40000000000000002E-002 -0.24600000000000000       1.67522024000000018E-003   6.3918106357815443
  9.40000000000000002E-002 -0.24199999999999999       1.79421327999999998E-003   6.3231886372390163
  9.40000000000000002E-002 -0.23799999999999999       1.92412384000000014E-003   6.2532845629056526
  9.40000000000000002E-002 -0.23400000000000001       2.05479903999999979E-003   6.1875772265700251
  9.40000000000000002E-002 -0.23000000000000001       2.18916671999999993E-003   6.1242343007102988
  9.40000000000000002E-002 -0.22600000000000001       2.32843168000000005E-003   6.0625603367496153
  9.40000000000000002E-002 -0.22200000000000000       2.48094983999999977E-003   5.9991137921310242
  9.40000000000000002E-002 -0.21800000000000000       2.63456743999999996E-003   5.9390362698572288
  9.40000000000000002E-002 -0.21400000000000000       2.79454743999999963E-003   5.8800851031953592
  9.40000000000000002E-002 -0.20999999999999999       2.96746519999999993E-003   5.8200471585921791
  9.40000000000000002E-002 -0.20599999999999999       3.13862064000000000E-003   5.7639718622008145
  9.40000000000000002E-002 -0.20200000000000001       3.32149160000000040E-003   5.7073413198400473
  9.40000000000000002E-002 -0.19800000000000001       3.52523943999999987E-003   5.6478069187836528
  9.40000000000000002E-002 -0.19400000000000001       3.71948328000000017E-003   5.5941705235708348
  9.40000000000000002E-002 -0.19000000000000000       3.91167279999999999E-003   5.5437901703893928
  9.40000000000000002E-002 -0.18600000000000000       4.11644032000000031E-003   5.4927664890838326
  9.40000000000000002E-002 -0.18200000000000000       4.32339423999999941E-003   5.4437144815259852
  9.40000000000000002E-002 -0.17799999999999999       4.54081848000000010E-003   5.3946480012393900
  9.40000000000000002E-002 -0.17399999999999999       4.77009960000000007E-003   5.3453880937967373
  9.40000000000000002E-002 -0.17000000000000001       5.00254416000000049E-003   5.2978086639591417
  9.40000000000000002E-002 -0.16600000000000001       5.24016448000000010E-003   5.2514023918288437
  9.40000000000000002E-002 -0.16200000000000001       5.48018519999999947E-003   5.2066163829728342
  9.40000000000000002E-002 -0.15800000000000000       5.72923624000000031E-003   5.1621730485880999
  9.40000000000000002E-002 -0.15400000000000000       5.97096424000000039E-003   5.1208468503817901
  9.40000000000000002E-002 -0.14999999999999999       6.23045504000000003E-003   5.0783059087216644
  9.40000000000000002E-002 -0.14599999999999999       6.47466727999999967E-003   5.0398580580449925
  9.40000000000000002E-002 -0.14199999999999999       6.73400288000000017E-003   5.0005855305629181
  9.40000000000000002E-002 -0.13800000000000001       6.99261431999999988E-003   4.9629007840765036
  9.40000000000000002E-002 -0.13400000000000001       7.24777119999999928E-003   4.9270612780686358
  9.40000000000000002E-002 -0.13000000000000000       7.49060280000000099E-003   4.8941060040505473
  9.40000000000000002E-002 -0.12600000000000000       7.75102999999999990E-003   4.8599295412219261
  9.40000000000000002E-002 -0.12200000000000000       8.01447928000000032E-003   4.8265054632157982
  9.40000000000000002E-002 -0.11799999999999999       8.27443463999999983E-003   4.7945846815031778
  9.40000000000000002E-002 -0.11400000000000000       8.52263240000000061E-003   4.7650300187252785
  9.40000000000000002E-002 -0.11000000000000000       8.77736240000000049E-003   4.7355793264900203
  9.40000000000000002E-002 -0.10600000000000000       9.04092559999999934E-003   4.7059937204389559
  9.40000000000000002E-002 -0.10199999999999999       9.28995223999999967E-003   4.6788218671814459
  9.40000000000000002E-002 -9.80000000000000038E-002  9.53401312000000042E-003   4.6528895460729061
  9.40000000000000002E-002 -9.40000000000000002E-002  9.76684647999999898E-003   4.6287616408752026
  9.40000000000000002E-002 -8.99999999999999967E-002  9.99883703999999984E-003   4.6052864887509957
  9.40000000000000002E-002 -8.59999999999999931E-002  1.02338246399999999E-002   4.5820569037861061
  9.40000000000000002E-002 -8.20000000000000034E-002  1.04543451999999995E-002   4.5607375783833213
  9.40000000000000002E-002 -7.79999999999999999E-002  1.06740799199999993E-002   4.5399369137459686
  9.40000000000000002E-002 -7.39999999999999963E-002  1.08905134399999992E-002   4.5198631953066357
  9.40000000000000002E-002 -7.00000000000000067E-002  1.11095053600000007E-002   4.4999541983739393
  9.40000000000000002E-002 -6.60000000000000031E-002  1.13118575199999995E-002   4.4819037653810767
  9.40000000000000002E-002 -6.19999999999999996E-002  1.14981663199999994E-002   4.4655677067612878
  9.40000000000000002E-002 -5.80000000000000029E-002  1.16758371999999989E-002   4.4502337692186842
  9.40000000000000002E-002 -5.39999999999999994E-002  1.18564570399999989E-002   4.4348826619136501
  9.40000000000000002E-002 -5.00000000000000028E-002  1.20014796000000000E-002   4.4227253367949571
  9.40000000000000002E-002 -4.59999999999999992E-002  1.21448446399999993E-002   4.4108505087053338
  9.40000000000000002E-002 -4.20000000000000026E-002  1.22898618400000010E-002   4.3989805971272675
  9.40000000000000002E-002 -3.79999999999999991E-002  1.24306933599999999E-002   4.3875865938406520
  9.40000000000000002E-002 -3.40000000000000024E-002  1.25467615199999997E-002   4.3782926929191373
  9.40000000000000002E-002 -2.99999999999999989E-002  1.26706779999999995E-002   4.3684647738471956
  9.40000000000000002E-002 -2.59999999999999988E-002  1.27623907200000008E-002   4.3612526581137123
  9.40000000000000002E-002 -2.19999999999999987E-002  1.28422498400000001E-002   4.3550147748859596
  9.40000000000000002E-002 -1.79999999999999986E-002  1.28987630400000004E-002   4.3506238605841876
  9.40000000000000002E-002 -1.40000000000000003E-002  1.29507484799999979E-002   4.3466016948234145
  9.40000000000000002E-002 -1.00000000000000002E-002  1.29884494399999991E-002   4.3436948210901738
  9.40000000000000002E-002 -6.00000000000000012E-003  1.30179207999999991E-002   4.3414283477343014
  9.40000000000000002E-002 -2.00000000000000004E-003  1.30555012799999978E-002   4.3385456800193802
  9.40000000000000002E-002  2.00000000000000004E-003  1.30491194400000014E-002   4.3390346233521022
  9.40000000000000002E-002  6.00000000000000012E-003  1.30027042399999994E-002   4.3425979246919022
  9.40000000000000002E-002  1.00000000000000002E-002  1.29653516800000007E-002   4.3454747350219476
  9.40000000000000002E-002  1.40000000000000003E-002  1.29484718399999997E-002   4.3467775024328894
  9.40000000000000002E-002  1.79999999999999986E-002  1.29026999999999979E-002   4.3503186871896053
  9.40000000000000002E-002  2.19999999999999987E-002  1.28260926399999982E-002   4.3562736954529209
  9.40000000000000002E-002  2.59999999999999988E-002  1.27489155199999992E-002   4.3623090682501777
  9.40000000000000002E-002  2.99999999999999989E-002  1.26611298400000002E-002   4.3692186213824744
  9.40000000000000002E-002  3.40000000000000024E-002  1.25604094399999998E-002   4.3772055197472968
  9.40000000000000002E-002  3.79999999999999991E-002  1.24598256000000001E-002   4.3852457625105128
  9.40000000000000002E-002  4.20000000000000026E-002  1.23473933600000002E-002   4.3943103021528964
  9.40000000000000002E-002  4.59999999999999992E-002  1.22195907199999995E-002   4.4047148184346030
  9.40000000000000002E-002  5.00000000000000028E-002  1.20466440000000004E-002   4.4189691640596003
  9.40000000000000002E-002  5.39999999999999994E-002  1.18744811200000005E-002   4.4333636251739881
  9.40000000000000002E-002  5.80000000000000029E-002  1.16920684000000000E-002   4.4488445815962985
  9.40000000000000002E-002  6.19999999999999996E-002  1.15117311999999999E-002   4.4643886592179731
  9.40000000000000002E-002  6.60000000000000031E-002  1.13384566399999994E-002   4.4795550887102404
  9.40000000000000002E-002  7.00000000000000067E-002  1.11525286399999993E-002   4.4960890229310788
  9.40000000000000002E-002  7.39999999999999963E-002  1.09330483199999995E-002   4.5159651208926155
  9.40000000000000002E-002  7.79999999999999999E-002  1.07313306399999999E-002   4.5345877188446835
  9.40000000000000002E-002  8.20000000000000034E-002  1.04956570400000001E-002   4.5567937226191315
  9.40000000000000002E-002  8.59999999999999931E-002  1.02625779200000000E-002   4.5792512115405755
  9.40000000000000002E-002  8.99999999999999967E-002  1.00313893600000002E-002   4.6020361661626792
  9.40000000000000002E-002  9.40000000000000002E-002  9.80870376000000065E-003   4.6244851486919796
  9.40000000000000002E-002  9.80000000000000038E-002  9.56145943999999956E-003   4.6500149024824795
  9.40000000000000002E-002  0.10199999999999999       9.31363904000000013E-003   4.6762753897359524
  9.40000000000000002E-002  0.10600000000000000       9.05805624000000087E-003   4.7041007249912585
  9.40000000000000002E-002  0.11000000000000000       8.80266472000000057E-003   4.7327007942444865
  9.40000000000000002E-002  0.11400000000000000       8.54220831999999951E-003   4.7627357191290276
  9.40000000000000002E-002  0.11799999999999999       8.29986944000000136E-003   4.7915154944237859
  9.40000000000000002E-002  0.12200000000000000       8.04110696000000062E-003   4.8231885236764631
  9.40000000000000002E-002  0.12600000000000000       7.79111680000000011E-003   4.8547710660887500
  9.40000000000000002E-002  0.13000000000000000       7.52025304000000002E-003   4.8901554926503312
  9.40000000000000002E-002  0.13400000000000001       7.26162664000000024E-003   4.9251514201456077
  9.40000000000000002E-002  0.13800000000000001       7.00471679999999965E-003   4.9611715282759361
  9.40000000000000002E-002  0.14199999999999999       6.74567504000000030E-003   4.9988537142707896
  9.40000000000000002E-002  0.14599999999999999       6.47557263999999980E-003   5.0397182366969604
  9.40000000000000002E-002  0.14999999999999999       6.23475263999999970E-003   5.0776163734518800
  9.40000000000000002E-002  0.15400000000000000       5.98710176000000031E-003   5.1181478303569090
  9.40000000000000002E-002  0.15800000000000000       5.74134608000000015E-003   5.1600615874327298
  9.40000000000000002E-002  0.16200000000000001       5.49831128000000027E-003   5.2033142738901432
  9.40000000000000002E-002  0.16600000000000001       5.25625975999999967E-003   5.2483355774076408
  9.40000000000000002E-002  0.17000000000000001       5.03055496000000008E-003   5.2922249709365179
  9.40000000000000002E-002  0.17399999999999999       4.80980288000000013E-003   5.3370991769932044
  9.40000000000000002E-002  0.17799999999999999       4.58245792000000051E-003   5.3855197610530778
  9.40000000000000002E-002  0.18200000000000000       4.36108503999999963E-003   5.4350343901969795
  9.40000000000000002E-002  0.18600000000000000       4.13759159999999970E-003   5.4876413995512099
  9.40000000000000002E-002  0.19000000000000000       3.92829287999999985E-003   5.5395503291514077
  9.40000000000000002E-002  0.19400000000000001       3.72633319999999971E-003   5.5923305851434346
  9.40000000000000002E-002  0.19800000000000001       3.53419079999999983E-003   5.6452709167287871
  9.40000000000000002E-002  0.20200000000000001       3.35069968000000027E-003   5.6985860952518204
  9.40000000000000002E-002  0.20599999999999999       3.17573864000000004E-003   5.7522150311748721
  9.40000000000000002E-002  0.20999999999999999       3.00620839999999993E-003   5.8070756620437844
  9.40000000000000002E-002  0.21400000000000000       2.83696016000000014E-003   5.8650221662571989
  9.40000000000000002E-002  0.21800000000000000       2.67088159999999972E-003   5.9253466738038805
  9.40000000000000002E-002  0.22200000000000000       2.51020808000000000E-003   5.9873896288760866
  9.40000000000000002E-002  0.22600000000000001       2.36304903999999972E-003   6.0478025277129834
  9.40000000000000002E-002  0.23000000000000001       2.22435528000000009E-003   6.1082881671507474
  9.40000000000000002E-002  0.23400000000000001       2.08378815999999984E-003   6.1735678109295815
  9.40000000000000002E-002  0.23799999999999999       1.95622223999999999E-003   6.2367400941918314
  9.40000000000000002E-002  0.24199999999999999       1.82824072000000023E-003   6.3044011297183422
  9.40000000000000002E-002  0.24600000000000000       1.70582391999999998E-003   6.3737070474316573
  9.40000000000000002E-002  0.25000000000000000       1.59002040000000007E-003   6.4440084326436233
  9.40000000000000002E-002  0.25400000000000000       1.47624008000000009E-003   6.5182569102043226
  9.40000000000000002E-002  0.25800000000000001       1.36922175999999989E-003   6.5935127589425617
  9.40000000000000002E-002  0.26200000000000001       1.26640879999999996E-003   6.6715701005902819
  9.40000000000000002E-002  0.26600000000000001       1.17446439999999998E-003   6.7469430650952278
  9.40000000000000002E-002  0.27000000000000002       1.08949663999999996E-003   6.8220394875678334
  9.40000000000000002E-002  0.27400000000000002       1.00361912000000004E-003   6.9041426922385760
  9.40000000000000002E-002  0.27800000000000002       9.25186320000000065E-004   6.9855154137085220
  9.40000000000000002E-002  0.28199999999999997       8.53393999999999941E-004   7.0662892179358163
  9.40000000000000002E-002  0.28599999999999998       7.88886879999999989E-004   7.1448876187532022
  9.40000000000000002E-002  0.28999999999999998       7.24461919999999930E-004   7.2300813579713559
  9.40000000000000002E-002  0.29399999999999998       6.69363919999999978E-004   7.3091826696536941
  9.40000000000000002E-002  0.29799999999999999       6.12317520000000008E-004   7.3982595864649294
  9.40000000000000002E-002  0.30199999999999999       5.58032079999999978E-004   7.4910941061960834
  9.40000000000000002E-002  0.30599999999999999       5.12953760000000019E-004   7.5753248533082802
  9.40000000000000002E-002  0.31000000000000000       4.70501120000000022E-004   7.6617122184953397
  9.40000000000000002E-002  0.31400000000000000       4.30265599999999976E-004   7.7511078655403898
  9.40000000000000002E-002  0.31800000000000000       3.92793120000000013E-004   7.8422274969123063
  9.40000000000000002E-002  0.32200000000000001       3.57628719999999968E-004   7.9360152046907420
  9.40000000000000002E-002  0.32600000000000001       3.26134559999999990E-004   8.0282005010236492
  9.40000000000000002E-002  0.33000000000000002       2.97447360000000025E-004   8.1202732898109975
  9.40000000000000002E-002  0.33400000000000002       2.69641760000000042E-004   8.2184162947788568
  9.40000000000000002E-002  0.33800000000000002       2.41822960000000003E-004   8.3273046697836186
  9.40000000000000002E-002  0.34200000000000003       2.19935599999999975E-004   8.4221757817376304
  9.40000000000000002E-002  0.34599999999999997       1.99529200000000007E-004   8.5195499664300147
  9.40000000000000002E-002  0.34999999999999998       1.78567359999999998E-004   8.6305446609827996
  9.40000000000000002E-002  0.35399999999999998       1.58069679999999987E-004   8.7524746094965806
  9.40000000000000002E-002  0.35799999999999998       1.43708079999999992E-004   8.8477265382067376
  9.40000000000000002E-002  0.36199999999999999       1.26862959999999978E-004   8.9724031092229097
  9.40000000000000002E-002  0.36599999999999999       1.13400239999999995E-004   9.0845870502707449
  9.40000000000000002E-002  0.37000000000000000       1.00031359999999990E-004   9.2100268211383849
  9.40000000000000002E-002  0.37400000000000000       8.80259200000000085E-005   9.3378792414015184
  9.40000000000000002E-002  0.37800000000000000       7.86281600000000044E-005   9.4507806529722824
  9.40000000000000002E-002  0.38200000000000001       6.98311199999999976E-005   9.5694308022832129
  9.40000000000000002E-002  0.38600000000000001       6.15004799999999970E-005   9.6964655783042115
  9.40000000000000002E-002  0.39000000000000001       5.40723199999999953E-005   9.8251881481485199
  9.40000000000000002E-002  0.39400000000000002       4.75967199999999992E-005   9.9527467066641595
  9.40000000000000002E-002  0.39800000000000002       4.11044799999999978E-005   10.099393439969329
  9.40000000000000002E-002  0.40200000000000002       3.49582400000000029E-005   10.261356351693632
  9.40000000000000002E-002  0.40600000000000003       3.05513599999999975E-005   10.396101356152588
  9.40000000000000002E-002  0.40999999999999998       2.72720000000000025E-005   10.509650023128673
  9.40000000000000002E-002  0.41399999999999998       2.40582399999999989E-005   10.635033000550557
  9.40000000000000002E-002  0.41799999999999998       2.14720000000000004E-005   10.748760797175002
  9.40000000000000002E-002  0.42199999999999999       1.86689600000000009E-005   10.888648306300698
  9.40000000000000002E-002  0.42599999999999999       1.58220800000000008E-005   11.054104125127061
  9.40000000000000002E-002  0.42999999999999999       1.38531199999999993E-005   11.187000079942452
  9.40000000000000002E-002  0.43400000000000000       1.20354399999999994E-005   11.327654927364303
  9.40000000000000002E-002  0.43800000000000000       1.02522399999999993E-005   11.488014339670132
  9.40000000000000002E-002  0.44200000000000000       8.29679999999999991E-006   11.699640659670887
  9.40000000000000002E-002  0.44600000000000001       6.92320000000000005E-006   11.880632467475790
  9.40000000000000002E-002  0.45000000000000001       5.75311999999999973E-006   12.065768241618230
  9.40000000000000002E-002  0.45400000000000001       5.26399999999999991E-006   12.154619363941258
  9.40000000000000002E-002  0.45800000000000002       4.50224000000000011E-006   12.310935507260481
  9.40000000000000002E-002  0.46200000000000002       3.58151999999999963E-006   12.539723266655090
  9.40000000000000002E-002  0.46600000000000003       3.17088000000000029E-006   12.661501406075876
  9.40000000000000002E-002  0.46999999999999997       2.81615999999999999E-006   12.780136303100752
  9.40000000000000002E-002  0.47399999999999998       2.62944000000000002E-006   12.848739662203588
  9.40000000000000002E-002  0.47799999999999998       2.38775999999999999E-006   12.945154869997197
  9.40000000000000002E-002  0.48199999999999998       1.97871999999999992E-006   13.133060386952664
  9.40000000000000002E-002  0.48599999999999999       1.65159999999999999E-006   13.313766042934477
  9.40000000000000002E-002  0.48999999999999999       1.26143999999999995E-006   13.583256632422110
  9.40000000000000002E-002  0.49399999999999999       8.54399999999999922E-007   13.972866368740481
  9.40000000000000002E-002  0.49800000000000000       6.68480000000000014E-007   14.218259358578210
  9.40000000000000002E-002  0.50200000000000000       5.60000000000000038E-007   14.395329053217216
  9.40000000000000002E-002  0.50600000000000001       4.94319999999999995E-007   14.520082756193688
  9.40000000000000002E-002  0.51000000000000001       3.84639999999999982E-007   14.770958005039622
  9.40000000000000002E-002  0.51400000000000001       2.72639999999999985E-007   15.115113593305461
  9.40000000000000002E-002  0.51800000000000002       1.86960000000000001E-007   15.492371146715808
  9.40000000000000002E-002  0.52200000000000002       1.63279999999999990E-007   15.627799318444822
  9.40000000000000002E-002  0.52600000000000002       2.24479999999999983E-007   15.309479220592261
  9.40000000000000002E-002  0.53000000000000003       1.98400000000000003E-007   15.432980642095639
  9.40000000000000002E-002  0.53400000000000003       1.37520000000000003E-007   15.799496475871818
  9.40000000000000002E-002  0.53800000000000003       1.07119999999999996E-007   16.049316135563494
  9.40000000000000002E-002  0.54200000000000004       6.83200000000000056E-008   16.499063287466097
  9.40000000000000002E-002  0.54600000000000004       4.45599999999999967E-008   16.926429241327384
  9.40000000000000002E-002  0.55000000000000004       8.88000000000000077E-009   18.539464279942333
  9.40000000000000002E-002  0.55400000000000005       1.24799999999999999E-008   18.199138474005128
  9.40000000000000002E-002  0.55800000000000005       1.20799999999999996E-008   18.231714644439741
  9.40000000000000002E-002  0.56200000000000006       1.47200000000000005E-008   18.034058723645682
  9.40000000000000002E-002  0.56599999999999995       1.98400000000000010E-008   17.735565735089683
  9.40000000000000002E-002  0.56999999999999995       2.89599999999999993E-008   17.357350269428895
  9.40000000000000002E-002  0.57399999999999995       2.51199999999999993E-008   17.499601495346415
  9.40000000000000002E-002  0.57799999999999996       4.96000000000000008E-008   16.819275003215530
  9.40000000000000002E-002  0.58199999999999996       2.97600000000000031E-008   17.330100626981519
  9.40000000000000002E-002  0.58599999999999997       2.20799999999999999E-008   17.628593615537518
  9.40000000000000002E-002  0.58999999999999997       4.02400000000000017E-008   17.028404311154926
  9.40000000000000002E-002  0.59399999999999997       2.78399999999999998E-008   17.396792001480193
  9.40000000000000002E-002  0.59799999999999998       2.43199999999999987E-008   17.531966779848446
  9.40000000000000002E-002  0.60199999999999998       7.99999999999999952E-011   23.248994481254666
  9.40000000000000002E-002  0.60599999999999998        0.0000000000000000                      +Infinity
  9.40000000000000002E-002  0.60999999999999999        0.0000000000000000                      +Infinity
  9.40000000000000002E-002  0.61399999999999999        0.0000000000000000                      +Infinity
  9.40000000000000002E-002  0.61799999999999999        0.0000000000000000                      +Infinity
  9.40000000000000002E-002  0.62200000000000000        0.0000000000000000                      +Infinity
  9.40000000000000002E-002  0.62600000000000000        0.0000000000000000                      +Infinity
  9.40000000000000002E-002  0.63000000000000000        0.0000000000000000                      +Infinity
  9.40000000000000002E-002  0.63400000000000001        0.0000000000000000                      +Infinity
  9.40000000000000002E-002  0.63800000000000001        0.0000000000000000                      +Infinity
  9.40000000000000002E-002  0.64200000000000002        0.0000000000000000                      +Infinity
  9.40000000000000002E-002  0.64600000000000002        0.0000000000000000                      +Infinity
  9.40000000000000002E-002  0.65000000000000002        0.0000000000000000                      +Infinity
  9.40000000000000002E-002  0.65400000000000003        0.0000000000000000                      +Infinity
  9.40000000000000002E-002  0.65800000000000003        0.0000000000000000                      +Infinity
  9.40000000000000002E-002  0.66200000000000003        0.0000000000000000                      +Infinity
  9.40000000000000002E-002  0.66600000000000004        0.0000000000000000                      +Infinity
  9.40000000000000002E-002  0.67000000000000004        0.0000000000000000                      +Infinity
  9.40000000000000002E-002  0.67400000000000004        0.0000000000000000                      +Infinity
  9.40000000000000002E-002  0.67800000000000005        0.0000000000000000                      +Infinity
  9.40000000000000002E-002  0.68200000000000005        0.0000000000000000                      +Infinity
  9.40000000000000002E-002  0.68600000000000005        0.0000000000000000                      +Infinity
  9.40000000000000002E-002  0.68999999999999995        0.0000000000000000                      +Infinity
  9.40000000000000002E-002  0.69399999999999995        0.0000000000000000                      +Infinity
  9.40000000000000002E-002  0.69799999999999995        0.0000000000000000                      +Infinity
  9.40000000000000002E-002  0.70199999999999996        0.0000000000000000                      +Infinity
  9.40000000000000002E-002  0.70599999999999996        0.0000000000000000                      +Infinity
  9.40000000000000002E-002  0.70999999999999996        0.0000000000000000                      +Infinity
  9.40000000000000002E-002  0.71399999999999997        0.0000000000000000                      +Infinity
  9.40000000000000002E-002  0.71799999999999997        0.0000000000000000                      +Infinity
  9.40000000000000002E-002  0.72199999999999998        0.0000000000000000                      +Infinity
  9.40000000000000002E-002  0.72599999999999998        0.0000000000000000                      +Infinity
  9.40000000000000002E-002  0.72999999999999998        0.0000000000000000                      +Infinity
  9.40000000000000002E-002  0.73399999999999999        0.0000000000000000                      +Infinity
  9.40000000000000002E-002  0.73799999999999999        0.0000000000000000                      +Infinity
  9.40000000000000002E-002  0.74199999999999999        0.0000000000000000                      +Infinity
  9.40000000000000002E-002  0.74600000000000000        0.0000000000000000                      +Infinity
  9.40000000000000002E-002  0.75000000000000000        0.0000000000000000                      +Infinity
  9.40000000000000002E-002  0.75400000000000000        0.0000000000000000                      +Infinity
  9.40000000000000002E-002  0.75800000000000001        0.0000000000000000                      +Infinity
  9.40000000000000002E-002  0.76200000000000001        0.0000000000000000                      +Infinity
  9.40000000000000002E-002  0.76600000000000001        0.0000000000000000                      +Infinity
  9.40000000000000002E-002  0.77000000000000002        0.0000000000000000                      +Infinity
  9.40000000000000002E-002  0.77400000000000002        0.0000000000000000                      +Infinity
  9.40000000000000002E-002  0.77800000000000002        0.0000000000000000                      +Infinity
  9.40000000000000002E-002  0.78200000000000003        0.0000000000000000                      +Infinity
  9.40000000000000002E-002  0.78600000000000003        0.0000000000000000                      +Infinity
  9.40000000000000002E-002  0.79000000000000004        0.0000000000000000                      +Infinity
  9.40000000000000002E-002  0.79400000000000004        0.0000000000000000                      +Infinity
  9.40000000000000002E-002  0.79800000000000004        0.0000000000000000                      +Infinity
  9.40000000000000002E-002  0.80200000000000005        0.0000000000000000                      +Infinity
  9.40000000000000002E-002  0.80600000000000005        0.0000000000000000                      +Infinity
  9.40000000000000002E-002  0.81000000000000005        0.0000000000000000                      +Infinity
  9.40000000000000002E-002  0.81399999999999995        0.0000000000000000                      +Infinity
  9.40000000000000002E-002  0.81799999999999995        0.0000000000000000                      +Infinity
  9.40000000000000002E-002  0.82199999999999995        0.0000000000000000                      +Infinity
  9.40000000000000002E-002  0.82599999999999996        0.0000000000000000                      +Infinity
  9.40000000000000002E-002  0.82999999999999996        0.0000000000000000                      +Infinity
  9.40000000000000002E-002  0.83399999999999996        0.0000000000000000                      +Infinity
  9.40000000000000002E-002  0.83799999999999997        0.0000000000000000                      +Infinity
  9.40000000000000002E-002  0.84199999999999997        0.0000000000000000                      +Infinity
  9.40000000000000002E-002  0.84599999999999997        0.0000000000000000                      +Infinity
  9.40000000000000002E-002  0.84999999999999998        0.0000000000000000                      +Infinity
  9.40000000000000002E-002  0.85399999999999998        0.0000000000000000                      +Infinity
  9.40000000000000002E-002  0.85799999999999998        0.0000000000000000                      +Infinity
  9.40000000000000002E-002  0.86199999999999999        0.0000000000000000                      +Infinity
  9.40000000000000002E-002  0.86599999999999999        0.0000000000000000                      +Infinity
  9.40000000000000002E-002  0.87000000000000000        0.0000000000000000                      +Infinity
  9.40000000000000002E-002  0.87400000000000000        0.0000000000000000                      +Infinity
  9.40000000000000002E-002  0.87800000000000000        0.0000000000000000                      +Infinity
  9.40000000000000002E-002  0.88200000000000001        0.0000000000000000                      +Infinity
  9.40000000000000002E-002  0.88600000000000001        0.0000000000000000                      +Infinity
  9.40000000000000002E-002  0.89000000000000001        0.0000000000000000                      +Infinity
  9.40000000000000002E-002  0.89400000000000002        0.0000000000000000                      +Infinity
  9.40000000000000002E-002  0.89800000000000002        0.0000000000000000                      +Infinity
  9.40000000000000002E-002  0.90200000000000002        0.0000000000000000                      +Infinity
  9.40000000000000002E-002  0.90600000000000003        0.0000000000000000                      +Infinity
  9.40000000000000002E-002  0.91000000000000003        0.0000000000000000                      +Infinity
  9.40000000000000002E-002  0.91400000000000003        0.0000000000000000                      +Infinity
  9.40000000000000002E-002  0.91800000000000004        0.0000000000000000                      +Infinity
  9.40000000000000002E-002  0.92200000000000004        0.0000000000000000                      +Infinity
  9.40000000000000002E-002  0.92600000000000005        0.0000000000000000                      +Infinity
  9.40000000000000002E-002  0.93000000000000005        0.0000000000000000                      +Infinity
  9.40000000000000002E-002  0.93400000000000005        0.0000000000000000                      +Infinity
  9.40000000000000002E-002  0.93799999999999994        0.0000000000000000                      +Infinity
  9.40000000000000002E-002  0.94199999999999995        0.0000000000000000                      +Infinity
  9.40000000000000002E-002  0.94599999999999995        0.0000000000000000                      +Infinity
  9.40000000000000002E-002  0.94999999999999996        0.0000000000000000                      +Infinity
  9.40000000000000002E-002  0.95399999999999996        0.0000000000000000                      +Infinity
  9.40000000000000002E-002  0.95799999999999996        0.0000000000000000                      +Infinity
  9.40000000000000002E-002  0.96199999999999997        0.0000000000000000                      +Infinity
  9.40000000000000002E-002  0.96599999999999997        0.0000000000000000                      +Infinity
  9.40000000000000002E-002  0.96999999999999997        0.0000000000000000                      +Infinity
  9.40000000000000002E-002  0.97399999999999998        0.0000000000000000                      +Infinity
  9.40000000000000002E-002  0.97799999999999998        0.0000000000000000                      +Infinity
  9.40000000000000002E-002  0.98199999999999998        0.0000000000000000                      +Infinity
  9.40000000000000002E-002  0.98599999999999999        0.0000000000000000                      +Infinity
  9.40000000000000002E-002  0.98999999999999999        0.0000000000000000                      +Infinity
  9.40000000000000002E-002  0.99399999999999999        0.0000000000000000                      +Infinity
  9.40000000000000002E-002  0.99800000000000000        0.0000000000000000                      +Infinity
