  4.00000000000000008E-003 -0.99800000000000000        0.0000000000000000                      +Infinity
  4.00000000000000008E-003 -0.99399999999999999        0.0000000000000000                      +Infinity
  4.00000000000000008E-003 -0.98999999999999999        0.0000000000000000                      +Infinity
  4.00000000000000008E-003 -0.98599999999999999        0.0000000000000000                      +Infinity
  4.00000000000000008E-003 -0.98199999999999998        0.0000000000000000                      +Infinity
  4.00000000000000008E-003 -0.97799999999999998        0.0000000000000000                      +Infinity
  4.00000000000000008E-003 -0.97399999999999998        0.0000000000000000                      +Infinity
  4.00000000000000008E-003 -0.96999999999999997        0.0000000000000000                      +Infinity
  4.00000000000000008E-003 -0.96599999999999997        0.0000000000000000                      +Infinity
  4.00000000000000008E-003 -0.96199999999999997        0.0000000000000000                      +Infinity
  4.00000000000000008E-003 -0.95799999999999996        0.0000000000000000                      +Infinity
  4.00000000000000008E-003 -0.95399999999999996        0.0000000000000000                      +Infinity
  4.00000000000000008E-003 -0.94999999999999996        0.0000000000000000                      +Infinity
  4.00000000000000008E-003 -0.94599999999999995        0.0000000000000000                      +Infinity
  4.00000000000000008E-003 -0.94199999999999995        0.0000000000000000                      +Infinity
  4.00000000000000008E-003 -0.93799999999999994        0.0000000000000000                      +Infinity
  4.00000000000000008E-003 -0.93400000000000005        0.0000000000000000                      +Infinity
  4.00000000000000008E-003 -0.93000000000000005        0.0000000000000000                      +Infinity
  4.00000000000000008E-003 -0.92600000000000005        0.0000000000000000                      +Infinity
  4.00000000000000008E-003 -0.92200000000000004        0.0000000000000000                      +Infinity
  4.00000000000000008E-003 -0.91800000000000004        0.0000000000000000                      +Infinity
  4.00000000000000008E-003 -0.91400000000000003        0.0000000000000000                      +Infinity
  4.00000000000000008E-003 -0.91000000000000003        0.0000000000000000                      +Infinity
  4.00000000000000008E-003 -0.90600000000000003        0.0000000000000000                      +Infinity
  4.00000000000000008E-003 -0.90200000000000002        0.0000000000000000                      +Infinity
  4.00000000000000008E-003 -0.89800000000000002        0.0000000000000000                      +Infinity
  4.00000000000000008E-003 -0.89400000000000002        0.0000000000000000                      +Infinity
  4.00000000000000008E-003 -0.89000000000000001        0.0000000000000000                      +Infinity
  4.00000000000000008E-003 -0.88600000000000001        0.0000000000000000                      +Infinity
  4.00000000000000008E-003 -0.88200000000000001        0.0000000000000000                      +Infinity
  4.00000000000000008E-003 -0.87800000000000000        0.0000000000000000                      +Infinity
  4.00000000000000008E-003 -0.87400000000000000        0.0000000000000000                      +Infinity
  4.00000000000000008E-003 -0.87000000000000000        0.0000000000000000                      +Infinity
  4.00000000000000008E-003 -0.86599999999999999        0.0000000000000000                      +Infinity
  4.00000000000000008E-003 -0.86199999999999999        0.0000000000000000                      +Infinity
  4.00000000000000008E-003 -0.85799999999999998        0.0000000000000000                      +Infinity
  4.00000000000000008E-003 -0.85399999999999998        0.0000000000000000                      +Infinity
  4.00000000000000008E-003 -0.84999999999999998        0.0000000000000000                      +Infinity
  4.00000000000000008E-003 -0.84599999999999997       6.79999999999999968E-009   18.806343224764351
  4.00000000000000008E-003 -0.84199999999999997       6.80000000000000001E-008   16.503758131770304
  4.00000000000000008E-003 -0.83799999999999997       1.29840000000000003E-007   15.856962913740075
  4.00000000000000008E-003 -0.83399999999999996       1.59200000000000023E-007   15.653104563536129
  4.00000000000000008E-003 -0.82999999999999996       1.29120000000000007E-007   15.862523632424772
  4.00000000000000008E-003 -0.82599999999999996       1.86640000000000009E-007   15.494084209233236
  4.00000000000000008E-003 -0.82199999999999995       2.13760000000000003E-007   15.358411946598130
  4.00000000000000008E-003 -0.81799999999999995       3.14400000000000009E-007   14.972599776391359
  4.00000000000000008E-003 -0.81399999999999995       4.66480000000000032E-007   14.578050690032510
  4.00000000000000008E-003 -0.81000000000000005       6.11039999999999998E-007   14.308103413469205
  4.00000000000000008E-003 -0.80600000000000005       7.49520000000000004E-007   14.103832835303479
  4.00000000000000008E-003 -0.80200000000000005       1.20143999999999988E-006   13.631989720594838
  4.00000000000000008E-003 -0.79800000000000004       1.98200000000000025E-006   13.131404122056479
  4.00000000000000008E-003 -0.79400000000000004       2.34815999999999998E-006   12.961878515219549
  4.00000000000000008E-003 -0.79000000000000004       3.20920000000000012E-006   12.649488873066911
  4.00000000000000008E-003 -0.78600000000000003       3.86304000000000037E-006   12.464056119687092
  4.00000000000000008E-003 -0.78200000000000003       5.77391999999999960E-006   12.062159332032540
  4.00000000000000008E-003 -0.77800000000000002       7.35664000000000026E-006   11.819907251200394
  4.00000000000000008E-003 -0.77400000000000002       9.38831999999999925E-006   11.576044194489095
  4.00000000000000008E-003 -0.77000000000000002       1.17239199999999994E-005   11.353879358748598
  4.00000000000000008E-003 -0.76600000000000001       1.55437600000000024E-005   11.071851286049506
  4.00000000000000008E-003 -0.76200000000000001       2.04964800000000013E-005   10.795257393880373
  4.00000000000000008E-003 -0.75800000000000001       2.52623199999999984E-005   10.586196600445470
  4.00000000000000008E-003 -0.75400000000000000       2.99383200000000024E-005   10.416371292771590
  4.00000000000000008E-003 -0.75000000000000000       3.57365600000000033E-005   10.239336303564885
  4.00000000000000008E-003 -0.74600000000000000       4.23877600000000050E-005   10.068650916647519
  4.00000000000000008E-003 -0.74199999999999999       4.83156800000000009E-005   9.9377544123079975
  4.00000000000000008E-003 -0.73799999999999999       5.59977599999999983E-005   9.7901988680291456
  4.00000000000000008E-003 -0.73399999999999999       6.67737600000000049E-005   9.6142003689647062
  4.00000000000000008E-003 -0.72999999999999998       7.73659199999999987E-005   9.4669641844110579
  4.00000000000000008E-003 -0.72599999999999998       8.74061599999999939E-005   9.3449447972372219
  4.00000000000000008E-003 -0.72199999999999998       1.01645600000000008E-004   9.1940183046113297
  4.00000000000000008E-003 -0.71799999999999997       1.17713040000000006E-004   9.0472607596903831
  4.00000000000000008E-003 -0.71399999999999997       1.34488479999999997E-004   8.9140320131482191
  4.00000000000000008E-003 -0.70999999999999996       1.51266239999999988E-004   8.7964690949164464
  4.00000000000000008E-003 -0.70599999999999996       1.70176719999999988E-004   8.6786731314387922
  4.00000000000000008E-003 -0.70199999999999996       1.91443200000000004E-004   8.5609193990838826
  4.00000000000000008E-003 -0.69799999999999995       2.11294320000000022E-004   8.4622585149151170
  4.00000000000000008E-003 -0.69399999999999995       2.32165119999999979E-004   8.3680617153155463
  4.00000000000000008E-003 -0.68999999999999995       2.56476080000000008E-004   8.2684751530626244
  4.00000000000000008E-003 -0.68600000000000005       2.82235840000000042E-004   8.1727675244834952
  4.00000000000000008E-003 -0.68200000000000005       3.08415920000000045E-004   8.0840612963363547
  4.00000000000000008E-003 -0.67800000000000005       3.39110399999999971E-004   7.9891848398839276
  4.00000000000000008E-003 -0.67400000000000004       3.70963039999999981E-004   7.8994081229610131
  4.00000000000000008E-003 -0.67000000000000004       4.07265679999999964E-004   7.8060448090747512
  4.00000000000000008E-003 -0.66600000000000004       4.37890400000000052E-004   7.7335419072106575
  4.00000000000000008E-003 -0.66200000000000003       4.71463039999999985E-004   7.6596698470862830
  4.00000000000000008E-003 -0.65800000000000003       5.09115040000000037E-004   7.5828365551627481
  4.00000000000000008E-003 -0.65400000000000003       5.40989840000000079E-004   7.5221100593311085
  4.00000000000000008E-003 -0.65000000000000002       5.75772000000000003E-004   7.4597988089644094
  4.00000000000000008E-003 -0.64600000000000002       6.11318080000000023E-004   7.3998931450541887
  4.00000000000000008E-003 -0.64200000000000002       6.47280399999999997E-004   7.3427309724942962
  4.00000000000000008E-003 -0.63800000000000001       6.86249759999999994E-004   7.2842689148673712
  4.00000000000000008E-003 -0.63400000000000001       7.26111679999999981E-004   7.2278067257688745
  4.00000000000000008E-003 -0.63000000000000000       7.68014560000000062E-004   7.1717018666629757
  4.00000000000000008E-003 -0.62600000000000000       8.05995519999999871E-004   7.1234323737857483
  4.00000000000000008E-003 -0.62200000000000000       8.46017119999999969E-004   7.0749709621561845
  4.00000000000000008E-003 -0.61799999999999999       8.85410639999999931E-004   7.0294590205710570
  4.00000000000000008E-003 -0.61399999999999999       9.29171599999999891E-004   6.9812171214610643
  4.00000000000000008E-003 -0.60999999999999999       9.75740640000000051E-004   6.9323137445706200
  4.00000000000000008E-003 -0.60599999999999998       1.02020511999999989E-003   6.8877515738642421
  4.00000000000000008E-003 -0.60199999999999998       1.05657055999999988E-003   6.8527269365788914
  4.00000000000000008E-003 -0.59799999999999998       1.10753584000000010E-003   6.8056176953947798
  4.00000000000000008E-003 -0.59399999999999997       1.14967927999999999E-003   6.7682722624596989
  4.00000000000000008E-003 -0.58999999999999997       1.19293543999999998E-003   6.7313382530054335
  4.00000000000000008E-003 -0.58599999999999997       1.23028232000000010E-003   6.7005116074801521
  4.00000000000000008E-003 -0.58199999999999996       1.27629695999999996E-003   6.6637923938636021
  4.00000000000000008E-003 -0.57799999999999996       1.32166536000000016E-003   6.6288627012146177
  4.00000000000000008E-003 -0.57399999999999995       1.35899959999999983E-003   6.6010064381472429
  4.00000000000000008E-003 -0.56999999999999995       1.39863168000000011E-003   6.5722608917283916
  4.00000000000000008E-003 -0.56599999999999995       1.44233319999999992E-003   6.5414931988503042
  4.00000000000000008E-003 -0.56200000000000006       1.49046615999999998E-003   6.5086663488945575
  4.00000000000000008E-003 -0.55800000000000005       1.53347583999999997E-003   6.4802183293433364
  4.00000000000000008E-003 -0.55400000000000005       1.57863920000000002E-003   6.4511920688685489
  4.00000000000000008E-003 -0.55000000000000004       1.62676951999999979E-003   6.4211591202758953
  4.00000000000000008E-003 -0.54600000000000004       1.67603432000000010E-003   6.3913247998049343
  4.00000000000000008E-003 -0.54200000000000004       1.72082136000000006E-003   6.3649535672565509
  4.00000000000000008E-003 -0.53800000000000003       1.76315768000000011E-003   6.3406489411086087
  4.00000000000000008E-003 -0.53400000000000003       1.80895815999999984E-003   6.3150042016368957
  4.00000000000000008E-003 -0.53000000000000003       1.84873007999999993E-003   6.2932563188451836
  4.00000000000000008E-003 -0.52600000000000002       1.87738720000000018E-003   6.2778742560243286
  4.00000000000000008E-003 -0.52200000000000002       1.92249400000000007E-003   6.2541319775256259
  4.00000000000000008E-003 -0.51800000000000002       1.96189503999999980E-003   6.2338444157021629
  4.00000000000000008E-003 -0.51400000000000001       2.00112864000000007E-003   6.2140439375908443
  4.00000000000000008E-003 -0.51000000000000001       2.04076072000000013E-003   6.1944326386758837
  4.00000000000000008E-003 -0.50600000000000001       2.08486935999999991E-003   6.1730490827687490
  4.00000000000000008E-003 -0.50200000000000000       2.12303304000000014E-003   6.1549095334994055
  4.00000000000000008E-003 -0.49800000000000000       2.16707791999999969E-003   6.1343755995293794
  4.00000000000000008E-003 -0.49399999999999999       2.20580983999999966E-003   6.1166605631356354
  4.00000000000000008E-003 -0.48999999999999999       2.24692303999999990E-003   6.0981935364767530
  4.00000000000000008E-003 -0.48599999999999999       2.29479824000000015E-003   6.0771103521882202
  4.00000000000000008E-003 -0.48199999999999998       2.33324688000000014E-003   6.0604944707099255
  4.00000000000000008E-003 -0.47799999999999998       2.37557631999999993E-003   6.0425152098803325
  4.00000000000000008E-003 -0.47399999999999998       2.42024335999999974E-003   6.0238871818860886
  4.00000000000000008E-003 -0.46999999999999997       2.45223728000000009E-003   6.0107544956063981
  4.00000000000000008E-003 -0.46600000000000003       2.48437367999999967E-003   5.9977346914424734
  4.00000000000000008E-003 -0.46200000000000002       2.51326671999999984E-003   5.9861718899603984
  4.00000000000000008E-003 -0.45800000000000002       2.54807656000000018E-003   5.9724164946278639
  4.00000000000000008E-003 -0.45400000000000001       2.57722928000000007E-003   5.9610403795971658
  4.00000000000000008E-003 -0.45000000000000001       2.60656199999999977E-003   5.9497231673518840
  4.00000000000000008E-003 -0.44600000000000001       2.64098855999999986E-003   5.9366019773690644
  4.00000000000000008E-003 -0.44200000000000000       2.67443583999999986E-003   5.9240168218114766
  4.00000000000000008E-003 -0.43800000000000000       2.70357360000000012E-003   5.9131808255438507
  4.00000000000000008E-003 -0.43400000000000000       2.73137696000000027E-003   5.9029494159902045
  4.00000000000000008E-003 -0.42999999999999999       2.75981096000000019E-003   5.8925930943524376
  4.00000000000000008E-003 -0.42599999999999999       2.78958463999999995E-003   5.8818625687837498
  4.00000000000000008E-003 -0.42199999999999999       2.81670640000000012E-003   5.8721870198717845
  4.00000000000000008E-003 -0.41799999999999998       2.84304184000000026E-003   5.8628807295731660
  4.00000000000000008E-003 -0.41399999999999998       2.86774263999999999E-003   5.8542300952781634
  4.00000000000000008E-003 -0.40999999999999998       2.90902552000000007E-003   5.8399371267334041
  4.00000000000000008E-003 -0.40600000000000003       2.94506752000000009E-003   5.8276235351464996
  4.00000000000000008E-003 -0.40200000000000002       2.97354495999999991E-003   5.8180004487032484
  4.00000000000000008E-003 -0.39800000000000002       3.00740192000000005E-003   5.8066787224510401
  4.00000000000000008E-003 -0.39400000000000002       3.03767839999999996E-003   5.7966617395298687
  4.00000000000000008E-003 -0.39000000000000001       3.05868975999999985E-003   5.7897686377209032
  4.00000000000000008E-003 -0.38600000000000001       3.08909711999999980E-003   5.7798764249442760
  4.00000000000000008E-003 -0.38200000000000001       3.11938655999999996E-003   5.7701189118767005
  4.00000000000000008E-003 -0.37800000000000000       3.14665624000000019E-003   5.7614149010576492
  4.00000000000000008E-003 -0.37400000000000000       3.17676744000000002E-003   5.7518911275072364
  4.00000000000000008E-003 -0.37000000000000000       3.19528080000000027E-003   5.7460803076905593
  4.00000000000000008E-003 -0.36599999999999999       3.22306191999999995E-003   5.7374234644190176
  4.00000000000000008E-003 -0.36199999999999999       3.23604544000000030E-003   5.7334032378572859
  4.00000000000000008E-003 -0.35799999999999998       3.25154656000000005E-003   5.7286245312127662
  4.00000000000000008E-003 -0.35399999999999998       3.26589976000000006E-003   5.7242199768828268
  4.00000000000000008E-003 -0.34999999999999998       3.28941704000000005E-003   5.7170449213944847
  4.00000000000000008E-003 -0.34599999999999997       3.30759488000000003E-003   5.7115339760676358
  4.00000000000000008E-003 -0.34200000000000003       3.32857279999999997E-003   5.7052116554487133
  4.00000000000000008E-003 -0.33800000000000002       3.35304975999999987E-003   5.6978849711667685
  4.00000000000000008E-003 -0.33400000000000002       3.36069504000000019E-003   5.6956074692561556
  4.00000000000000008E-003 -0.33000000000000002       3.38787200000000011E-003   5.6875532833074436
  4.00000000000000008E-003 -0.32600000000000001       3.40528016000000034E-003   5.6824280637639246
  4.00000000000000008E-003 -0.32200000000000001       3.43795191999999965E-003   5.6728793569941960
  4.00000000000000008E-003 -0.31800000000000000       3.46089983999999960E-003   5.6662266543605169
  4.00000000000000008E-003 -0.31400000000000000       3.48300703999999961E-003   5.6598592663542631
  4.00000000000000008E-003 -0.31000000000000000       3.50258576000000033E-003   5.6542537946852791
  4.00000000000000008E-003 -0.30599999999999999       3.51404031999999998E-003   5.6509888151794732
  4.00000000000000008E-003 -0.30199999999999999       3.53515048000000017E-003   5.6449994119399012
  4.00000000000000008E-003 -0.29799999999999999       3.56504392000000017E-003   5.6365789054161697
  4.00000000000000008E-003 -0.29399999999999998       3.58950472000000003E-003   5.6297410470022298
  4.00000000000000008E-003 -0.28999999999999998       3.60435184000000054E-003   5.6256133191397772
  4.00000000000000008E-003 -0.28599999999999998       3.60786463999999973E-003   5.6246391941152378
  4.00000000000000008E-003 -0.28199999999999997       3.60538576000000001E-003   5.6253265070352452
  4.00000000000000008E-003 -0.27800000000000002       3.62075255999999958E-003   5.6210733852477235
  4.00000000000000008E-003 -0.27400000000000002       3.63897503999999986E-003   5.6160532194028425
  4.00000000000000008E-003 -0.27000000000000002       3.65656623999999989E-003   5.6112307577329572
  4.00000000000000008E-003 -0.26600000000000001       3.65784999999999982E-003   5.6108797358684486
  4.00000000000000008E-003 -0.26200000000000001       3.68477183999999999E-003   5.6035466711328734
  4.00000000000000008E-003 -0.25800000000000001       3.69269439999999997E-003   5.6013988976866020
  4.00000000000000008E-003 -0.25400000000000000       3.69861032000000020E-003   5.5997981190724326
  4.00000000000000008E-003 -0.25000000000000000       3.71035136000000005E-003   5.5966287006476811
  4.00000000000000008E-003 -0.24600000000000000       3.71648560000000005E-003   5.5949767884196433
  4.00000000000000008E-003 -0.24199999999999999       3.72983112000000025E-003   5.5913923224908180
  4.00000000000000008E-003 -0.23799999999999999       3.73558392000000001E-003   5.5898511352673683
  4.00000000000000008E-003 -0.23400000000000001       3.75234752000000015E-003   5.5853736295260878
  4.00000000000000008E-003 -0.23000000000000001       3.76061272000000014E-003   5.5831733774096479
  4.00000000000000008E-003 -0.22600000000000001       3.77090912000000019E-003   5.5804391607046195
  4.00000000000000008E-003 -0.22200000000000000       3.78141896000000000E-003   5.5776559535470431
  4.00000000000000008E-003 -0.21800000000000000       3.78384991999999995E-003   5.5770132903126681
  4.00000000000000008E-003 -0.21400000000000000       3.79892735999999955E-003   5.5730365257807231
  4.00000000000000008E-003 -0.20999999999999999       3.81377296000000006E-003   5.5691363016303104
  4.00000000000000008E-003 -0.20599999999999999       3.82184712000000013E-003   5.5670214339640767
  4.00000000000000008E-003 -0.20200000000000001       3.83326447999999967E-003   5.5640384941814869
  4.00000000000000008E-003 -0.19800000000000001       3.83244576000000029E-003   5.5642520999603331
  4.00000000000000008E-003 -0.19400000000000001       3.83440879999999993E-003   5.5637400151079248
  4.00000000000000008E-003 -0.19000000000000000       3.83386848000000008E-003   5.5638809385464398
  4.00000000000000008E-003 -0.18600000000000000       3.84930167999999974E-003   5.5598635289522971
  4.00000000000000008E-003 -0.18200000000000000       3.86143896000000009E-003   5.5567153774086506
  4.00000000000000008E-003 -0.17799999999999999       3.87245440000000014E-003   5.5538667610815082
  4.00000000000000008E-003 -0.17399999999999999       3.88143871999999980E-003   5.5515493899541024
  4.00000000000000008E-003 -0.17000000000000001       3.89325344000000014E-003   5.5485101110086603
  4.00000000000000008E-003 -0.16600000000000001       3.89758640000000033E-003   5.5473977892216038
  4.00000000000000008E-003 -0.16200000000000001       3.89673415999999958E-003   5.5476164715292757
  4.00000000000000008E-003 -0.15800000000000000       3.90366792000000021E-003   5.5458386755246334
  4.00000000000000008E-003 -0.15400000000000000       3.90629047999999958E-003   5.5451670816532568
  4.00000000000000008E-003 -0.14999999999999999       3.91764312000000055E-003   5.5422650508979201
  4.00000000000000008E-003 -0.14599999999999999       3.92781599999999977E-003   5.5396717327642833
  4.00000000000000008E-003 -0.14199999999999999       3.92256943999999986E-003   5.5410083705182442
  4.00000000000000008E-003 -0.13800000000000001       3.94130856000000050E-003   5.5362424889851285
  4.00000000000000008E-003 -0.13400000000000001       3.94663944000000003E-003   5.5348908368668317
  4.00000000000000008E-003 -0.13000000000000000       3.96301832000000003E-003   5.5307493420239888
  4.00000000000000008E-003 -0.12600000000000000       3.97992872000000036E-003   5.5264913693939075
  4.00000000000000008E-003 -0.12200000000000000       3.99300775999999937E-003   5.5232105075019895
  4.00000000000000008E-003 -0.11799999999999999       3.98492040000000044E-003   5.5252379418453570
  4.00000000000000008E-003 -0.11400000000000000       3.99109767999999976E-003   5.5236889781461445
  4.00000000000000008E-003 -0.11000000000000000       3.99431879999999958E-003   5.5228822274443443
  4.00000000000000008E-003 -0.10600000000000000       3.99687800000000058E-003   5.5222417226109526
  4.00000000000000008E-003 -0.10199999999999999       4.00749983999999955E-003   5.5195877134057074
  4.00000000000000008E-003 -9.80000000000000038E-002  4.01440240000000038E-003   5.5178667845045464
  4.00000000000000008E-003 -9.40000000000000002E-002  4.02331055999999992E-003   5.5156501928716564
  4.00000000000000008E-003 -8.99999999999999967E-002  4.01067960000000071E-003   5.5187945757139198
  4.00000000000000008E-003 -8.59999999999999931E-002  4.01873503999999968E-003   5.5167880925358173
  4.00000000000000008E-003 -8.20000000000000034E-002  4.03694311999999982E-003   5.5122675268811410
  4.00000000000000008E-003 -7.79999999999999999E-002  4.03403031999999967E-003   5.5129893233653240
  4.00000000000000008E-003 -7.39999999999999963E-002  4.03597448000000015E-003   5.5125074996029362
  4.00000000000000008E-003 -7.00000000000000067E-002  4.04695383999999995E-003   5.5097908191331957
  4.00000000000000008E-003 -6.60000000000000031E-002  4.05629288000000036E-003   5.5074858062272263
  4.00000000000000008E-003 -6.19999999999999996E-002  4.06007567999999968E-003   5.5065536651481368
  4.00000000000000008E-003 -5.80000000000000029E-002  4.05963039999999997E-003   5.5066633439951440
  4.00000000000000008E-003 -5.39999999999999994E-002  4.06251064000000012E-003   5.5059541122527875
  4.00000000000000008E-003 -5.00000000000000028E-002  4.06146872000000009E-003   5.5062106170910061
  4.00000000000000008E-003 -4.59999999999999992E-002  4.07526464000000036E-003   5.5028195920666843
  4.00000000000000008E-003 -4.20000000000000026E-002  4.07821920000000018E-003   5.5020948564353152
  4.00000000000000008E-003 -3.79999999999999991E-002  4.08867984000000056E-003   5.4995331385374104
  4.00000000000000008E-003 -3.40000000000000024E-002  4.08573472000000031E-003   5.5002537088255492
  4.00000000000000008E-003 -2.99999999999999989E-002  4.08917048000000029E-003   5.4994131461234170
  4.00000000000000008E-003 -2.59999999999999988E-002  4.08898576000000027E-003   5.4994583201197580
  4.00000000000000008E-003 -2.19999999999999987E-002  4.09243176000000011E-003   5.4986159232624017
  4.00000000000000008E-003 -1.79999999999999986E-002  4.09832791999999949E-003   5.4971762128451021
  4.00000000000000008E-003 -1.40000000000000003E-002  4.09903695999999998E-003   5.4970032206672137
  4.00000000000000008E-003 -1.00000000000000002E-002  4.09520231999999963E-003   5.4979391563041631
  4.00000000000000008E-003 -6.00000000000000012E-003  4.10586824000000027E-003   5.4953380505252172
  4.00000000000000008E-003 -2.00000000000000004E-003  4.11097535999999965E-003   5.4940949647598627
  4.00000000000000008E-003  2.00000000000000004E-003  4.11217200000000074E-003   5.4938039229102982
  4.00000000000000008E-003  6.00000000000000012E-003  4.10755807999999955E-003   5.4949265681649928
  4.00000000000000008E-003  1.00000000000000002E-002  4.09750328000000035E-003   5.4973774468585068
  4.00000000000000008E-003  1.40000000000000003E-002  4.09984704000000005E-003   5.4968056132848835
  4.00000000000000008E-003  1.79999999999999986E-002  4.09573400000000018E-003   5.4978093347599648
  4.00000000000000008E-003  2.19999999999999987E-002  4.08715240000000028E-003   5.4999067861302020
  4.00000000000000008E-003  2.59999999999999988E-002  4.08499608000000014E-003   5.5004345102789545
  4.00000000000000008E-003  2.99999999999999989E-002  4.07884247999999987E-003   5.5019420367005472
  4.00000000000000008E-003  3.40000000000000024E-002  4.07564959999999997E-003   5.5027251339509560
  4.00000000000000008E-003  3.79999999999999991E-002  4.06669887999999962E-003   5.5049236946309339
  4.00000000000000008E-003  4.20000000000000026E-002  4.07248567999999971E-003   5.5035017337619045
  4.00000000000000008E-003  4.59999999999999992E-002  4.07782735999999944E-003   5.5021909422036881
  4.00000000000000008E-003  5.00000000000000028E-002  4.07455704000000019E-003   5.5029932400382746
  4.00000000000000008E-003  5.39999999999999994E-002  4.07240824000000036E-003   5.5035207493564018
  4.00000000000000008E-003  5.80000000000000029E-002  4.06049199999999975E-003   5.5064511304444634
  4.00000000000000008E-003  6.19999999999999996E-002  4.05143040000000010E-003   5.5086852750337103
  4.00000000000000008E-003  6.60000000000000031E-002  4.04799847999999952E-003   5.5095327224911141
  4.00000000000000008E-003  7.00000000000000067E-002  4.05629968000000007E-003   5.5074841298210835
  4.00000000000000008E-003  7.39999999999999963E-002  4.04396743999999985E-003   5.5105290292905487
  4.00000000000000008E-003  7.79999999999999999E-002  4.03565600000000031E-003   5.5125864130271705
  4.00000000000000008E-003  8.20000000000000034E-002  4.04714104000000047E-003   5.5097445631891251
  4.00000000000000008E-003  8.59999999999999931E-002  4.03759512000000011E-003   5.5121060315777468
  4.00000000000000008E-003  8.99999999999999967E-002  4.02404423999999997E-003   5.5154678522093477
  4.00000000000000008E-003  9.40000000000000002E-002  4.02239807999999963E-003   5.5158770168954288
  4.00000000000000008E-003  9.80000000000000038E-002  4.02705999999999984E-003   5.5147186977949598
  4.00000000000000008E-003  0.10199999999999999       4.03102984000000032E-003   5.5137333922448875
  4.00000000000000008E-003  0.10600000000000000       4.03165351999999928E-003   5.5135786844451644
  4.00000000000000008E-003  0.11000000000000000       4.02433744000000020E-003   5.5153949928416415
  4.00000000000000008E-003  0.11400000000000000       4.01272783999999990E-003   5.5182840095835539
  4.00000000000000008E-003  0.11799999999999999       4.00055759999999941E-003   5.5213215275775234
  4.00000000000000008E-003  0.12200000000000000       3.99006135999999990E-003   5.5239486697524969
  4.00000000000000008E-003  0.12600000000000000       3.97424815999999990E-003   5.5279196909038371
  4.00000000000000008E-003  0.13000000000000000       3.95233079999999983E-003   5.5334497981460968
  4.00000000000000008E-003  0.13400000000000001       3.95133999999999937E-003   5.5337005170918276
  4.00000000000000008E-003  0.13800000000000001       3.95148551999999990E-003   5.5336636897571871
  4.00000000000000008E-003  0.14199999999999999       3.94748519999999978E-003   5.5346765610498654
  4.00000000000000008E-003  0.14599999999999999       3.94062240000000053E-003   5.5364165986050216
  4.00000000000000008E-003  0.14999999999999999       3.93176608000000028E-003   5.5386665698198989
  4.00000000000000008E-003  0.15400000000000000       3.93558183999999974E-003   5.5376965452733797
  4.00000000000000008E-003  0.15800000000000000       3.93164912000000012E-003   5.5386963177085793
  4.00000000000000008E-003  0.16200000000000001       3.92925072000000018E-003   5.5393065277667759
  4.00000000000000008E-003  0.16600000000000001       3.92769368000000021E-003   5.5397028752375261
  4.00000000000000008E-003  0.17000000000000001       3.92127936000000003E-003   5.5413373110790651
  4.00000000000000008E-003  0.17399999999999999       3.90963720000000060E-003   5.5443106970136951
  4.00000000000000008E-003  0.17799999999999999       3.89510352000000011E-003   5.5480350223489339
  4.00000000000000008E-003  0.18200000000000000       3.88896528000000005E-003   5.5496121515933012
  4.00000000000000008E-003  0.18600000000000000       3.88587032000000006E-003   5.5504082996593720
  4.00000000000000008E-003  0.19000000000000000       3.87776736000000014E-003   5.5524957136465352
  4.00000000000000008E-003  0.19400000000000001       3.86997519999999953E-003   5.5545071802297139
  4.00000000000000008E-003  0.19800000000000001       3.85614624000000031E-003   5.5580869776417812
  4.00000000000000008E-003  0.20200000000000001       3.84263839999999992E-003   5.5615960649828571
  4.00000000000000008E-003  0.20599999999999999       3.84220007999999972E-003   5.5617101389485279
  4.00000000000000008E-003  0.20999999999999999       3.83675560000000006E-003   5.5631281653414897
  4.00000000000000008E-003  0.21400000000000000       3.83348223999999994E-003   5.5639816878181074
  4.00000000000000008E-003  0.21800000000000000       3.83004400000000033E-003   5.5648789876049189
  4.00000000000000008E-003  0.22200000000000000       3.83075952000000008E-003   5.5646921873560382
  4.00000000000000008E-003  0.22600000000000001       3.81301672000000039E-003   5.5693346131176353
  4.00000000000000008E-003  0.23000000000000001       3.79040063999999980E-003   5.5752835557121525
  4.00000000000000008E-003  0.23400000000000001       3.78531871999999991E-003   5.5766251895612395
  4.00000000000000008E-003  0.23799999999999999       3.77499824000000024E-003   5.5793553625064236
  4.00000000000000008E-003  0.24199999999999999       3.76001704000000032E-003   5.5833317896757091
  4.00000000000000008E-003  0.24600000000000000       3.75026680000000020E-003   5.5859282948639546
  4.00000000000000008E-003  0.25000000000000000       3.74190120000000024E-003   5.5881614544718561
  4.00000000000000008E-003  0.25400000000000000       3.73655735999999959E-003   5.5895905834472064
  4.00000000000000008E-003  0.25800000000000001       3.72767863999999994E-003   5.5919695875911124
  4.00000000000000008E-003  0.26200000000000001       3.71750896000000008E-003   5.5947014694109454
  4.00000000000000008E-003  0.26600000000000001       3.69929168000000027E-003   5.5996139154963576
  4.00000000000000008E-003  0.27000000000000002       3.68630527999999971E-003   5.6031306016773090
  4.00000000000000008E-003  0.27400000000000002       3.67390344000000004E-003   5.6065005745160716
  4.00000000000000008E-003  0.27800000000000002       3.66900071999999968E-003   5.6078359373702540
  4.00000000000000008E-003  0.28199999999999997       3.66191559999999973E-003   5.6097688805104351
  4.00000000000000008E-003  0.28599999999999998       3.64816328000000002E-003   5.6135314489997663
  4.00000000000000008E-003  0.28999999999999998       3.63715583999999967E-003   5.6165532653937440
  4.00000000000000008E-003  0.29399999999999998       3.61673224000000045E-003   5.6221843569525642
  4.00000000000000008E-003  0.29799999999999999       3.60718416000000005E-003   5.6248278220846055
  4.00000000000000008E-003  0.30199999999999999       3.59206688000000005E-003   5.6290275095618432
  4.00000000000000008E-003  0.30599999999999999       3.58654951999999973E-003   5.6305646751600511
  4.00000000000000008E-003  0.31000000000000000       3.57786111999999984E-003   5.6329901096293664
  4.00000000000000008E-003  0.31400000000000000       3.55548464000000029E-003   5.6392638987175339
  4.00000000000000008E-003  0.31800000000000000       3.54204048000000002E-003   5.6430523111153725
  4.00000000000000008E-003  0.32200000000000001       3.53510568000000008E-003   5.6450120847480667
  4.00000000000000008E-003  0.32600000000000001       3.52594679999999969E-003   5.6476062830386038
  4.00000000000000008E-003  0.33000000000000002       3.50119856000000043E-003   5.6546499233936345
  4.00000000000000008E-003  0.33400000000000002       3.48998816000000009E-003   5.6578569353236992
  4.00000000000000008E-003  0.33800000000000002       3.46525887999999966E-003   5.6649679362884235
  4.00000000000000008E-003  0.34200000000000003       3.44962743999999979E-003   5.6694890421758339
  4.00000000000000008E-003  0.34599999999999997       3.44053231999999964E-003   5.6721290753824301
  4.00000000000000008E-003  0.34999999999999998       3.41445975999999990E-003   5.6797359946669861
  4.00000000000000008E-003  0.35399999999999998       3.39025760000000046E-003   5.6868493722761455
  4.00000000000000008E-003  0.35799999999999998       3.35851448000000019E-003   5.6962565218180856
  4.00000000000000008E-003  0.36199999999999999       3.33235520000000002E-003   5.7040759577181417
  4.00000000000000008E-003  0.36599999999999999       3.29623032000000028E-003   5.7149757907355339
  4.00000000000000008E-003  0.37000000000000000       3.27323000000000024E-003   5.7219780140102650
  4.00000000000000008E-003  0.37400000000000000       3.24918720000000024E-003   5.7293504062264793
  4.00000000000000008E-003  0.37800000000000000       3.21617040000000010E-003   5.7395639439944501
  4.00000000000000008E-003  0.38200000000000001       3.18343696000000006E-003   5.7497938608078600
  4.00000000000000008E-003  0.38600000000000001       3.16283120000000013E-003   5.7562877031392894
  4.00000000000000008E-003  0.39000000000000001       3.14395368000000000E-003   5.7622741373481334
  4.00000000000000008E-003  0.39400000000000002       3.10412544000000009E-003   5.7750232651065883
  4.00000000000000008E-003  0.39800000000000002       3.07577239999999976E-003   5.7841992222739567
  4.00000000000000008E-003  0.40200000000000002       3.04121791999999993E-003   5.7954972122164623
  4.00000000000000008E-003  0.40600000000000003       3.01686576000000008E-003   5.8035368143261152
  4.00000000000000008E-003  0.40999999999999998       2.97885127999999999E-003   5.8162175292900598
  4.00000000000000008E-003  0.41399999999999998       2.95026632000000002E-003   5.8258598347391173
  4.00000000000000008E-003  0.41799999999999998       2.92360952000000028E-003   5.8349362891039327
  4.00000000000000008E-003  0.42199999999999999       2.90229360000000000E-003   5.8422539580318533
  4.00000000000000008E-003  0.42599999999999999       2.87283207999999976E-003   5.8524569483088458
  4.00000000000000008E-003  0.42999999999999999       2.84599496000000019E-003   5.8618425502225797
  4.00000000000000008E-003  0.43400000000000000       2.81557935999999977E-003   5.8725872268438977
  4.00000000000000008E-003  0.43800000000000000       2.77446864000000003E-003   5.8872960311996634
  4.00000000000000008E-003  0.44200000000000000       2.74262359999999979E-003   5.8988402984621597
  4.00000000000000008E-003  0.44600000000000001       2.69997583999999997E-003   5.9145124541600369
  4.00000000000000008E-003  0.45000000000000001       2.66564495999999963E-003   5.9273092393872941
  4.00000000000000008E-003  0.45400000000000001       2.63761887999999995E-003   5.9378787082099267
  4.00000000000000008E-003  0.45800000000000002       2.60759192000000004E-003   5.9493281195534502
  4.00000000000000008E-003  0.46200000000000002       2.57620536000000011E-003   5.9614377534206451
  4.00000000000000008E-003  0.46600000000000003       2.54143072000000006E-003   5.9750280809412892
  4.00000000000000008E-003  0.46999999999999997       2.50343504000000031E-003   5.9900914742041786
  4.00000000000000008E-003  0.47399999999999998       2.47183584000000003E-003   6.0027941493587766
  4.00000000000000008E-003  0.47799999999999998       2.42800511999999996E-003   6.0206852970556426
  4.00000000000000008E-003  0.48199999999999998       2.38626448000000017E-003   6.0380261148442465
  4.00000000000000008E-003  0.48599999999999999       2.34959783999999982E-003   6.0535110973856998
  4.00000000000000008E-003  0.48999999999999999       2.31892935999999982E-003   6.0666496825784790
  4.00000000000000008E-003  0.49399999999999999       2.28574360000000001E-003   6.0810638808799089
  4.00000000000000008E-003  0.49800000000000000       2.24030904000000006E-003   6.1011414583456709
  4.00000000000000008E-003  0.50200000000000000       2.20762168000000021E-003   6.1158395058274726
  4.00000000000000008E-003  0.50600000000000001       2.16212087999999997E-003   6.1366656501347538
  4.00000000000000008E-003  0.51000000000000001       2.12517879999999998E-003   6.1538993389689569
  4.00000000000000008E-003  0.51400000000000001       2.08609544000000003E-003   6.1724611708135511
  4.00000000000000008E-003  0.51800000000000002       2.04214960000000025E-003   6.1937523004148316
  4.00000000000000008E-003  0.52200000000000002       1.99874760000000014E-003   6.2152344945672997
  4.00000000000000008E-003  0.52600000000000002       1.95637760000000023E-003   6.2366606789659276
  4.00000000000000008E-003  0.53000000000000003       1.91574904000000007E-003   6.2576465892231123
  4.00000000000000008E-003  0.53400000000000003       1.87438399999999977E-003   6.2794752068719948
  4.00000000000000008E-003  0.53800000000000003       1.83497232000000006E-003   6.3007258820580399
  4.00000000000000008E-003  0.54200000000000004       1.79000391999999987E-003   6.3255374691877373
  4.00000000000000008E-003  0.54600000000000004       1.74119415999999996E-003   6.3531841023004860
  4.00000000000000008E-003  0.55000000000000004       1.69280216000000021E-003   6.3813700403086688
  4.00000000000000008E-003  0.55400000000000005       1.65302879999999980E-003   6.4051460374275129
  4.00000000000000008E-003  0.55800000000000005       1.60648143999999986E-003   6.4337089325407693
  4.00000000000000008E-003  0.56200000000000006       1.56487664000000003E-003   6.4599482823779679
  4.00000000000000008E-003  0.56599999999999995       1.51184536000000002E-003   6.4944242815875288
  4.00000000000000008E-003  0.56999999999999995       1.46849631999999993E-003   6.5235163132872005
  4.00000000000000008E-003  0.57399999999999995       1.41753167999999997E-003   6.5588381734057579
  4.00000000000000008E-003  0.57799999999999996       1.37061623999999997E-003   6.5924948300574160
  4.00000000000000008E-003  0.58199999999999996       1.32762159999999995E-003   6.6243662082899775
  4.00000000000000008E-003  0.58599999999999997       1.27971863999999983E-003   6.6611150377129196
  4.00000000000000008E-003  0.58999999999999997       1.23835447999999992E-003   6.6939718129103136
  4.00000000000000008E-003  0.59399999999999997       1.19017800000000007E-003   6.7336524032127141
  4.00000000000000008E-003  0.59799999999999998       1.14383288000000018E-003   6.7733704806119093
  4.00000000000000008E-003  0.60199999999999998       1.09270479999999995E-003   6.8190991886087176
  4.00000000000000008E-003  0.60599999999999998       1.04890848000000012E-003   6.8600051983692767
  4.00000000000000008E-003  0.60999999999999999       9.98507840000000153E-004   6.9092485533615626
  4.00000000000000008E-003  0.61399999999999999       9.58716079999999979E-004   6.9499155853089345
  4.00000000000000008E-003  0.61799999999999999       9.16363840000000013E-004   6.9950970669150871
  4.00000000000000008E-003  0.62200000000000000       8.72656240000000099E-004   7.0439688482858651
  4.00000000000000008E-003  0.62600000000000000       8.28032559999999961E-004   7.0964580806806721
  4.00000000000000008E-003  0.63000000000000000       7.84618079999999953E-004   7.1503134808652318
  4.00000000000000008E-003  0.63400000000000001       7.38848960000000024E-004   7.2104170422085030
  4.00000000000000008E-003  0.63800000000000001       6.99448640000000020E-004   7.2652181904285991
  4.00000000000000008E-003  0.64200000000000002       6.59245680000000028E-004   7.3244142856533720
  4.00000000000000008E-003  0.64600000000000002       6.24600400000000031E-004   7.3783984727056389
  4.00000000000000008E-003  0.65000000000000002       5.87656480000000019E-004   7.4393679984743706
  4.00000000000000008E-003  0.65400000000000003       5.51267039999999982E-004   7.5032912201163455
  4.00000000000000008E-003  0.65800000000000003       5.16219360000000024E-004   7.5689787665399653
  4.00000000000000008E-003  0.66200000000000003       4.79367840000000025E-004   7.6430423220690313
  4.00000000000000008E-003  0.66600000000000004       4.43435280000000018E-004   7.7209586969649386
  4.00000000000000008E-003  0.67000000000000004       4.13031359999999981E-004   7.7919870356825554
  4.00000000000000008E-003  0.67400000000000004       3.83001439999999978E-004   7.8674718089995732
  4.00000000000000008E-003  0.67800000000000005       3.54282079999999986E-004   7.9454171259776905
  4.00000000000000008E-003  0.68200000000000005       3.18020560000000006E-004   8.0533945231860322
  4.00000000000000008E-003  0.68600000000000005       2.85984000000000032E-004   8.1595746927652932
  4.00000000000000008E-003  0.68999999999999995       2.61375599999999985E-004   8.2495521046657441
  4.00000000000000008E-003  0.69399999999999995       2.40551039999999984E-004   8.3325782664026740
  4.00000000000000008E-003  0.69799999999999995       2.20468800000000006E-004   8.4197543696876007
  4.00000000000000008E-003  0.70199999999999996       2.00511600000000020E-004   8.5146384575296103
  4.00000000000000008E-003  0.70599999999999996       1.80550239999999987E-004   8.6195014809700208
  4.00000000000000008E-003  0.70999999999999996       1.61517759999999991E-004   8.7308954523074664
  4.00000000000000008E-003  0.71399999999999997       1.44064799999999983E-004   8.8452473596079084
  4.00000000000000008E-003  0.71799999999999997       1.25497839999999999E-004   8.9832220106959273
  4.00000000000000008E-003  0.72199999999999998       1.12337039999999995E-004   9.0940069197917719
  4.00000000000000008E-003  0.72599999999999998       9.92981600000000081E-005   9.2173835167927791
  4.00000000000000008E-003  0.72999999999999998       8.56408799999999938E-005   9.3653478187234231
  4.00000000000000008E-003  0.73399999999999999       7.46409600000000030E-005   9.5028211397715623
  4.00000000000000008E-003  0.73799999999999999       6.36047200000000059E-005   9.6628228765354294
  4.00000000000000008E-003  0.74199999999999999       5.32179199999999989E-005   9.8411153762299772
  4.00000000000000008E-003  0.74600000000000000       4.53110400000000032E-005   10.001959846558133
  4.00000000000000008E-003  0.75000000000000000       3.72747199999999988E-005   10.197195209078775
  4.00000000000000008E-003  0.75400000000000000       3.17164800000000057E-005   10.358674138351580
  4.00000000000000008E-003  0.75800000000000001       2.67519999999999973E-005   10.528901321061984
  4.00000000000000008E-003  0.76200000000000001       2.19684800000000001E-005   10.725901859213783
  4.00000000000000008E-003  0.76600000000000001       1.73729600000000018E-005   10.960595583478463
  4.00000000000000008E-003  0.77000000000000002       1.38447199999999995E-005   11.187606625453403
  4.00000000000000008E-003  0.77400000000000002       1.06561600000000003E-005   11.449372429263949
  4.00000000000000008E-003  0.77800000000000002       9.06863999999999929E-006   11.610688249953293
  4.00000000000000008E-003  0.78200000000000003       7.25983999999999977E-006   11.833152767937916
  4.00000000000000008E-003  0.78600000000000003       5.41840000000000050E-006   12.125709989045717
  4.00000000000000008E-003  0.79000000000000004       3.89695999999999987E-006   12.455313795966257
  4.00000000000000008E-003  0.79400000000000004       2.62872000000000005E-006   12.849013522262810
  4.00000000000000008E-003  0.79800000000000004       1.88016000000000018E-006   13.184153678360779
  4.00000000000000008E-003  0.80200000000000005       1.29055999999999993E-006   13.560434325261408
  4.00000000000000008E-003  0.80600000000000005       8.07600000000000005E-007   14.029198950507729
  4.00000000000000008E-003  0.81000000000000005       6.84239999999999991E-007   14.194957103673884
  4.00000000000000008E-003  0.81399999999999995       4.82480000000000016E-007   14.544326367803679
  4.00000000000000008E-003  0.81799999999999995       3.11600000000000011E-007   14.981545522949817
  4.00000000000000008E-003  0.82199999999999995       2.88319999999999977E-007   15.059194862526438
  4.00000000000000008E-003  0.82599999999999996       1.31360000000000006E-007   15.845324191242293
  4.00000000000000008E-003  0.82999999999999996       4.43199999999999958E-008   16.931829794507383
  4.00000000000000008E-003  0.83399999999999996       1.71199999999999971E-008   17.883018466232816
  4.00000000000000008E-003  0.83799999999999997       3.82400000000000036E-008   17.079383748763210
  4.00000000000000008E-003  0.84199999999999997       3.68000000000000011E-009   19.420353084765573
  4.00000000000000008E-003  0.84599999999999997        0.0000000000000000                      +Infinity
  4.00000000000000008E-003  0.84999999999999998        0.0000000000000000                      +Infinity
  4.00000000000000008E-003  0.85399999999999998        0.0000000000000000                      +Infinity
  4.00000000000000008E-003  0.85799999999999998        0.0000000000000000                      +Infinity
  4.00000000000000008E-003  0.86199999999999999        0.0000000000000000                      +Infinity
  4.00000000000000008E-003  0.86599999999999999        0.0000000000000000                      +Infinity
  4.00000000000000008E-003  0.87000000000000000        0.0000000000000000                      +Infinity
  4.00000000000000008E-003  0.87400000000000000        0.0000000000000000                      +Infinity
  4.00000000000000008E-003  0.87800000000000000        0.0000000000000000                      +Infinity
  4.00000000000000008E-003  0.88200000000000001        0.0000000000000000                      +Infinity
  4.00000000000000008E-003  0.88600000000000001        0.0000000000000000                      +Infinity
  4.00000000000000008E-003  0.89000000000000001        0.0000000000000000                      +Infinity
  4.00000000000000008E-003  0.89400000000000002        0.0000000000000000                      +Infinity
  4.00000000000000008E-003  0.89800000000000002        0.0000000000000000                      +Infinity
  4.00000000000000008E-003  0.90200000000000002        0.0000000000000000                      +Infinity
  4.00000000000000008E-003  0.90600000000000003        0.0000000000000000                      +Infinity
  4.00000000000000008E-003  0.91000000000000003        0.0000000000000000                      +Infinity
  4.00000000000000008E-003  0.91400000000000003        0.0000000000000000                      +Infinity
  4.00000000000000008E-003  0.91800000000000004        0.0000000000000000                      +Infinity
  4.00000000000000008E-003  0.92200000000000004        0.0000000000000000                      +Infinity
  4.00000000000000008E-003  0.92600000000000005        0.0000000000000000                      +Infinity
  4.00000000000000008E-003  0.93000000000000005        0.0000000000000000                      +Infinity
  4.00000000000000008E-003  0.93400000000000005        0.0000000000000000                      +Infinity
  4.00000000000000008E-003  0.93799999999999994        0.0000000000000000                      +Infinity
  4.00000000000000008E-003  0.94199999999999995        0.0000000000000000                      +Infinity
  4.00000000000000008E-003  0.94599999999999995        0.0000000000000000                      +Infinity
  4.00000000000000008E-003  0.94999999999999996        0.0000000000000000                      +Infinity
  4.00000000000000008E-003  0.95399999999999996        0.0000000000000000                      +Infinity
  4.00000000000000008E-003  0.95799999999999996        0.0000000000000000                      +Infinity
  4.00000000000000008E-003  0.96199999999999997        0.0000000000000000                      +Infinity
  4.00000000000000008E-003  0.96599999999999997        0.0000000000000000                      +Infinity
  4.00000000000000008E-003  0.96999999999999997        0.0000000000000000                      +Infinity
  4.00000000000000008E-003  0.97399999999999998        0.0000000000000000                      +Infinity
  4.00000000000000008E-003  0.97799999999999998        0.0000000000000000                      +Infinity
  4.00000000000000008E-003  0.98199999999999998        0.0000000000000000                      +Infinity
  4.00000000000000008E-003  0.98599999999999999        0.0000000000000000                      +Infinity
  4.00000000000000008E-003  0.98999999999999999        0.0000000000000000                      +Infinity
  4.00000000000000008E-003  0.99399999999999999        0.0000000000000000                      +Infinity
  4.00000000000000008E-003  0.99800000000000000        0.0000000000000000                      +Infinity
