  2.59999999999999988E-002 -0.99800000000000000        0.0000000000000000                      +Infinity
  2.59999999999999988E-002 -0.99399999999999999        0.0000000000000000                      +Infinity
  2.59999999999999988E-002 -0.98999999999999999        0.0000000000000000                      +Infinity
  2.59999999999999988E-002 -0.98599999999999999        0.0000000000000000                      +Infinity
  2.59999999999999988E-002 -0.98199999999999998        0.0000000000000000                      +Infinity
  2.59999999999999988E-002 -0.97799999999999998        0.0000000000000000                      +Infinity
  2.59999999999999988E-002 -0.97399999999999998        0.0000000000000000                      +Infinity
  2.59999999999999988E-002 -0.96999999999999997        0.0000000000000000                      +Infinity
  2.59999999999999988E-002 -0.96599999999999997        0.0000000000000000                      +Infinity
  2.59999999999999988E-002 -0.96199999999999997        0.0000000000000000                      +Infinity
  2.59999999999999988E-002 -0.95799999999999996        0.0000000000000000                      +Infinity
  2.59999999999999988E-002 -0.95399999999999996        0.0000000000000000                      +Infinity
  2.59999999999999988E-002 -0.94999999999999996        0.0000000000000000                      +Infinity
  2.59999999999999988E-002 -0.94599999999999995        0.0000000000000000                      +Infinity
  2.59999999999999988E-002 -0.94199999999999995        0.0000000000000000                      +Infinity
  2.59999999999999988E-002 -0.93799999999999994        0.0000000000000000                      +Infinity
  2.59999999999999988E-002 -0.93400000000000005        0.0000000000000000                      +Infinity
  2.59999999999999988E-002 -0.93000000000000005        0.0000000000000000                      +Infinity
  2.59999999999999988E-002 -0.92600000000000005        0.0000000000000000                      +Infinity
  2.59999999999999988E-002 -0.92200000000000004        0.0000000000000000                      +Infinity
  2.59999999999999988E-002 -0.91800000000000004        0.0000000000000000                      +Infinity
  2.59999999999999988E-002 -0.91400000000000003        0.0000000000000000                      +Infinity
  2.59999999999999988E-002 -0.91000000000000003        0.0000000000000000                      +Infinity
  2.59999999999999988E-002 -0.90600000000000003        0.0000000000000000                      +Infinity
  2.59999999999999988E-002 -0.90200000000000002        0.0000000000000000                      +Infinity
  2.59999999999999988E-002 -0.89800000000000002        0.0000000000000000                      +Infinity
  2.59999999999999988E-002 -0.89400000000000002        0.0000000000000000                      +Infinity
  2.59999999999999988E-002 -0.89000000000000001        0.0000000000000000                      +Infinity
  2.59999999999999988E-002 -0.88600000000000001        0.0000000000000000                      +Infinity
  2.59999999999999988E-002 -0.88200000000000001        0.0000000000000000                      +Infinity
  2.59999999999999988E-002 -0.87800000000000000        0.0000000000000000                      +Infinity
  2.59999999999999988E-002 -0.87400000000000000        0.0000000000000000                      +Infinity
  2.59999999999999988E-002 -0.87000000000000000        0.0000000000000000                      +Infinity
  2.59999999999999988E-002 -0.86599999999999999        0.0000000000000000                      +Infinity
  2.59999999999999988E-002 -0.86199999999999999        0.0000000000000000                      +Infinity
  2.59999999999999988E-002 -0.85799999999999998        0.0000000000000000                      +Infinity
  2.59999999999999988E-002 -0.85399999999999998        0.0000000000000000                      +Infinity
  2.59999999999999988E-002 -0.84999999999999998        0.0000000000000000                      +Infinity
  2.59999999999999988E-002 -0.84599999999999997        0.0000000000000000                      +Infinity
  2.59999999999999988E-002 -0.84199999999999997        0.0000000000000000                      +Infinity
  2.59999999999999988E-002 -0.83799999999999997        0.0000000000000000                      +Infinity
  2.59999999999999988E-002 -0.83399999999999996        0.0000000000000000                      +Infinity
  2.59999999999999988E-002 -0.82999999999999996        0.0000000000000000                      +Infinity
  2.59999999999999988E-002 -0.82599999999999996        0.0000000000000000                      +Infinity
  2.59999999999999988E-002 -0.82199999999999995        0.0000000000000000                      +Infinity
  2.59999999999999988E-002 -0.81799999999999995        0.0000000000000000                      +Infinity
  2.59999999999999988E-002 -0.81399999999999995        0.0000000000000000                      +Infinity
  2.59999999999999988E-002 -0.81000000000000005        0.0000000000000000                      +Infinity
  2.59999999999999988E-002 -0.80600000000000005        0.0000000000000000                      +Infinity
  2.59999999999999988E-002 -0.80200000000000005        0.0000000000000000                      +Infinity
  2.59999999999999988E-002 -0.79800000000000004        0.0000000000000000                      +Infinity
  2.59999999999999988E-002 -0.79400000000000004        0.0000000000000000                      +Infinity
  2.59999999999999988E-002 -0.79000000000000004        0.0000000000000000                      +Infinity
  2.59999999999999988E-002 -0.78600000000000003        0.0000000000000000                      +Infinity
  2.59999999999999988E-002 -0.78200000000000003        0.0000000000000000                      +Infinity
  2.59999999999999988E-002 -0.77800000000000002        0.0000000000000000                      +Infinity
  2.59999999999999988E-002 -0.77400000000000002        0.0000000000000000                      +Infinity
  2.59999999999999988E-002 -0.77000000000000002        0.0000000000000000                      +Infinity
  2.59999999999999988E-002 -0.76600000000000001        0.0000000000000000                      +Infinity
  2.59999999999999988E-002 -0.76200000000000001        0.0000000000000000                      +Infinity
  2.59999999999999988E-002 -0.75800000000000001        0.0000000000000000                      +Infinity
  2.59999999999999988E-002 -0.75400000000000000        0.0000000000000000                      +Infinity
  2.59999999999999988E-002 -0.75000000000000000        0.0000000000000000                      +Infinity
  2.59999999999999988E-002 -0.74600000000000000        0.0000000000000000                      +Infinity
  2.59999999999999988E-002 -0.74199999999999999        0.0000000000000000                      +Infinity
  2.59999999999999988E-002 -0.73799999999999999        0.0000000000000000                      +Infinity
  2.59999999999999988E-002 -0.73399999999999999        0.0000000000000000                      +Infinity
  2.59999999999999988E-002 -0.72999999999999998        0.0000000000000000                      +Infinity
  2.59999999999999988E-002 -0.72599999999999998        0.0000000000000000                      +Infinity
  2.59999999999999988E-002 -0.72199999999999998        0.0000000000000000                      +Infinity
  2.59999999999999988E-002 -0.71799999999999997        0.0000000000000000                      +Infinity
  2.59999999999999988E-002 -0.71399999999999997        0.0000000000000000                      +Infinity
  2.59999999999999988E-002 -0.70999999999999996        0.0000000000000000                      +Infinity
  2.59999999999999988E-002 -0.70599999999999996        0.0000000000000000                      +Infinity
  2.59999999999999988E-002 -0.70199999999999996        0.0000000000000000                      +Infinity
  2.59999999999999988E-002 -0.69799999999999995        0.0000000000000000                      +Infinity
  2.59999999999999988E-002 -0.69399999999999995        0.0000000000000000                      +Infinity
  2.59999999999999988E-002 -0.68999999999999995        0.0000000000000000                      +Infinity
  2.59999999999999988E-002 -0.68600000000000005        0.0000000000000000                      +Infinity
  2.59999999999999988E-002 -0.68200000000000005        0.0000000000000000                      +Infinity
  2.59999999999999988E-002 -0.67800000000000005        0.0000000000000000                      +Infinity
  2.59999999999999988E-002 -0.67400000000000004        0.0000000000000000                      +Infinity
  2.59999999999999988E-002 -0.67000000000000004        0.0000000000000000                      +Infinity
  2.59999999999999988E-002 -0.66600000000000004        0.0000000000000000                      +Infinity
  2.59999999999999988E-002 -0.66200000000000003        0.0000000000000000                      +Infinity
  2.59999999999999988E-002 -0.65800000000000003        0.0000000000000000                      +Infinity
  2.59999999999999988E-002 -0.65400000000000003        0.0000000000000000                      +Infinity
  2.59999999999999988E-002 -0.65000000000000002        0.0000000000000000                      +Infinity
  2.59999999999999988E-002 -0.64600000000000002        0.0000000000000000                      +Infinity
  2.59999999999999988E-002 -0.64200000000000002        0.0000000000000000                      +Infinity
  2.59999999999999988E-002 -0.63800000000000001        0.0000000000000000                      +Infinity
  2.59999999999999988E-002 -0.63400000000000001       4.99999999999999970E-012   26.021583203494448
  2.59999999999999988E-002 -0.63000000000000000       2.09100000000000000E-008   17.683038323505869
  2.59999999999999988E-002 -0.62600000000000000       2.56649999999999985E-008   17.478137640934143
  2.59999999999999988E-002 -0.62200000000000000       5.14449999999999951E-008   16.782752561118638
  2.59999999999999988E-002 -0.61799999999999999       8.87249999999999954E-008   16.237724138413849
  2.59999999999999988E-002 -0.61399999999999999       1.00650000000000005E-007   16.111616684860611
  2.59999999999999988E-002 -0.60999999999999999       1.03399999999999999E-007   16.084660874872082
  2.59999999999999988E-002 -0.60599999999999998       9.67650000000000065E-008   16.150980478294095
  2.59999999999999988E-002 -0.60199999999999998       1.47765000000000000E-007   15.727642662970659
  2.59999999999999988E-002 -0.59799999999999998       2.04179999999999993E-007   15.404263879205542
  2.59999999999999988E-002 -0.59399999999999997       2.14890000000000014E-007   15.353139567651942
  2.59999999999999988E-002 -0.58999999999999997       2.07585000000000016E-007   15.387724942600407
  2.59999999999999988E-002 -0.58599999999999997       2.65365000000000021E-007   15.142159600157724
  2.59999999999999988E-002 -0.58199999999999996       2.99234999999999992E-007   15.022036619077927
  2.59999999999999988E-002 -0.57799999999999996       3.43849999999999999E-007   14.883060321180565
  2.59999999999999988E-002 -0.57399999999999995       4.99460000000000000E-007   14.509738322144464
  2.59999999999999988E-002 -0.56999999999999995       6.82835000000000066E-007   14.197012587820225
  2.59999999999999988E-002 -0.56599999999999995       9.91539999999999997E-007   13.824006546885538
  2.59999999999999988E-002 -0.56200000000000006       1.19522499999999985E-006   13.637176105785278
  2.59999999999999988E-002 -0.55800000000000005       1.59030499999999976E-006   13.351584736228615
  2.59999999999999988E-002 -0.55400000000000005       1.86641999999999995E-006   13.191488400480059
  2.59999999999999988E-002 -0.55000000000000004       2.19597500000000018E-006   13.028884418716947
  2.59999999999999988E-002 -0.54600000000000004       2.55387000000000025E-006   12.877900702197563
  2.59999999999999988E-002 -0.54200000000000004       3.25564000000000005E-006   12.635121681047318
  2.59999999999999988E-002 -0.53800000000000003       4.21206999999999947E-006   12.377556344647356
  2.59999999999999988E-002 -0.53400000000000003       5.07341499999999977E-006   12.191496397087930
  2.59999999999999988E-002 -0.53000000000000003       5.89984500000000043E-006   12.040584478584135
  2.59999999999999988E-002 -0.52600000000000002       6.89716999999999939E-006   11.884399375421033
  2.59999999999999988E-002 -0.52200000000000002       8.29547999999999905E-006   11.699799769811602
  2.59999999999999988E-002 -0.51800000000000002       9.85620999999999961E-006   11.527408844581915
  2.59999999999999988E-002 -0.51400000000000001       1.19466149999999995E-005   11.335062583311792
  2.59999999999999988E-002 -0.51000000000000001       1.41486599999999995E-005   11.165890638005965
  2.59999999999999988E-002 -0.50600000000000001       1.68663000000000015E-005   10.990193009705697
  2.59999999999999988E-002 -0.50200000000000000       1.95615449999999987E-005   10.841944908746909
  2.59999999999999988E-002 -0.49800000000000000       2.23011750000000008E-005   10.710871190303342
  2.59999999999999988E-002 -0.49399999999999999       2.51066649999999989E-005   10.592377209226864
  2.59999999999999988E-002 -0.48999999999999999       2.84150850000000007E-005   10.468590391841870
  2.59999999999999988E-002 -0.48599999999999999       3.26776050000000007E-005   10.328820577071761
  2.59999999999999988E-002 -0.48199999999999998       3.81040949999999996E-005   10.175188801292254
  2.59999999999999988E-002 -0.47799999999999998       4.28255849999999977E-005   10.058374853602206
  2.59999999999999988E-002 -0.47399999999999998       4.76965599999999972E-005   9.9506512800709821
  2.59999999999999988E-002 -0.46999999999999997       5.39743100000000033E-005   9.8270023653412704
  2.59999999999999988E-002 -0.46600000000000003       5.94798799999999981E-005   9.7298724538592243
  2.59999999999999988E-002 -0.46200000000000002       6.55355099999999969E-005   9.6329184248218791
  2.59999999999999988E-002 -0.45800000000000002       7.34675700000000058E-005   9.5186664736034459
  2.59999999999999988E-002 -0.45400000000000001       8.29144100000000009E-005   9.3977016870444476
  2.59999999999999988E-002 -0.45000000000000001       9.15173400000000083E-005   9.2989820954404863
  2.59999999999999988E-002 -0.44600000000000001       1.02434194999999995E-004   9.1862899655560568
  2.59999999999999988E-002 -0.44200000000000000       1.14310810000000011E-004   9.0765894159574660
  2.59999999999999988E-002 -0.43800000000000000       1.26519150000000010E-004   8.9751168778548003
  2.59999999999999988E-002 -0.43400000000000000       1.37931315000000006E-004   8.8887547141007879
  2.59999999999999988E-002 -0.42999999999999999       1.50722915000000001E-004   8.8000674068243079
  2.59999999999999988E-002 -0.42599999999999999       1.69448160000000006E-004   8.6829635186305421
  2.59999999999999988E-002 -0.42199999999999999       1.87432640000000008E-004   8.5820910304340803
  2.59999999999999988E-002 -0.41799999999999998       2.07352174999999981E-004   8.4810918818164094
  2.59999999999999988E-002 -0.41399999999999998       2.28589289999999996E-004   8.3835836580947785
  2.59999999999999988E-002 -0.40999999999999998       2.49525380000000007E-004   8.2959499244992863
  2.59999999999999988E-002 -0.40600000000000003       2.71876590000000025E-004   8.2101623078625643
  2.59999999999999988E-002 -0.40200000000000002       2.97195759999999989E-004   8.1211195117096509
  2.59999999999999988E-002 -0.39800000000000002       3.20991629999999994E-004   8.0440955099405667
  2.59999999999999988E-002 -0.39400000000000002       3.47108455000000023E-004   7.9658732764188498
  2.59999999999999988E-002 -0.39000000000000001       3.78163689999999999E-004   7.8801834137524134
  2.59999999999999988E-002 -0.38600000000000001       4.09457395000000000E-004   7.8006777015978850
  2.59999999999999988E-002 -0.38200000000000001       4.40747819999999990E-004   7.7270376828131040
  2.59999999999999988E-002 -0.37800000000000000       4.73914300000000024E-004   7.6544840543035564
  2.59999999999999988E-002 -0.37400000000000000       5.10885525000000056E-004   7.5793650143835585
  2.59999999999999988E-002 -0.37000000000000000       5.50593360000000017E-004   7.5045140248998612
  2.59999999999999988E-002 -0.36599999999999999       5.88757824999999930E-004   7.4374956218514816
  2.59999999999999988E-002 -0.36199999999999999       6.33991370000000021E-004   7.3634752156070737
  2.59999999999999988E-002 -0.35799999999999998       6.85564770000000011E-004   7.2852675776485993
  2.59999999999999988E-002 -0.35399999999999998       7.36469859999999937E-004   7.2136422461847811
  2.59999999999999988E-002 -0.34999999999999998       7.91076314999999974E-004   7.1421161157101043
  2.59999999999999988E-002 -0.34599999999999997       8.45166414999999919E-004   7.0759770091689971
  2.59999999999999988E-002 -0.34200000000000003       9.02666409999999982E-004   7.0101574969429468
  2.59999999999999988E-002 -0.33800000000000002       9.64816094999999905E-004   6.9435730499165693
  2.59999999999999988E-002 -0.33400000000000002       1.02794932999999999E-003   6.8801894030472184
  2.59999999999999988E-002 -0.33000000000000002       1.09461473500000015E-003   6.8173528178066007
  2.59999999999999988E-002 -0.32600000000000001       1.15711232000000009E-003   6.7618277568307397
  2.59999999999999988E-002 -0.32200000000000001       1.22839966499999997E-003   6.7020430421101151
  2.59999999999999988E-002 -0.31800000000000000       1.30265136500000000E-003   6.6433535799563055
  2.59999999999999988E-002 -0.31400000000000000       1.37458237000000010E-003   6.5896053249082680
  2.59999999999999988E-002 -0.31000000000000000       1.45263547000000015E-003   6.5343758068058726
  2.59999999999999988E-002 -0.30599999999999999       1.53417734000000001E-003   6.4797609764608124
  2.59999999999999988E-002 -0.30199999999999999       1.62016859500000018E-003   6.4252250641651996
  2.59999999999999988E-002 -0.29799999999999999       1.70927696000000009E-003   6.3716848282949092
  2.59999999999999988E-002 -0.29399999999999998       1.79949443500000000E-003   6.3202495229756721
  2.59999999999999988E-002 -0.28999999999999998       1.89038498500000013E-003   6.2709747748865565
  2.59999999999999988E-002 -0.28599999999999998       1.97889787999999981E-003   6.2252152155122289
  2.59999999999999988E-002 -0.28199999999999997       2.08086555500000027E-003   6.1749713396163681
  2.59999999999999988E-002 -0.27800000000000002       2.18348328999999966E-003   6.1268338379188689
  2.59999999999999988E-002 -0.27400000000000002       2.28634127000000012E-003   6.0808024377875789
  2.59999999999999988E-002 -0.27000000000000002       2.39208076999999995E-003   6.0355916767414266
  2.59999999999999988E-002 -0.26600000000000001       2.49580263000000017E-003   5.9931449061207411
  2.59999999999999988E-002 -0.26200000000000001       2.60178809499999990E-003   5.9515563414856603
  2.59999999999999988E-002 -0.25800000000000001       2.71740246500000015E-003   5.9080788310573649
  2.59999999999999988E-002 -0.25400000000000000       2.84240544000000008E-003   5.8631045993836901
  2.59999999999999988E-002 -0.25000000000000000       2.96369705500000016E-003   5.8213177849365492
  2.59999999999999988E-002 -0.24600000000000000       3.08491086500000018E-003   5.7812325150729915
  2.59999999999999988E-002 -0.24199999999999999       3.20408027999999996E-003   5.7433301939101495
  2.59999999999999988E-002 -0.23799999999999999       3.33950677500000027E-003   5.7019321550538224
  2.59999999999999988E-002 -0.23400000000000001       3.46487783500000002E-003   5.6650779038160648
  2.59999999999999988E-002 -0.23000000000000001       3.59442416500000035E-003   5.6283714772729878
  2.59999999999999988E-002 -0.22600000000000001       3.71870715000000018E-003   5.5943792114257969
  2.59999999999999988E-002 -0.22200000000000000       3.86173112500000013E-003   5.5566397180623142
  2.59999999999999988E-002 -0.21800000000000000       3.98934343000000025E-003   5.5241286155055525
  2.59999999999999988E-002 -0.21400000000000000       4.13742064500000062E-003   5.4876827179190775
  2.59999999999999988E-002 -0.20999999999999999       4.27898693499999955E-003   5.4540389948355958
  2.59999999999999988E-002 -0.20599999999999999       4.41968401000000007E-003   5.4216870763983565
  2.59999999999999988E-002 -0.20200000000000001       4.56829840499999983E-003   5.3886144836744529
  2.59999999999999988E-002 -0.19800000000000001       4.71946563000000003E-003   5.3560596997769103
  2.59999999999999988E-002 -0.19400000000000001       4.86563889000000017E-003   5.3255572482253690
  2.59999999999999988E-002 -0.19000000000000000       5.02482463999999983E-003   5.2933647231583674
  2.59999999999999988E-002 -0.18600000000000000       5.17316896000000019E-003   5.2642698265958288
  2.59999999999999988E-002 -0.18200000000000000       5.31879335499999949E-003   5.2365088143244609
  2.59999999999999988E-002 -0.17799999999999999       5.47201585999999938E-003   5.2081082002742756
  2.59999999999999988E-002 -0.17399999999999999       5.63100403000000010E-003   5.1794675170288604
  2.59999999999999988E-002 -0.17000000000000001       5.78459197999999994E-003   5.1525574515067030
  2.59999999999999988E-002 -0.16600000000000001       5.93904205000000008E-003   5.1262074296569278
  2.59999999999999988E-002 -0.16200000000000001       6.09220449499999969E-003   5.1007452767187793
  2.59999999999999988E-002 -0.15800000000000000       6.23873989999999996E-003   5.0769770560958110
  2.59999999999999988E-002 -0.15400000000000000       6.39433452499999985E-003   5.0523429111331382
  2.59999999999999988E-002 -0.14999999999999999       6.54123007499999957E-003   5.0296300463363846
  2.59999999999999988E-002 -0.14599999999999999       6.69191532499999967E-003   5.0068551491055731
  2.59999999999999988E-002 -0.14199999999999999       6.84093497000000036E-003   4.9848308651686448
  2.59999999999999988E-002 -0.13800000000000001       6.98277913000000007E-003   4.9643082852905280
  2.59999999999999988E-002 -0.13400000000000001       7.13590205000000019E-003   4.9426166099757634
  2.59999999999999988E-002 -0.13000000000000000       7.27880313499999938E-003   4.9227888348224162
  2.59999999999999988E-002 -0.12600000000000000       7.41362201999999984E-003   4.9044361574793047
  2.59999999999999988E-002 -0.12200000000000000       7.55338347000000018E-003   4.8857596743848610
  2.59999999999999988E-002 -0.11799999999999999       7.68990625999999965E-003   4.8678466853958389
  2.59999999999999988E-002 -0.11400000000000000       7.82871346499999961E-003   4.8499570909086529
  2.59999999999999988E-002 -0.11000000000000000       7.97016908999999968E-003   4.8320495705957809
  2.59999999999999988E-002 -0.10600000000000000       8.09918104500000069E-003   4.8159923279708110
  2.59999999999999988E-002 -0.10199999999999999       8.23544638499999933E-003   4.7993077109928368
  2.59999999999999988E-002 -9.80000000000000038E-002  8.36070891000000038E-003   4.7842120576337708
  2.59999999999999988E-002 -9.40000000000000002E-002  8.47999483000000040E-003   4.7700454388483227
  2.59999999999999988E-002 -8.99999999999999967E-002  8.60154409999999876E-003   4.7558135453275927
  2.59999999999999988E-002 -8.59999999999999931E-002  8.72486975000000102E-003   4.7415777393718370
  2.59999999999999988E-002 -8.20000000000000034E-002  8.83008075999999927E-003   4.7295911183152288
  2.59999999999999988E-002 -7.79999999999999999E-002  8.93297751500000091E-003   4.7180055113371351
  2.59999999999999988E-002 -7.39999999999999963E-002  9.03080264000000014E-003   4.7071140295675944
  2.59999999999999988E-002 -7.00000000000000067E-002  9.13071837999999969E-003   4.6961109040095241
  2.59999999999999988E-002 -6.60000000000000031E-002  9.22372508000000001E-003   4.6859763013164475
  2.59999999999999988E-002 -6.19999999999999996E-002  9.30940515000000003E-003   4.6767300833971763
  2.59999999999999988E-002 -5.80000000000000029E-002  9.39045218500000022E-003   4.6680618309043895
  2.59999999999999988E-002 -5.39999999999999994E-002  9.45761087499999951E-003   4.6609354780259418
  2.59999999999999988E-002 -5.00000000000000028E-002  9.52276478500000030E-003   4.6540700537497424
  2.59999999999999988E-002 -4.59999999999999992E-002  9.58510073999999969E-003   4.6475453923676167
  2.59999999999999988E-002 -4.20000000000000026E-002  9.65245600000000023E-003   4.6405428882408311
  2.59999999999999988E-002 -3.79999999999999991E-002  9.71636065499999896E-003   4.6339441488316657
  2.59999999999999988E-002 -3.40000000000000024E-002  9.77222120999999937E-003   4.6282114887163752
  2.59999999999999988E-002 -2.99999999999999989E-002  9.81477178500000068E-003   4.6238667031796661
  2.59999999999999988E-002 -2.59999999999999988E-002  9.85649899999999947E-003   4.6196242444141395
  2.59999999999999988E-002 -2.19999999999999987E-002  9.89802402499999866E-003   4.6154201351973567
  2.59999999999999988E-002 -1.79999999999999986E-002  9.92540595000000053E-003   4.6126575514821129
  2.59999999999999988E-002 -1.40000000000000003E-002  9.94609697500000063E-003   4.6105750685863081
  2.59999999999999988E-002 -1.00000000000000002E-002  9.98538937999999925E-003   4.6066323163799598
  2.59999999999999988E-002 -6.00000000000000012E-003  9.99340284999999939E-003   4.6058301186957875
  2.59999999999999988E-002 -2.00000000000000004E-003  9.99544585999999867E-003   4.6056257037205421
  2.59999999999999988E-002  2.00000000000000004E-003  1.00062190799999999E-002   4.6045484712927305
  2.59999999999999988E-002  6.00000000000000012E-003  1.00060422049999993E-002   4.6045661479558007
  2.59999999999999988E-002  1.00000000000000002E-002  9.99953950500000015E-003   4.6052162365484017
  2.59999999999999988E-002  1.40000000000000003E-002  9.98915325499999916E-003   4.6062554491732035
  2.59999999999999988E-002  1.79999999999999986E-002  9.96740083499999922E-003   4.6084354275919637
  2.59999999999999988E-002  2.19999999999999987E-002  9.93416865500000058E-003   4.6117750848892527
  2.59999999999999988E-002  2.59999999999999988E-002  9.90617494499999862E-003   4.6145969844632537
  2.59999999999999988E-002  2.99999999999999989E-002  9.86643839499999967E-003   4.6186163422297568
  2.59999999999999988E-002  3.40000000000000024E-002  9.81175333999999982E-003   4.6241742915076633
  2.59999999999999988E-002  3.79999999999999991E-002  9.74866892000000006E-003   4.6306245243178656
  2.59999999999999988E-002  4.20000000000000026E-002  9.67676198500000070E-003   4.6380279393349744
  2.59999999999999988E-002  4.59999999999999992E-002  9.61099348500000020E-003   4.6448476810103276
  2.59999999999999988E-002  5.00000000000000028E-002  9.54912891499999986E-003   4.6513053417386701
  2.59999999999999988E-002  5.39999999999999994E-002  9.50398232500000023E-003   4.6560443761068431
  2.59999999999999988E-002  5.80000000000000029E-002  9.43370232999999996E-003   4.6634666475116582
  2.59999999999999988E-002  6.19999999999999996E-002  9.35072230499999976E-003   4.6723016867936558
  2.59999999999999988E-002  6.60000000000000031E-002  9.26115440999999984E-003   4.6819265717875522
  2.59999999999999988E-002  7.00000000000000067E-002  9.17486708999999852E-003   4.6912873712499703
  2.59999999999999988E-002  7.39999999999999963E-002  9.08593559000000009E-003   4.7010276005980733
  2.59999999999999988E-002  7.79999999999999999E-002  8.99462348500000043E-003   4.7111282707103079
  2.59999999999999988E-002  8.20000000000000034E-002  8.88450495500000062E-003   4.7234465358664295
  2.59999999999999988E-002  8.59999999999999931E-002  8.77535876999999999E-003   4.7358076249959105
  2.59999999999999988E-002  8.99999999999999967E-002  8.67769938000000074E-003   4.7469988338285063
  2.59999999999999988E-002  9.40000000000000002E-002  8.56570082499999962E-003   4.7599893262685979
  2.59999999999999988E-002  9.80000000000000038E-002  8.45507690499999916E-003   4.7729882008716586
  2.59999999999999988E-002  0.10199999999999999       8.32595134000000021E-003   4.7883779745694532
  2.59999999999999988E-002  0.10600000000000000       8.18469028000000029E-003   4.8054899088261180
  2.59999999999999988E-002  0.11000000000000000       8.04553984499999965E-003   4.8226373976194372
  2.59999999999999988E-002  0.11400000000000000       7.92511186000000034E-003   4.8377188444919073
  2.59999999999999988E-002  0.11799999999999999       7.79678313000000019E-003   4.8540440495855615
  2.59999999999999988E-002  0.12200000000000000       7.65702055999999912E-003   4.8721323317300333
  2.59999999999999988E-002  0.12600000000000000       7.51912336000000025E-003   4.8903057222838049
  2.59999999999999988E-002  0.13000000000000000       7.37278243500000090E-003   4.9099601087512479
  2.59999999999999988E-002  0.13400000000000001       7.22907673999999972E-003   4.9296439494441699
  2.59999999999999988E-002  0.13800000000000001       7.08040406999999993E-003   4.9504243008711573
  2.59999999999999988E-002  0.14199999999999999       6.90679953500000082E-003   4.9752489127509563
  2.59999999999999988E-002  0.14599999999999999       6.76245384000000085E-003   4.9963694607108371
  2.59999999999999988E-002  0.14999999999999999       6.60655301000000021E-003   5.0196932422263538
  2.59999999999999988E-002  0.15400000000000000       6.44736943500000010E-003   5.0440830708985018
  2.59999999999999988E-002  0.15800000000000000       6.30252918999999953E-003   5.0668042674174867
  2.59999999999999988E-002  0.16200000000000001       6.14822589000000013E-003   5.0915917119508309
  2.59999999999999988E-002  0.16600000000000001       5.98621255500000025E-003   5.1182963614951120
  2.59999999999999988E-002  0.17000000000000001       5.83119020500000047E-003   5.1445341476548503
  2.59999999999999988E-002  0.17399999999999999       5.67137816999999968E-003   5.1723231272855577
  2.59999999999999988E-002  0.17799999999999999       5.53461927999999992E-003   5.1967324992884460
  2.59999999999999988E-002  0.18200000000000000       5.39309312499999978E-003   5.2226361950216367
  2.59999999999999988E-002  0.18600000000000000       5.24989645499999991E-003   5.2495469254302458
  2.59999999999999988E-002  0.19000000000000000       5.09725246999999989E-003   5.2790536157922920
  2.59999999999999988E-002  0.19400000000000001       4.95269361000000036E-003   5.3078236867685167
  2.59999999999999988E-002  0.19800000000000001       4.80162611499999979E-003   5.3388006444808989
  2.59999999999999988E-002  0.20200000000000001       4.65622417500000021E-003   5.3695504221605104
  2.59999999999999988E-002  0.20599999999999999       4.50782075999999962E-003   5.4019414440209834
  2.59999999999999988E-002  0.20999999999999999       4.36021913500000014E-003   5.4352329625631004
  2.59999999999999988E-002  0.21400000000000000       4.20553307500000015E-003   5.4713542218917217
  2.59999999999999988E-002  0.21800000000000000       4.06415885000000008E-003   5.5055484823635377
  2.59999999999999988E-002  0.22200000000000000       3.92663664999999985E-003   5.5399720337684180
  2.59999999999999988E-002  0.22600000000000001       3.78264199999999969E-003   5.5773325716977622
  2.59999999999999988E-002  0.23000000000000001       3.64025583499999993E-003   5.6157013154626574
  2.59999999999999988E-002  0.23400000000000001       3.50066571999999975E-003   5.6548021228592971
  2.59999999999999988E-002  0.23799999999999999       3.37090527000000022E-003   5.6925739445786414
  2.59999999999999988E-002  0.24199999999999999       3.23687490499999968E-003   5.7331469501354135
  2.59999999999999988E-002  0.24600000000000000       3.10181194500000002E-003   5.7757688398565890
  2.59999999999999988E-002  0.25000000000000000       2.96894969500000007E-003   5.8195470267593468
  2.59999999999999988E-002  0.25400000000000000       2.84265524499999981E-003   5.8630167181757304
  2.59999999999999988E-002  0.25800000000000001       2.71985841499999999E-003   5.9071754533378753
  2.59999999999999988E-002  0.26200000000000001       2.60271363500000005E-003   5.9512006724676558
  2.59999999999999988E-002  0.26600000000000001       2.49534261499999993E-003   5.9933292385649883
  2.59999999999999988E-002  0.27000000000000002       2.39336589500000006E-003   6.0350545795294597
  2.59999999999999988E-002  0.27400000000000002       2.29190507500000003E-003   6.0783718967813680
  2.59999999999999988E-002  0.27800000000000002       2.18690255000000009E-003   6.1252690970365640
  2.59999999999999988E-002  0.28199999999999997       2.08502472499999970E-003   6.1729745652884942
  2.59999999999999988E-002  0.28599999999999998       1.99206618499999993E-003   6.2185828949700754
  2.59999999999999988E-002  0.28999999999999998       1.89872249500000023E-003   6.2665739900051634
  2.59999999999999988E-002  0.29399999999999998       1.80671041000000010E-003   6.3162475403146798
  2.59999999999999988E-002  0.29799999999999999       1.71425796999999987E-003   6.3687749625470822
  2.59999999999999988E-002  0.30199999999999999       1.62113649499999999E-003   6.4246278355786313
  2.59999999999999988E-002  0.30599999999999999       1.53393715999999999E-003   6.4799175416740669
  2.59999999999999988E-002  0.31000000000000000       1.45465782999999998E-003   6.5329845743999817
  2.59999999999999988E-002  0.31400000000000000       1.38236112000000009E-003   6.5839622853099984
  2.59999999999999988E-002  0.31800000000000000       1.30185359499999996E-003   6.6439661877548710
  2.59999999999999988E-002  0.32200000000000001       1.22461756000000004E-003   6.7051266796471047
  2.59999999999999988E-002  0.32600000000000001       1.15042924000000003E-003   6.7676201540743293
  2.59999999999999988E-002  0.33000000000000002       1.08184010499999994E-003   6.8290918867423080
  2.59999999999999988E-002  0.33400000000000002       1.01934067999999997E-003   6.8885992528442994
  2.59999999999999988E-002  0.33800000000000002       9.55426225000000073E-004   6.9533530081492136
  2.59999999999999988E-002  0.34200000000000003       8.96300150000000099E-004   7.0172352122462920
  2.59999999999999988E-002  0.34599999999999997       8.40822699999999989E-004   7.0811297406689242
  2.59999999999999988E-002  0.34999999999999998       7.85762445000000027E-004   7.1488560440410396
  2.59999999999999988E-002  0.35399999999999998       7.36579419999999958E-004   7.2134934935236315
  2.59999999999999988E-002  0.35799999999999998       6.87578185000000015E-004   7.2823350112532266
  2.59999999999999988E-002  0.36199999999999999       6.42175914999999959E-004   7.3506482809050171
  2.59999999999999988E-002  0.36599999999999999       5.99618519999999986E-004   7.4192169049546610
  2.59999999999999988E-002  0.37000000000000000       5.58287439999999953E-004   7.4906366027665019
  2.59999999999999988E-002  0.37400000000000000       5.21949104999999973E-004   7.5579404748350694
  2.59999999999999988E-002  0.37800000000000000       4.80621499999999986E-004   7.6404304999155359
  2.59999999999999988E-002  0.38200000000000001       4.47676170000000013E-004   7.7114404217417665
  2.59999999999999988E-002  0.38600000000000001       4.14873774999999949E-004   7.7875362406250899
  2.59999999999999988E-002  0.39000000000000001       3.83917040000000007E-004   7.8650840703835767
  2.59999999999999988E-002  0.39400000000000002       3.54524964999999989E-004   7.9447317913405140
  2.59999999999999988E-002  0.39800000000000002       3.27504615000000037E-004   8.0240084113851999
  2.59999999999999988E-002  0.40200000000000002       3.01569865000000025E-004   8.1065088439312731
  2.59999999999999988E-002  0.40600000000000003       2.79220600000000042E-004   8.1835084075628739
  2.59999999999999988E-002  0.40999999999999998       2.54430375000000008E-004   8.2764833350408455
  2.59999999999999988E-002  0.41399999999999998       2.31509980000000010E-004   8.3708875752160132
  2.59999999999999988E-002  0.41799999999999998       2.11228259999999982E-004   8.4625712082653202
  2.59999999999999988E-002  0.42199999999999999       1.91722494999999992E-004   8.5594615699874410
  2.59999999999999988E-002  0.42599999999999999       1.76169329999999983E-004   8.6440649231771474
  2.59999999999999988E-002  0.42999999999999999       1.62124179999999994E-004   8.7271479731662094
  2.59999999999999988E-002  0.43400000000000000       1.47830705000000001E-004   8.8194428240712384
  2.59999999999999988E-002  0.43800000000000000       1.32210684999999983E-004   8.9311138093044917
  2.59999999999999988E-002  0.44200000000000000       1.19913209999999990E-004   9.0287423268536866
  2.59999999999999988E-002  0.44600000000000001       1.07221605000000004E-004   9.1406127904547603
  2.59999999999999988E-002  0.45000000000000001       9.67664750000000009E-005   9.2432099563133718
  2.59999999999999988E-002  0.45400000000000001       8.62768149999999947E-005   9.3579496518210199
  2.59999999999999988E-002  0.45800000000000002       7.75495000000000069E-005   9.4645941158157676
  2.59999999999999988E-002  0.46200000000000002       6.75837899999999942E-005   9.6021423965696791
  2.59999999999999988E-002  0.46600000000000003       5.90789549999999982E-005   9.7366357883383667
  2.59999999999999988E-002  0.46999999999999997       5.25555250000000036E-005   9.8536403282040776
  2.59999999999999988E-002  0.47399999999999998       4.64491099999999961E-005   9.9771532532755032
  2.59999999999999988E-002  0.47799999999999998       4.12084999999999969E-005   10.096866012208304
  2.59999999999999988E-002  0.48199999999999998       3.76025249999999996E-005   10.188439355567851
  2.59999999999999988E-002  0.48599999999999999       3.31402600000000024E-005   10.314761700492710
  2.59999999999999988E-002  0.48999999999999999       2.95322900000000011E-005   10.430026316959143
  2.59999999999999988E-002  0.49399999999999999       2.55446700000000042E-005   10.575081873644287
  2.59999999999999988E-002  0.49800000000000000       2.28681799999999976E-005   10.685764133332377
  2.59999999999999988E-002  0.50200000000000000       2.01300750000000006E-005   10.813295592537100
  2.59999999999999988E-002  0.50600000000000001       1.73626049999999991E-005   10.961191802385899
  2.59999999999999988E-002  0.51000000000000001       1.48868499999999979E-005   11.115032285025269
  2.59999999999999988E-002  0.51400000000000001       1.29802400000000009E-005   11.252082356874675
  2.59999999999999988E-002  0.51800000000000002       1.09271599999999999E-005   11.424259124854517
  2.59999999999999988E-002  0.52200000000000002       9.23943000000000041E-006   11.592030362525172
  2.59999999999999988E-002  0.52600000000000002       8.19698500000000026E-006   11.711744154232838
  2.59999999999999988E-002  0.53000000000000003       6.98364000000000061E-006   11.871940287147286
  2.59999999999999988E-002  0.53400000000000003       5.69410499999999975E-006   12.076079128814806
  2.59999999999999988E-002  0.53800000000000003       4.92592000000000026E-006   12.220999498755091
  2.59999999999999988E-002  0.54200000000000004       4.07005999999999996E-006   12.411852816603691
  2.59999999999999988E-002  0.54600000000000004       3.43706999999999969E-006   12.580891193705195
  2.59999999999999988E-002  0.55000000000000004       2.83571000000000008E-006   12.773218211222543
  2.59999999999999988E-002  0.55400000000000005       2.31102999999999996E-006   12.977817245362951
  2.59999999999999988E-002  0.55800000000000005       1.78244000000000012E-006   13.237527345813550
  2.59999999999999988E-002  0.56200000000000006       1.43827000000000008E-006   13.452069555511409
  2.59999999999999988E-002  0.56599999999999995       1.08635999999999984E-006   13.732677899671062
  2.59999999999999988E-002  0.56999999999999995       8.63284999999999964E-007   13.962520957044116
  2.59999999999999988E-002  0.57399999999999995       7.13400000000000022E-007   14.153223564021619
  2.59999999999999988E-002  0.57799999999999996       5.71629999999999938E-007   14.374773908013225
  2.59999999999999988E-002  0.58199999999999996       3.94215000000000013E-007   14.746369391201361
  2.59999999999999988E-002  0.58599999999999997       3.68110000000000032E-007   14.814884030399606
  2.59999999999999988E-002  0.58999999999999997       2.63169999999999993E-007   15.150465625754581
  2.59999999999999988E-002  0.59399999999999997       1.93985000000000000E-007   15.455485000460026
  2.59999999999999988E-002  0.59799999999999998       1.46280000000000010E-007   15.737743243665230
  2.59999999999999988E-002  0.60199999999999998       1.22849999999999992E-007   15.912301737979224
  2.59999999999999988E-002  0.60599999999999998       4.89849999999999982E-008   16.831751708149806
  2.59999999999999988E-002  0.60999999999999999       3.98750000000000047E-008   17.037516275841401
  2.59999999999999988E-002  0.61399999999999999       6.40950000000000058E-008   16.562899479182313
  2.59999999999999988E-002  0.61799999999999999       3.59100000000000019E-008   17.142250028708421
  2.59999999999999988E-002  0.62200000000000000       2.99700000000000030E-008   17.323068955617838
  2.59999999999999988E-002  0.62600000000000000       1.74350000000000003E-008   17.864786156818795
  2.59999999999999988E-002  0.63000000000000000       9.52499999999999926E-009   18.469345915933648
  2.59999999999999988E-002  0.63400000000000001       3.29000000000000001E-009   19.532378272169129
  2.59999999999999988E-002  0.63800000000000001       9.22000000000000083E-009   18.501890799377907
  2.59999999999999988E-002  0.64200000000000002       2.23550000000000007E-008   17.616215827260469
  2.59999999999999988E-002  0.64600000000000002       1.48149999999999990E-008   18.027625655920883
  2.59999999999999988E-002  0.65000000000000002        0.0000000000000000                      +Infinity
  2.59999999999999988E-002  0.65400000000000003        0.0000000000000000                      +Infinity
  2.59999999999999988E-002  0.65800000000000003        0.0000000000000000                      +Infinity
  2.59999999999999988E-002  0.66200000000000003        0.0000000000000000                      +Infinity
  2.59999999999999988E-002  0.66600000000000004        0.0000000000000000                      +Infinity
  2.59999999999999988E-002  0.67000000000000004        0.0000000000000000                      +Infinity
  2.59999999999999988E-002  0.67400000000000004        0.0000000000000000                      +Infinity
  2.59999999999999988E-002  0.67800000000000005        0.0000000000000000                      +Infinity
  2.59999999999999988E-002  0.68200000000000005        0.0000000000000000                      +Infinity
  2.59999999999999988E-002  0.68600000000000005        0.0000000000000000                      +Infinity
  2.59999999999999988E-002  0.68999999999999995        0.0000000000000000                      +Infinity
  2.59999999999999988E-002  0.69399999999999995        0.0000000000000000                      +Infinity
  2.59999999999999988E-002  0.69799999999999995        0.0000000000000000                      +Infinity
  2.59999999999999988E-002  0.70199999999999996        0.0000000000000000                      +Infinity
  2.59999999999999988E-002  0.70599999999999996        0.0000000000000000                      +Infinity
  2.59999999999999988E-002  0.70999999999999996        0.0000000000000000                      +Infinity
  2.59999999999999988E-002  0.71399999999999997        0.0000000000000000                      +Infinity
  2.59999999999999988E-002  0.71799999999999997        0.0000000000000000                      +Infinity
  2.59999999999999988E-002  0.72199999999999998        0.0000000000000000                      +Infinity
  2.59999999999999988E-002  0.72599999999999998        0.0000000000000000                      +Infinity
  2.59999999999999988E-002  0.72999999999999998        0.0000000000000000                      +Infinity
  2.59999999999999988E-002  0.73399999999999999        0.0000000000000000                      +Infinity
  2.59999999999999988E-002  0.73799999999999999        0.0000000000000000                      +Infinity
  2.59999999999999988E-002  0.74199999999999999        0.0000000000000000                      +Infinity
  2.59999999999999988E-002  0.74600000000000000        0.0000000000000000                      +Infinity
  2.59999999999999988E-002  0.75000000000000000        0.0000000000000000                      +Infinity
  2.59999999999999988E-002  0.75400000000000000        0.0000000000000000                      +Infinity
  2.59999999999999988E-002  0.75800000000000001        0.0000000000000000                      +Infinity
  2.59999999999999988E-002  0.76200000000000001        0.0000000000000000                      +Infinity
  2.59999999999999988E-002  0.76600000000000001        0.0000000000000000                      +Infinity
  2.59999999999999988E-002  0.77000000000000002        0.0000000000000000                      +Infinity
  2.59999999999999988E-002  0.77400000000000002        0.0000000000000000                      +Infinity
  2.59999999999999988E-002  0.77800000000000002        0.0000000000000000                      +Infinity
  2.59999999999999988E-002  0.78200000000000003        0.0000000000000000                      +Infinity
  2.59999999999999988E-002  0.78600000000000003        0.0000000000000000                      +Infinity
  2.59999999999999988E-002  0.79000000000000004        0.0000000000000000                      +Infinity
  2.59999999999999988E-002  0.79400000000000004        0.0000000000000000                      +Infinity
  2.59999999999999988E-002  0.79800000000000004        0.0000000000000000                      +Infinity
  2.59999999999999988E-002  0.80200000000000005        0.0000000000000000                      +Infinity
  2.59999999999999988E-002  0.80600000000000005        0.0000000000000000                      +Infinity
  2.59999999999999988E-002  0.81000000000000005        0.0000000000000000                      +Infinity
  2.59999999999999988E-002  0.81399999999999995        0.0000000000000000                      +Infinity
  2.59999999999999988E-002  0.81799999999999995        0.0000000000000000                      +Infinity
  2.59999999999999988E-002  0.82199999999999995        0.0000000000000000                      +Infinity
  2.59999999999999988E-002  0.82599999999999996        0.0000000000000000                      +Infinity
  2.59999999999999988E-002  0.82999999999999996        0.0000000000000000                      +Infinity
  2.59999999999999988E-002  0.83399999999999996        0.0000000000000000                      +Infinity
  2.59999999999999988E-002  0.83799999999999997        0.0000000000000000                      +Infinity
  2.59999999999999988E-002  0.84199999999999997        0.0000000000000000                      +Infinity
  2.59999999999999988E-002  0.84599999999999997        0.0000000000000000                      +Infinity
  2.59999999999999988E-002  0.84999999999999998        0.0000000000000000                      +Infinity
  2.59999999999999988E-002  0.85399999999999998        0.0000000000000000                      +Infinity
  2.59999999999999988E-002  0.85799999999999998        0.0000000000000000                      +Infinity
  2.59999999999999988E-002  0.86199999999999999        0.0000000000000000                      +Infinity
  2.59999999999999988E-002  0.86599999999999999        0.0000000000000000                      +Infinity
  2.59999999999999988E-002  0.87000000000000000        0.0000000000000000                      +Infinity
  2.59999999999999988E-002  0.87400000000000000        0.0000000000000000                      +Infinity
  2.59999999999999988E-002  0.87800000000000000        0.0000000000000000                      +Infinity
  2.59999999999999988E-002  0.88200000000000001        0.0000000000000000                      +Infinity
  2.59999999999999988E-002  0.88600000000000001        0.0000000000000000                      +Infinity
  2.59999999999999988E-002  0.89000000000000001        0.0000000000000000                      +Infinity
  2.59999999999999988E-002  0.89400000000000002        0.0000000000000000                      +Infinity
  2.59999999999999988E-002  0.89800000000000002        0.0000000000000000                      +Infinity
  2.59999999999999988E-002  0.90200000000000002        0.0000000000000000                      +Infinity
  2.59999999999999988E-002  0.90600000000000003        0.0000000000000000                      +Infinity
  2.59999999999999988E-002  0.91000000000000003        0.0000000000000000                      +Infinity
  2.59999999999999988E-002  0.91400000000000003        0.0000000000000000                      +Infinity
  2.59999999999999988E-002  0.91800000000000004        0.0000000000000000                      +Infinity
  2.59999999999999988E-002  0.92200000000000004        0.0000000000000000                      +Infinity
  2.59999999999999988E-002  0.92600000000000005        0.0000000000000000                      +Infinity
  2.59999999999999988E-002  0.93000000000000005        0.0000000000000000                      +Infinity
  2.59999999999999988E-002  0.93400000000000005        0.0000000000000000                      +Infinity
  2.59999999999999988E-002  0.93799999999999994        0.0000000000000000                      +Infinity
  2.59999999999999988E-002  0.94199999999999995        0.0000000000000000                      +Infinity
  2.59999999999999988E-002  0.94599999999999995        0.0000000000000000                      +Infinity
  2.59999999999999988E-002  0.94999999999999996        0.0000000000000000                      +Infinity
  2.59999999999999988E-002  0.95399999999999996        0.0000000000000000                      +Infinity
  2.59999999999999988E-002  0.95799999999999996        0.0000000000000000                      +Infinity
  2.59999999999999988E-002  0.96199999999999997        0.0000000000000000                      +Infinity
  2.59999999999999988E-002  0.96599999999999997        0.0000000000000000                      +Infinity
  2.59999999999999988E-002  0.96999999999999997        0.0000000000000000                      +Infinity
  2.59999999999999988E-002  0.97399999999999998        0.0000000000000000                      +Infinity
  2.59999999999999988E-002  0.97799999999999998        0.0000000000000000                      +Infinity
  2.59999999999999988E-002  0.98199999999999998        0.0000000000000000                      +Infinity
  2.59999999999999988E-002  0.98599999999999999        0.0000000000000000                      +Infinity
  2.59999999999999988E-002  0.98999999999999999        0.0000000000000000                      +Infinity
  2.59999999999999988E-002  0.99399999999999999        0.0000000000000000                      +Infinity
  2.59999999999999988E-002  0.99800000000000000        0.0000000000000000                      +Infinity
