  5.80000000000000029E-002 -0.99800000000000000        0.0000000000000000                      +Infinity
  5.80000000000000029E-002 -0.99399999999999999        0.0000000000000000                      +Infinity
  5.80000000000000029E-002 -0.98999999999999999        0.0000000000000000                      +Infinity
  5.80000000000000029E-002 -0.98599999999999999        0.0000000000000000                      +Infinity
  5.80000000000000029E-002 -0.98199999999999998        0.0000000000000000                      +Infinity
  5.80000000000000029E-002 -0.97799999999999998        0.0000000000000000                      +Infinity
  5.80000000000000029E-002 -0.97399999999999998        0.0000000000000000                      +Infinity
  5.80000000000000029E-002 -0.96999999999999997        0.0000000000000000                      +Infinity
  5.80000000000000029E-002 -0.96599999999999997        0.0000000000000000                      +Infinity
  5.80000000000000029E-002 -0.96199999999999997        0.0000000000000000                      +Infinity
  5.80000000000000029E-002 -0.95799999999999996        0.0000000000000000                      +Infinity
  5.80000000000000029E-002 -0.95399999999999996        0.0000000000000000                      +Infinity
  5.80000000000000029E-002 -0.94999999999999996        0.0000000000000000                      +Infinity
  5.80000000000000029E-002 -0.94599999999999995        0.0000000000000000                      +Infinity
  5.80000000000000029E-002 -0.94199999999999995        0.0000000000000000                      +Infinity
  5.80000000000000029E-002 -0.93799999999999994        0.0000000000000000                      +Infinity
  5.80000000000000029E-002 -0.93400000000000005        0.0000000000000000                      +Infinity
  5.80000000000000029E-002 -0.93000000000000005        0.0000000000000000                      +Infinity
  5.80000000000000029E-002 -0.92600000000000005        0.0000000000000000                      +Infinity
  5.80000000000000029E-002 -0.92200000000000004        0.0000000000000000                      +Infinity
  5.80000000000000029E-002 -0.91800000000000004        0.0000000000000000                      +Infinity
  5.80000000000000029E-002 -0.91400000000000003        0.0000000000000000                      +Infinity
  5.80000000000000029E-002 -0.91000000000000003        0.0000000000000000                      +Infinity
  5.80000000000000029E-002 -0.90600000000000003        0.0000000000000000                      +Infinity
  5.80000000000000029E-002 -0.90200000000000002        0.0000000000000000                      +Infinity
  5.80000000000000029E-002 -0.89800000000000002        0.0000000000000000                      +Infinity
  5.80000000000000029E-002 -0.89400000000000002        0.0000000000000000                      +Infinity
  5.80000000000000029E-002 -0.89000000000000001        0.0000000000000000                      +Infinity
  5.80000000000000029E-002 -0.88600000000000001        0.0000000000000000                      +Infinity
  5.80000000000000029E-002 -0.88200000000000001        0.0000000000000000                      +Infinity
  5.80000000000000029E-002 -0.87800000000000000        0.0000000000000000                      +Infinity
  5.80000000000000029E-002 -0.87400000000000000        0.0000000000000000                      +Infinity
  5.80000000000000029E-002 -0.87000000000000000        0.0000000000000000                      +Infinity
  5.80000000000000029E-002 -0.86599999999999999        0.0000000000000000                      +Infinity
  5.80000000000000029E-002 -0.86199999999999999        0.0000000000000000                      +Infinity
  5.80000000000000029E-002 -0.85799999999999998        0.0000000000000000                      +Infinity
  5.80000000000000029E-002 -0.85399999999999998        0.0000000000000000                      +Infinity
  5.80000000000000029E-002 -0.84999999999999998        0.0000000000000000                      +Infinity
  5.80000000000000029E-002 -0.84599999999999997        0.0000000000000000                      +Infinity
  5.80000000000000029E-002 -0.84199999999999997        0.0000000000000000                      +Infinity
  5.80000000000000029E-002 -0.83799999999999997        0.0000000000000000                      +Infinity
  5.80000000000000029E-002 -0.83399999999999996        0.0000000000000000                      +Infinity
  5.80000000000000029E-002 -0.82999999999999996        0.0000000000000000                      +Infinity
  5.80000000000000029E-002 -0.82599999999999996        0.0000000000000000                      +Infinity
  5.80000000000000029E-002 -0.82199999999999995        0.0000000000000000                      +Infinity
  5.80000000000000029E-002 -0.81799999999999995        0.0000000000000000                      +Infinity
  5.80000000000000029E-002 -0.81399999999999995        0.0000000000000000                      +Infinity
  5.80000000000000029E-002 -0.81000000000000005        0.0000000000000000                      +Infinity
  5.80000000000000029E-002 -0.80600000000000005        0.0000000000000000                      +Infinity
  5.80000000000000029E-002 -0.80200000000000005        0.0000000000000000                      +Infinity
  5.80000000000000029E-002 -0.79800000000000004        0.0000000000000000                      +Infinity
  5.80000000000000029E-002 -0.79400000000000004        0.0000000000000000                      +Infinity
  5.80000000000000029E-002 -0.79000000000000004        0.0000000000000000                      +Infinity
  5.80000000000000029E-002 -0.78600000000000003        0.0000000000000000                      +Infinity
  5.80000000000000029E-002 -0.78200000000000003        0.0000000000000000                      +Infinity
  5.80000000000000029E-002 -0.77800000000000002        0.0000000000000000                      +Infinity
  5.80000000000000029E-002 -0.77400000000000002        0.0000000000000000                      +Infinity
  5.80000000000000029E-002 -0.77000000000000002        0.0000000000000000                      +Infinity
  5.80000000000000029E-002 -0.76600000000000001        0.0000000000000000                      +Infinity
  5.80000000000000029E-002 -0.76200000000000001        0.0000000000000000                      +Infinity
  5.80000000000000029E-002 -0.75800000000000001        0.0000000000000000                      +Infinity
  5.80000000000000029E-002 -0.75400000000000000        0.0000000000000000                      +Infinity
  5.80000000000000029E-002 -0.75000000000000000        0.0000000000000000                      +Infinity
  5.80000000000000029E-002 -0.74600000000000000        0.0000000000000000                      +Infinity
  5.80000000000000029E-002 -0.74199999999999999        0.0000000000000000                      +Infinity
  5.80000000000000029E-002 -0.73799999999999999        0.0000000000000000                      +Infinity
  5.80000000000000029E-002 -0.73399999999999999        0.0000000000000000                      +Infinity
  5.80000000000000029E-002 -0.72999999999999998        0.0000000000000000                      +Infinity
  5.80000000000000029E-002 -0.72599999999999998        0.0000000000000000                      +Infinity
  5.80000000000000029E-002 -0.72199999999999998        0.0000000000000000                      +Infinity
  5.80000000000000029E-002 -0.71799999999999997        0.0000000000000000                      +Infinity
  5.80000000000000029E-002 -0.71399999999999997        0.0000000000000000                      +Infinity
  5.80000000000000029E-002 -0.70999999999999996        0.0000000000000000                      +Infinity
  5.80000000000000029E-002 -0.70599999999999996        0.0000000000000000                      +Infinity
  5.80000000000000029E-002 -0.70199999999999996        0.0000000000000000                      +Infinity
  5.80000000000000029E-002 -0.69799999999999995        0.0000000000000000                      +Infinity
  5.80000000000000029E-002 -0.69399999999999995        0.0000000000000000                      +Infinity
  5.80000000000000029E-002 -0.68999999999999995        0.0000000000000000                      +Infinity
  5.80000000000000029E-002 -0.68600000000000005        0.0000000000000000                      +Infinity
  5.80000000000000029E-002 -0.68200000000000005        0.0000000000000000                      +Infinity
  5.80000000000000029E-002 -0.67800000000000005        0.0000000000000000                      +Infinity
  5.80000000000000029E-002 -0.67400000000000004        0.0000000000000000                      +Infinity
  5.80000000000000029E-002 -0.67000000000000004        0.0000000000000000                      +Infinity
  5.80000000000000029E-002 -0.66600000000000004        0.0000000000000000                      +Infinity
  5.80000000000000029E-002 -0.66200000000000003        0.0000000000000000                      +Infinity
  5.80000000000000029E-002 -0.65800000000000003        0.0000000000000000                      +Infinity
  5.80000000000000029E-002 -0.65400000000000003        0.0000000000000000                      +Infinity
  5.80000000000000029E-002 -0.65000000000000002        0.0000000000000000                      +Infinity
  5.80000000000000029E-002 -0.64600000000000002        0.0000000000000000                      +Infinity
  5.80000000000000029E-002 -0.64200000000000002        0.0000000000000000                      +Infinity
  5.80000000000000029E-002 -0.63800000000000001        0.0000000000000000                      +Infinity
  5.80000000000000029E-002 -0.63400000000000001        0.0000000000000000                      +Infinity
  5.80000000000000029E-002 -0.63000000000000000        0.0000000000000000                      +Infinity
  5.80000000000000029E-002 -0.62600000000000000        0.0000000000000000                      +Infinity
  5.80000000000000029E-002 -0.62200000000000000        0.0000000000000000                      +Infinity
  5.80000000000000029E-002 -0.61799999999999999        0.0000000000000000                      +Infinity
  5.80000000000000029E-002 -0.61399999999999999        0.0000000000000000                      +Infinity
  5.80000000000000029E-002 -0.60999999999999999        0.0000000000000000                      +Infinity
  5.80000000000000029E-002 -0.60599999999999998        0.0000000000000000                      +Infinity
  5.80000000000000029E-002 -0.60199999999999998        0.0000000000000000                      +Infinity
  5.80000000000000029E-002 -0.59799999999999998        0.0000000000000000                      +Infinity
  5.80000000000000029E-002 -0.59399999999999997        0.0000000000000000                      +Infinity
  5.80000000000000029E-002 -0.58999999999999997        0.0000000000000000                      +Infinity
  5.80000000000000029E-002 -0.58599999999999997        0.0000000000000000                      +Infinity
  5.80000000000000029E-002 -0.58199999999999996        0.0000000000000000                      +Infinity
  5.80000000000000029E-002 -0.57799999999999996        0.0000000000000000                      +Infinity
  5.80000000000000029E-002 -0.57399999999999995        0.0000000000000000                      +Infinity
  5.80000000000000029E-002 -0.56999999999999995        0.0000000000000000                      +Infinity
  5.80000000000000029E-002 -0.56599999999999995        0.0000000000000000                      +Infinity
  5.80000000000000029E-002 -0.56200000000000006        0.0000000000000000                      +Infinity
  5.80000000000000029E-002 -0.55800000000000005        0.0000000000000000                      +Infinity
  5.80000000000000029E-002 -0.55400000000000005        0.0000000000000000                      +Infinity
  5.80000000000000029E-002 -0.55000000000000004        0.0000000000000000                      +Infinity
  5.80000000000000029E-002 -0.54600000000000004        0.0000000000000000                      +Infinity
  5.80000000000000029E-002 -0.54200000000000004        0.0000000000000000                      +Infinity
  5.80000000000000029E-002 -0.53800000000000003        0.0000000000000000                      +Infinity
  5.80000000000000029E-002 -0.53400000000000003        0.0000000000000000                      +Infinity
  5.80000000000000029E-002 -0.53000000000000003        0.0000000000000000                      +Infinity
  5.80000000000000029E-002 -0.52600000000000002        0.0000000000000000                      +Infinity
  5.80000000000000029E-002 -0.52200000000000002        0.0000000000000000                      +Infinity
  5.80000000000000029E-002 -0.51800000000000002        0.0000000000000000                      +Infinity
  5.80000000000000029E-002 -0.51400000000000001        0.0000000000000000                      +Infinity
  5.80000000000000029E-002 -0.51000000000000001        0.0000000000000000                      +Infinity
  5.80000000000000029E-002 -0.50600000000000001        0.0000000000000000                      +Infinity
  5.80000000000000029E-002 -0.50200000000000000        0.0000000000000000                      +Infinity
  5.80000000000000029E-002 -0.49800000000000000        0.0000000000000000                      +Infinity
  5.80000000000000029E-002 -0.49399999999999999        0.0000000000000000                      +Infinity
  5.80000000000000029E-002 -0.48999999999999999        0.0000000000000000                      +Infinity
  5.80000000000000029E-002 -0.48599999999999999        0.0000000000000000                      +Infinity
  5.80000000000000029E-002 -0.48199999999999998        0.0000000000000000                      +Infinity
  5.80000000000000029E-002 -0.47799999999999998        0.0000000000000000                      +Infinity
  5.80000000000000029E-002 -0.47399999999999998        0.0000000000000000                      +Infinity
  5.80000000000000029E-002 -0.46999999999999997        0.0000000000000000                      +Infinity
  5.80000000000000029E-002 -0.46600000000000003        0.0000000000000000                      +Infinity
  5.80000000000000029E-002 -0.46200000000000002        0.0000000000000000                      +Infinity
  5.80000000000000029E-002 -0.45800000000000002        0.0000000000000000                      +Infinity
  5.80000000000000029E-002 -0.45400000000000001        0.0000000000000000                      +Infinity
  5.80000000000000029E-002 -0.45000000000000001        0.0000000000000000                      +Infinity
  5.80000000000000029E-002 -0.44600000000000001        0.0000000000000000                      +Infinity
  5.80000000000000029E-002 -0.44200000000000000        0.0000000000000000                      +Infinity
  5.80000000000000029E-002 -0.43800000000000000        0.0000000000000000                      +Infinity
  5.80000000000000029E-002 -0.43400000000000000        0.0000000000000000                      +Infinity
  5.80000000000000029E-002 -0.42999999999999999        0.0000000000000000                      +Infinity
  5.80000000000000029E-002 -0.42599999999999999        0.0000000000000000                      +Infinity
  5.80000000000000029E-002 -0.42199999999999999        0.0000000000000000                      +Infinity
  5.80000000000000029E-002 -0.41799999999999998        0.0000000000000000                      +Infinity
  5.80000000000000029E-002 -0.41399999999999998        0.0000000000000000                      +Infinity
  5.80000000000000029E-002 -0.40999999999999998        0.0000000000000000                      +Infinity
  5.80000000000000029E-002 -0.40600000000000003        0.0000000000000000                      +Infinity
  5.80000000000000029E-002 -0.40200000000000002        0.0000000000000000                      +Infinity
  5.80000000000000029E-002 -0.39800000000000002        0.0000000000000000                      +Infinity
  5.80000000000000029E-002 -0.39400000000000002        0.0000000000000000                      +Infinity
  5.80000000000000029E-002 -0.39000000000000001        0.0000000000000000                      +Infinity
  5.80000000000000029E-002 -0.38600000000000001        0.0000000000000000                      +Infinity
  5.80000000000000029E-002 -0.38200000000000001        0.0000000000000000                      +Infinity
  5.80000000000000029E-002 -0.37800000000000000        0.0000000000000000                      +Infinity
  5.80000000000000029E-002 -0.37400000000000000        0.0000000000000000                      +Infinity
  5.80000000000000029E-002 -0.37000000000000000        0.0000000000000000                      +Infinity
  5.80000000000000029E-002 -0.36599999999999999        0.0000000000000000                      +Infinity
  5.80000000000000029E-002 -0.36199999999999999        0.0000000000000000                      +Infinity
  5.80000000000000029E-002 -0.35799999999999998        0.0000000000000000                      +Infinity
  5.80000000000000029E-002 -0.35399999999999998        0.0000000000000000                      +Infinity
  5.80000000000000029E-002 -0.34999999999999998        0.0000000000000000                      +Infinity
  5.80000000000000029E-002 -0.34599999999999997        0.0000000000000000                      +Infinity
  5.80000000000000029E-002 -0.34200000000000003        0.0000000000000000                      +Infinity
  5.80000000000000029E-002 -0.33800000000000002        0.0000000000000000                      +Infinity
  5.80000000000000029E-002 -0.33400000000000002        0.0000000000000000                      +Infinity
  5.80000000000000029E-002 -0.33000000000000002        0.0000000000000000                      +Infinity
  5.80000000000000029E-002 -0.32600000000000001        0.0000000000000000                      +Infinity
  5.80000000000000029E-002 -0.32200000000000001        0.0000000000000000                      +Infinity
  5.80000000000000029E-002 -0.31800000000000000        0.0000000000000000                      +Infinity
  5.80000000000000029E-002 -0.31400000000000000        0.0000000000000000                      +Infinity
  5.80000000000000029E-002 -0.31000000000000000        0.0000000000000000                      +Infinity
  5.80000000000000029E-002 -0.30599999999999999        0.0000000000000000                      +Infinity
  5.80000000000000029E-002 -0.30199999999999999        0.0000000000000000                      +Infinity
  5.80000000000000029E-002 -0.29799999999999999        0.0000000000000000                      +Infinity
  5.80000000000000029E-002 -0.29399999999999998        0.0000000000000000                      +Infinity
  5.80000000000000029E-002 -0.28999999999999998        0.0000000000000000                      +Infinity
  5.80000000000000029E-002 -0.28599999999999998        0.0000000000000000                      +Infinity
  5.80000000000000029E-002 -0.28199999999999997        0.0000000000000000                      +Infinity
  5.80000000000000029E-002 -0.27800000000000002       3.39950000000000010E-008   17.197052381967989
  5.80000000000000029E-002 -0.27400000000000002       3.41495000000000002E-007   14.889932799331184
  5.80000000000000029E-002 -0.27000000000000002       4.79420000000000041E-007   14.550688797001147
  5.80000000000000029E-002 -0.26600000000000001       2.63000000000000012E-007   15.151111804768647
  5.80000000000000029E-002 -0.26200000000000001       3.00564999999999965E-007   15.017601800205547
  5.80000000000000029E-002 -0.25800000000000001       2.22960000000000006E-007   15.316273453772718
  5.80000000000000029E-002 -0.25400000000000000       1.81010000000000004E-007   15.524713558587949
  5.80000000000000029E-002 -0.25000000000000000       3.80435000000000005E-007   14.781950502095492
  5.80000000000000029E-002 -0.24600000000000000       9.01175000000000100E-007   13.919566369563162
  5.80000000000000029E-002 -0.24199999999999999       9.76460000000000050E-007   13.839332050090276
  5.80000000000000029E-002 -0.23799999999999999       1.49348000000000006E-006   13.414401590742482
  5.80000000000000029E-002 -0.23400000000000001       2.19326500000000034E-006   13.030119256795683
  5.80000000000000029E-002 -0.23000000000000001       2.54852500000000030E-006   12.879995797522454
  5.80000000000000029E-002 -0.22600000000000001       3.54499500000000001E-006   12.549973808418413
  5.80000000000000029E-002 -0.22200000000000000       5.44216500000000027E-006   12.121333598327462
  5.80000000000000029E-002 -0.21800000000000000       7.00398499999999999E-006   11.869031285176314
  5.80000000000000029E-002 -0.21400000000000000       9.76420000000000047E-006   11.536787922234904
  5.80000000000000029E-002 -0.20999999999999999       1.29929899999999984E-005   11.251100576709165
  5.80000000000000029E-002 -0.20599999999999999       1.52259050000000014E-005   11.092512304427183
  5.80000000000000029E-002 -0.20200000000000001       2.10744399999999988E-005   10.767449626196887
  5.80000000000000029E-002 -0.19800000000000001       2.96149000000000000E-005   10.427232944908276
  5.80000000000000029E-002 -0.19400000000000001       3.76673700000000025E-005   10.186716355528002
  5.80000000000000029E-002 -0.19000000000000000       5.03764200000000024E-005   9.8959873495091095
  5.80000000000000029E-002 -0.18600000000000000       6.53405850000000015E-005   9.6358971986633861
  5.80000000000000029E-002 -0.18200000000000000       8.64017750000000085E-005   9.3565023383838071
  5.80000000000000029E-002 -0.17799999999999999       1.07169865000000003E-004   9.1410954589210434
  5.80000000000000029E-002 -0.17399999999999999       1.38492410000000003E-004   8.8846950352825775
  5.80000000000000029E-002 -0.17000000000000001       1.76658475000000001E-004   8.6412922090857709
  5.80000000000000029E-002 -0.16600000000000001       2.21880669999999989E-004   8.4133708431315384
  5.80000000000000029E-002 -0.16200000000000001       2.75943920000000021E-004   8.1953129012984824
  5.80000000000000029E-002 -0.15800000000000000       3.53353869999999983E-004   7.9480405385738164
  5.80000000000000029E-002 -0.15400000000000000       4.40849694999999981E-004   7.7268065682767766
  5.80000000000000029E-002 -0.14999999999999999       5.63340209999999984E-004   7.4816268316891792
  5.80000000000000029E-002 -0.14599999999999999       6.82635325000000015E-004   7.2895497721714424
  5.80000000000000029E-002 -0.14199999999999999       8.41167195000000066E-004   7.0807201127563655
  5.80000000000000029E-002 -0.13800000000000001       1.02346957000000005E-003   6.8845568846190321
  5.80000000000000029E-002 -0.13400000000000001       1.23672563500000000E-003   6.6952880088793050
  5.80000000000000029E-002 -0.13000000000000000       1.50422259500000016E-003   6.4994790624110230
  5.80000000000000029E-002 -0.12600000000000000       1.79034112000000015E-003   6.3253491074531949
  5.80000000000000029E-002 -0.12200000000000000       2.12341342500000025E-003   6.1547303789973276
  5.80000000000000029E-002 -0.11799999999999999       2.52709919499999975E-003   5.9806831972903067
  5.80000000000000029E-002 -0.11400000000000000       2.98029138500000013E-003   5.8157342030436538
  5.80000000000000029E-002 -0.11000000000000000       3.49780877000000021E-003   5.6556185722620294
  5.80000000000000029E-002 -0.10600000000000000       4.08447645500000043E-003   5.5005617216744209
  5.80000000000000029E-002 -0.10199999999999999       4.72146341999999958E-003   5.3556364808290216
  5.80000000000000029E-002 -9.80000000000000038E-002  5.41546791999999999E-003   5.2184959904434480
  5.80000000000000029E-002 -9.40000000000000002E-002  6.24686290500000001E-003   5.0756758764454677
  5.80000000000000029E-002 -8.99999999999999967E-002  7.09165708999999998E-003   4.9488362436030018
  5.80000000000000029E-002 -8.59999999999999931E-002  8.02220035999999873E-003   4.8255425356310457
  5.80000000000000029E-002 -8.20000000000000034E-002  9.02542085500000063E-003   4.7077101437174722
  5.80000000000000029E-002 -7.79999999999999999E-002  1.01173144449999992E-002   4.5935070213873752
  5.80000000000000029E-002 -7.39999999999999963E-002  1.12752288650000004E-002   4.4851470953515120
  5.80000000000000029E-002 -7.00000000000000067E-002  1.25456561100000009E-002   4.3783808000132414
  5.80000000000000029E-002 -6.60000000000000031E-002  1.38176003049999985E-002   4.2818121150105428
  5.80000000000000029E-002 -6.19999999999999996E-002  1.51422453249999995E-002   4.1902667378076472
  5.80000000000000029E-002 -5.80000000000000029E-002  1.65626383999999995E-002   4.1006058190441941
  5.80000000000000029E-002 -5.39999999999999994E-002  1.78442337850000000E-002   4.0260748601991647
  5.80000000000000029E-002 -5.00000000000000028E-002  1.91833641049999996E-002   3.9537118284002357
  5.80000000000000029E-002 -4.59999999999999992E-002  2.05731716349999982E-002   3.8837673997940803
  5.80000000000000029E-002 -4.20000000000000026E-002  2.19031735000000012E-002   3.8211237439821306
  5.80000000000000029E-002 -3.79999999999999991E-002  2.31668435649999976E-002   3.7650331792093730
  5.80000000000000029E-002 -3.40000000000000024E-002  2.44208575000000004E-002   3.7123176962559690
  5.80000000000000029E-002 -2.99999999999999989E-002  2.55040962500000003E-002   3.6689162024636368
  5.80000000000000029E-002 -2.59999999999999988E-002  2.65022935000000029E-002   3.6305240025651395
  5.80000000000000029E-002 -2.19999999999999987E-002  2.74160730699999980E-002   3.5966258291813999
  5.80000000000000029E-002 -1.79999999999999986E-002  2.82369860800000018E-002   3.5671225972651008
  5.80000000000000029E-002 -1.40000000000000003E-002  2.88134238599999995E-002   3.5469138941840122
  5.80000000000000029E-002 -1.00000000000000002E-002  2.92986027750000017E-002   3.5302154509562382
  5.80000000000000029E-002 -6.00000000000000012E-003  2.96359619650000024E-002   3.5187667238338678
  5.80000000000000029E-002 -2.00000000000000004E-003  2.99895269250000027E-002   3.5069070607704451
  5.80000000000000029E-002  2.00000000000000004E-003  2.98965472050000021E-002   3.5100122833472502
  5.80000000000000029E-002  6.00000000000000012E-003  2.96472798150000001E-002   3.5183849009173849
  5.80000000000000029E-002  1.00000000000000002E-002  2.93067900399999991E-002   3.5299360478276181
  5.80000000000000029E-002  1.40000000000000003E-002  2.88529768300000017E-002   3.5455421083354315
  5.80000000000000029E-002  1.79999999999999986E-002  2.82570137100000007E-002   3.5664135792839544
  5.80000000000000029E-002  2.19999999999999987E-002  2.74527774500000037E-002   3.5952879339958033
  5.80000000000000029E-002  2.59999999999999988E-002  2.66111573349999998E-002   3.6264247024542815
  5.80000000000000029E-002  2.99999999999999989E-002  2.56039740300000006E-002   3.6650077039975359
  5.80000000000000029E-002  3.40000000000000024E-002  2.46107447950000002E-002   3.7045721511200087
  5.80000000000000029E-002  3.79999999999999991E-002  2.34556178450000020E-002   3.7526452458304687
  5.80000000000000029E-002  4.20000000000000026E-002  2.21070142749999997E-002   3.8118603328062997
  5.80000000000000029E-002  4.59999999999999992E-002  2.07926564649999999E-002   3.8731554091806091
  5.80000000000000029E-002  5.00000000000000028E-002  1.94507196300000018E-002   3.9398712106304044
  5.80000000000000029E-002  5.39999999999999994E-002  1.80985377349999997E-002   4.0119241320954400
  5.80000000000000029E-002  5.80000000000000029E-002  1.67578203850000003E-002   4.0888902410129413
  5.80000000000000029E-002  6.19999999999999996E-002  1.54305771050000009E-002   4.1714042118158829
  5.80000000000000029E-002  6.60000000000000031E-002  1.41012919049999987E-002   4.2614888613271944
  5.80000000000000029E-002  7.00000000000000067E-002  1.28230938000000010E-002   4.3565075305510188
  5.80000000000000029E-002  7.39999999999999963E-002  1.16383546300000001E-002   4.4534492014813747
  5.80000000000000029E-002  7.79999999999999999E-002  1.04750367299999998E-002   4.5587603067361693
  5.80000000000000029E-002  8.20000000000000034E-002  9.33636682000000065E-003   4.6738380938528694
  5.80000000000000029E-002  8.59999999999999931E-002  8.32359765000000029E-003   4.7886607077554508
  5.80000000000000029E-002  8.99999999999999967E-002  7.36841581500000033E-003   4.9105525463609547
  5.80000000000000029E-002  9.40000000000000002E-002  6.49645958499999940E-003   5.0364979297029331
  5.80000000000000029E-002  9.80000000000000038E-002  5.65485884500000011E-003   5.1752401308219618
  5.80000000000000029E-002  0.10199999999999999       4.88474293500000024E-003   5.3216386182087927
  5.80000000000000029E-002  0.10600000000000000       4.21777890500000044E-003   5.4684466153216595
  5.80000000000000029E-002  0.11000000000000000       3.62207324499999985E-003   5.6207086974724838
  5.80000000000000029E-002  0.11400000000000000       3.10898801499999997E-003   5.7734580028502291
  5.80000000000000029E-002  0.11799999999999999       2.63141424499999978E-003   5.9402338415790732
  5.80000000000000029E-002  0.12200000000000000       2.18894463500000002E-003   6.1243357531322138
  5.80000000000000029E-002  0.12600000000000000       1.82964760499999997E-003   6.3036318962457090
  5.80000000000000029E-002  0.13000000000000000       1.51567225000000011E-003   6.4918962090666321
  5.80000000000000029E-002  0.13400000000000001       1.25082669000000008E-003   6.6839505942647870
  5.80000000000000029E-002  0.13800000000000001       1.01538834500000002E-003   6.8924841337520339
  5.80000000000000029E-002  0.14199999999999999       8.10142405000000032E-004   7.1183005171083424
  5.80000000000000029E-002  0.14599999999999999       6.45070139999999958E-004   7.3461515028946760
  5.80000000000000029E-002  0.14999999999999999       5.17419404999999982E-004   7.5666567840837828
  5.80000000000000029E-002  0.15400000000000000       4.19632930000000048E-004   7.7761302050171972
  5.80000000000000029E-002  0.15800000000000000       3.26117714999999970E-004   8.0282521528174389
  5.80000000000000029E-002  0.16200000000000001       2.54607174999999962E-004   8.2757886907769418
  5.80000000000000029E-002  0.16600000000000001       2.00011109999999987E-004   8.5171376429590815
  5.80000000000000029E-002  0.17000000000000001       1.54428739999999990E-004   8.7757777977991065
  5.80000000000000029E-002  0.17399999999999999       1.15337694999999998E-004   9.0676462543706631
  5.80000000000000029E-002  0.17799999999999999       8.79445699999999961E-005   9.3388038283114625
  5.80000000000000029E-002  0.18200000000000000       6.85612850000000095E-005   9.5877825411432749
  5.80000000000000029E-002  0.18600000000000000       4.88559749999999994E-005   9.9266338737514470
  5.80000000000000029E-002  0.19000000000000000       3.64441450000000021E-005   10.219729743413520
  5.80000000000000029E-002  0.19400000000000001       2.63679600000000029E-005   10.543360921228654
  5.80000000000000029E-002  0.19800000000000001       1.98441700000000001E-005   10.827600296740961
  5.80000000000000029E-002  0.20200000000000001       1.58389549999999989E-005   11.053038145976480
  5.80000000000000029E-002  0.20599999999999999       1.25196350000000020E-005   11.288212346071921
  5.80000000000000029E-002  0.20999999999999999       9.70697000000000000E-006   11.542666373792169
  5.80000000000000029E-002  0.21400000000000000       7.65027500000000020E-006   11.780768963059515
  5.80000000000000029E-002  0.21800000000000000       5.06361499999999946E-006   12.193429902868827
  5.80000000000000029E-002  0.22200000000000000       3.11781500000000023E-006   12.678378121994664
  5.80000000000000029E-002  0.22600000000000001       2.22031499999999993E-006   13.017861480253897
  5.80000000000000029E-002  0.23000000000000001       9.61530000000000008E-007   13.854740071156275
  5.80000000000000029E-002  0.23400000000000001       3.41159999999999966E-007   14.890914261495503
  5.80000000000000029E-002  0.23799999999999999       1.18325000000000009E-007   15.949830761154100
  5.80000000000000029E-002  0.24199999999999999       4.88700000000000002E-008   16.834102125664348
  5.80000000000000029E-002  0.24600000000000000        0.0000000000000000                      +Infinity
  5.80000000000000029E-002  0.25000000000000000        0.0000000000000000                      +Infinity
  5.80000000000000029E-002  0.25400000000000000        0.0000000000000000                      +Infinity
  5.80000000000000029E-002  0.25800000000000001        0.0000000000000000                      +Infinity
  5.80000000000000029E-002  0.26200000000000001        0.0000000000000000                      +Infinity
  5.80000000000000029E-002  0.26600000000000001        0.0000000000000000                      +Infinity
  5.80000000000000029E-002  0.27000000000000002        0.0000000000000000                      +Infinity
  5.80000000000000029E-002  0.27400000000000002        0.0000000000000000                      +Infinity
  5.80000000000000029E-002  0.27800000000000002        0.0000000000000000                      +Infinity
  5.80000000000000029E-002  0.28199999999999997        0.0000000000000000                      +Infinity
  5.80000000000000029E-002  0.28599999999999998        0.0000000000000000                      +Infinity
  5.80000000000000029E-002  0.28999999999999998        0.0000000000000000                      +Infinity
  5.80000000000000029E-002  0.29399999999999998        0.0000000000000000                      +Infinity
  5.80000000000000029E-002  0.29799999999999999        0.0000000000000000                      +Infinity
  5.80000000000000029E-002  0.30199999999999999        0.0000000000000000                      +Infinity
  5.80000000000000029E-002  0.30599999999999999        0.0000000000000000                      +Infinity
  5.80000000000000029E-002  0.31000000000000000        0.0000000000000000                      +Infinity
  5.80000000000000029E-002  0.31400000000000000        0.0000000000000000                      +Infinity
  5.80000000000000029E-002  0.31800000000000000        0.0000000000000000                      +Infinity
  5.80000000000000029E-002  0.32200000000000001        0.0000000000000000                      +Infinity
  5.80000000000000029E-002  0.32600000000000001        0.0000000000000000                      +Infinity
  5.80000000000000029E-002  0.33000000000000002        0.0000000000000000                      +Infinity
  5.80000000000000029E-002  0.33400000000000002        0.0000000000000000                      +Infinity
  5.80000000000000029E-002  0.33800000000000002        0.0000000000000000                      +Infinity
  5.80000000000000029E-002  0.34200000000000003        0.0000000000000000                      +Infinity
  5.80000000000000029E-002  0.34599999999999997        0.0000000000000000                      +Infinity
  5.80000000000000029E-002  0.34999999999999998        0.0000000000000000                      +Infinity
  5.80000000000000029E-002  0.35399999999999998        0.0000000000000000                      +Infinity
  5.80000000000000029E-002  0.35799999999999998        0.0000000000000000                      +Infinity
  5.80000000000000029E-002  0.36199999999999999        0.0000000000000000                      +Infinity
  5.80000000000000029E-002  0.36599999999999999        0.0000000000000000                      +Infinity
  5.80000000000000029E-002  0.37000000000000000        0.0000000000000000                      +Infinity
  5.80000000000000029E-002  0.37400000000000000        0.0000000000000000                      +Infinity
  5.80000000000000029E-002  0.37800000000000000        0.0000000000000000                      +Infinity
  5.80000000000000029E-002  0.38200000000000001        0.0000000000000000                      +Infinity
  5.80000000000000029E-002  0.38600000000000001        0.0000000000000000                      +Infinity
  5.80000000000000029E-002  0.39000000000000001        0.0000000000000000                      +Infinity
  5.80000000000000029E-002  0.39400000000000002        0.0000000000000000                      +Infinity
  5.80000000000000029E-002  0.39800000000000002        0.0000000000000000                      +Infinity
  5.80000000000000029E-002  0.40200000000000002        0.0000000000000000                      +Infinity
  5.80000000000000029E-002  0.40600000000000003        0.0000000000000000                      +Infinity
  5.80000000000000029E-002  0.40999999999999998        0.0000000000000000                      +Infinity
  5.80000000000000029E-002  0.41399999999999998        0.0000000000000000                      +Infinity
  5.80000000000000029E-002  0.41799999999999998        0.0000000000000000                      +Infinity
  5.80000000000000029E-002  0.42199999999999999        0.0000000000000000                      +Infinity
  5.80000000000000029E-002  0.42599999999999999        0.0000000000000000                      +Infinity
  5.80000000000000029E-002  0.42999999999999999        0.0000000000000000                      +Infinity
  5.80000000000000029E-002  0.43400000000000000        0.0000000000000000                      +Infinity
  5.80000000000000029E-002  0.43800000000000000        0.0000000000000000                      +Infinity
  5.80000000000000029E-002  0.44200000000000000        0.0000000000000000                      +Infinity
  5.80000000000000029E-002  0.44600000000000001        0.0000000000000000                      +Infinity
  5.80000000000000029E-002  0.45000000000000001        0.0000000000000000                      +Infinity
  5.80000000000000029E-002  0.45400000000000001        0.0000000000000000                      +Infinity
  5.80000000000000029E-002  0.45800000000000002        0.0000000000000000                      +Infinity
  5.80000000000000029E-002  0.46200000000000002        0.0000000000000000                      +Infinity
  5.80000000000000029E-002  0.46600000000000003        0.0000000000000000                      +Infinity
  5.80000000000000029E-002  0.46999999999999997        0.0000000000000000                      +Infinity
  5.80000000000000029E-002  0.47399999999999998        0.0000000000000000                      +Infinity
  5.80000000000000029E-002  0.47799999999999998        0.0000000000000000                      +Infinity
  5.80000000000000029E-002  0.48199999999999998        0.0000000000000000                      +Infinity
  5.80000000000000029E-002  0.48599999999999999        0.0000000000000000                      +Infinity
  5.80000000000000029E-002  0.48999999999999999        0.0000000000000000                      +Infinity
  5.80000000000000029E-002  0.49399999999999999        0.0000000000000000                      +Infinity
  5.80000000000000029E-002  0.49800000000000000        0.0000000000000000                      +Infinity
  5.80000000000000029E-002  0.50200000000000000        0.0000000000000000                      +Infinity
  5.80000000000000029E-002  0.50600000000000001        0.0000000000000000                      +Infinity
  5.80000000000000029E-002  0.51000000000000001        0.0000000000000000                      +Infinity
  5.80000000000000029E-002  0.51400000000000001        0.0000000000000000                      +Infinity
  5.80000000000000029E-002  0.51800000000000002        0.0000000000000000                      +Infinity
  5.80000000000000029E-002  0.52200000000000002        0.0000000000000000                      +Infinity
  5.80000000000000029E-002  0.52600000000000002        0.0000000000000000                      +Infinity
  5.80000000000000029E-002  0.53000000000000003        0.0000000000000000                      +Infinity
  5.80000000000000029E-002  0.53400000000000003        0.0000000000000000                      +Infinity
  5.80000000000000029E-002  0.53800000000000003        0.0000000000000000                      +Infinity
  5.80000000000000029E-002  0.54200000000000004        0.0000000000000000                      +Infinity
  5.80000000000000029E-002  0.54600000000000004        0.0000000000000000                      +Infinity
  5.80000000000000029E-002  0.55000000000000004        0.0000000000000000                      +Infinity
  5.80000000000000029E-002  0.55400000000000005        0.0000000000000000                      +Infinity
  5.80000000000000029E-002  0.55800000000000005        0.0000000000000000                      +Infinity
  5.80000000000000029E-002  0.56200000000000006        0.0000000000000000                      +Infinity
  5.80000000000000029E-002  0.56599999999999995        0.0000000000000000                      +Infinity
  5.80000000000000029E-002  0.56999999999999995        0.0000000000000000                      +Infinity
  5.80000000000000029E-002  0.57399999999999995        0.0000000000000000                      +Infinity
  5.80000000000000029E-002  0.57799999999999996        0.0000000000000000                      +Infinity
  5.80000000000000029E-002  0.58199999999999996        0.0000000000000000                      +Infinity
  5.80000000000000029E-002  0.58599999999999997        0.0000000000000000                      +Infinity
  5.80000000000000029E-002  0.58999999999999997        0.0000000000000000                      +Infinity
  5.80000000000000029E-002  0.59399999999999997        0.0000000000000000                      +Infinity
  5.80000000000000029E-002  0.59799999999999998        0.0000000000000000                      +Infinity
  5.80000000000000029E-002  0.60199999999999998        0.0000000000000000                      +Infinity
  5.80000000000000029E-002  0.60599999999999998        0.0000000000000000                      +Infinity
  5.80000000000000029E-002  0.60999999999999999        0.0000000000000000                      +Infinity
  5.80000000000000029E-002  0.61399999999999999        0.0000000000000000                      +Infinity
  5.80000000000000029E-002  0.61799999999999999        0.0000000000000000                      +Infinity
  5.80000000000000029E-002  0.62200000000000000        0.0000000000000000                      +Infinity
  5.80000000000000029E-002  0.62600000000000000        0.0000000000000000                      +Infinity
  5.80000000000000029E-002  0.63000000000000000        0.0000000000000000                      +Infinity
  5.80000000000000029E-002  0.63400000000000001        0.0000000000000000                      +Infinity
  5.80000000000000029E-002  0.63800000000000001        0.0000000000000000                      +Infinity
  5.80000000000000029E-002  0.64200000000000002        0.0000000000000000                      +Infinity
  5.80000000000000029E-002  0.64600000000000002        0.0000000000000000                      +Infinity
  5.80000000000000029E-002  0.65000000000000002        0.0000000000000000                      +Infinity
  5.80000000000000029E-002  0.65400000000000003        0.0000000000000000                      +Infinity
  5.80000000000000029E-002  0.65800000000000003        0.0000000000000000                      +Infinity
  5.80000000000000029E-002  0.66200000000000003        0.0000000000000000                      +Infinity
  5.80000000000000029E-002  0.66600000000000004        0.0000000000000000                      +Infinity
  5.80000000000000029E-002  0.67000000000000004        0.0000000000000000                      +Infinity
  5.80000000000000029E-002  0.67400000000000004        0.0000000000000000                      +Infinity
  5.80000000000000029E-002  0.67800000000000005        0.0000000000000000                      +Infinity
  5.80000000000000029E-002  0.68200000000000005        0.0000000000000000                      +Infinity
  5.80000000000000029E-002  0.68600000000000005        0.0000000000000000                      +Infinity
  5.80000000000000029E-002  0.68999999999999995        0.0000000000000000                      +Infinity
  5.80000000000000029E-002  0.69399999999999995        0.0000000000000000                      +Infinity
  5.80000000000000029E-002  0.69799999999999995        0.0000000000000000                      +Infinity
  5.80000000000000029E-002  0.70199999999999996        0.0000000000000000                      +Infinity
  5.80000000000000029E-002  0.70599999999999996        0.0000000000000000                      +Infinity
  5.80000000000000029E-002  0.70999999999999996        0.0000000000000000                      +Infinity
  5.80000000000000029E-002  0.71399999999999997        0.0000000000000000                      +Infinity
  5.80000000000000029E-002  0.71799999999999997        0.0000000000000000                      +Infinity
  5.80000000000000029E-002  0.72199999999999998        0.0000000000000000                      +Infinity
  5.80000000000000029E-002  0.72599999999999998        0.0000000000000000                      +Infinity
  5.80000000000000029E-002  0.72999999999999998        0.0000000000000000                      +Infinity
  5.80000000000000029E-002  0.73399999999999999        0.0000000000000000                      +Infinity
  5.80000000000000029E-002  0.73799999999999999        0.0000000000000000                      +Infinity
  5.80000000000000029E-002  0.74199999999999999        0.0000000000000000                      +Infinity
  5.80000000000000029E-002  0.74600000000000000        0.0000000000000000                      +Infinity
  5.80000000000000029E-002  0.75000000000000000        0.0000000000000000                      +Infinity
  5.80000000000000029E-002  0.75400000000000000        0.0000000000000000                      +Infinity
  5.80000000000000029E-002  0.75800000000000001        0.0000000000000000                      +Infinity
  5.80000000000000029E-002  0.76200000000000001        0.0000000000000000                      +Infinity
  5.80000000000000029E-002  0.76600000000000001        0.0000000000000000                      +Infinity
  5.80000000000000029E-002  0.77000000000000002        0.0000000000000000                      +Infinity
  5.80000000000000029E-002  0.77400000000000002        0.0000000000000000                      +Infinity
  5.80000000000000029E-002  0.77800000000000002        0.0000000000000000                      +Infinity
  5.80000000000000029E-002  0.78200000000000003        0.0000000000000000                      +Infinity
  5.80000000000000029E-002  0.78600000000000003        0.0000000000000000                      +Infinity
  5.80000000000000029E-002  0.79000000000000004        0.0000000000000000                      +Infinity
  5.80000000000000029E-002  0.79400000000000004        0.0000000000000000                      +Infinity
  5.80000000000000029E-002  0.79800000000000004        0.0000000000000000                      +Infinity
  5.80000000000000029E-002  0.80200000000000005        0.0000000000000000                      +Infinity
  5.80000000000000029E-002  0.80600000000000005        0.0000000000000000                      +Infinity
  5.80000000000000029E-002  0.81000000000000005        0.0000000000000000                      +Infinity
  5.80000000000000029E-002  0.81399999999999995        0.0000000000000000                      +Infinity
  5.80000000000000029E-002  0.81799999999999995        0.0000000000000000                      +Infinity
  5.80000000000000029E-002  0.82199999999999995        0.0000000000000000                      +Infinity
  5.80000000000000029E-002  0.82599999999999996        0.0000000000000000                      +Infinity
  5.80000000000000029E-002  0.82999999999999996        0.0000000000000000                      +Infinity
  5.80000000000000029E-002  0.83399999999999996        0.0000000000000000                      +Infinity
  5.80000000000000029E-002  0.83799999999999997        0.0000000000000000                      +Infinity
  5.80000000000000029E-002  0.84199999999999997        0.0000000000000000                      +Infinity
  5.80000000000000029E-002  0.84599999999999997        0.0000000000000000                      +Infinity
  5.80000000000000029E-002  0.84999999999999998        0.0000000000000000                      +Infinity
  5.80000000000000029E-002  0.85399999999999998        0.0000000000000000                      +Infinity
  5.80000000000000029E-002  0.85799999999999998        0.0000000000000000                      +Infinity
  5.80000000000000029E-002  0.86199999999999999        0.0000000000000000                      +Infinity
  5.80000000000000029E-002  0.86599999999999999        0.0000000000000000                      +Infinity
  5.80000000000000029E-002  0.87000000000000000        0.0000000000000000                      +Infinity
  5.80000000000000029E-002  0.87400000000000000        0.0000000000000000                      +Infinity
  5.80000000000000029E-002  0.87800000000000000        0.0000000000000000                      +Infinity
  5.80000000000000029E-002  0.88200000000000001        0.0000000000000000                      +Infinity
  5.80000000000000029E-002  0.88600000000000001        0.0000000000000000                      +Infinity
  5.80000000000000029E-002  0.89000000000000001        0.0000000000000000                      +Infinity
  5.80000000000000029E-002  0.89400000000000002        0.0000000000000000                      +Infinity
  5.80000000000000029E-002  0.89800000000000002        0.0000000000000000                      +Infinity
  5.80000000000000029E-002  0.90200000000000002        0.0000000000000000                      +Infinity
  5.80000000000000029E-002  0.90600000000000003        0.0000000000000000                      +Infinity
  5.80000000000000029E-002  0.91000000000000003        0.0000000000000000                      +Infinity
  5.80000000000000029E-002  0.91400000000000003        0.0000000000000000                      +Infinity
  5.80000000000000029E-002  0.91800000000000004        0.0000000000000000                      +Infinity
  5.80000000000000029E-002  0.92200000000000004        0.0000000000000000                      +Infinity
  5.80000000000000029E-002  0.92600000000000005        0.0000000000000000                      +Infinity
  5.80000000000000029E-002  0.93000000000000005        0.0000000000000000                      +Infinity
  5.80000000000000029E-002  0.93400000000000005        0.0000000000000000                      +Infinity
  5.80000000000000029E-002  0.93799999999999994        0.0000000000000000                      +Infinity
  5.80000000000000029E-002  0.94199999999999995        0.0000000000000000                      +Infinity
  5.80000000000000029E-002  0.94599999999999995        0.0000000000000000                      +Infinity
  5.80000000000000029E-002  0.94999999999999996        0.0000000000000000                      +Infinity
  5.80000000000000029E-002  0.95399999999999996        0.0000000000000000                      +Infinity
  5.80000000000000029E-002  0.95799999999999996        0.0000000000000000                      +Infinity
  5.80000000000000029E-002  0.96199999999999997        0.0000000000000000                      +Infinity
  5.80000000000000029E-002  0.96599999999999997        0.0000000000000000                      +Infinity
  5.80000000000000029E-002  0.96999999999999997        0.0000000000000000                      +Infinity
  5.80000000000000029E-002  0.97399999999999998        0.0000000000000000                      +Infinity
  5.80000000000000029E-002  0.97799999999999998        0.0000000000000000                      +Infinity
  5.80000000000000029E-002  0.98199999999999998        0.0000000000000000                      +Infinity
  5.80000000000000029E-002  0.98599999999999999        0.0000000000000000                      +Infinity
  5.80000000000000029E-002  0.98999999999999999        0.0000000000000000                      +Infinity
  5.80000000000000029E-002  0.99399999999999999        0.0000000000000000                      +Infinity
  5.80000000000000029E-002  0.99800000000000000        0.0000000000000000                      +Infinity
