  4.20000000000000026E-002 -0.99800000000000000        0.0000000000000000                      +Infinity
  4.20000000000000026E-002 -0.99399999999999999        0.0000000000000000                      +Infinity
  4.20000000000000026E-002 -0.98999999999999999        0.0000000000000000                      +Infinity
  4.20000000000000026E-002 -0.98599999999999999        0.0000000000000000                      +Infinity
  4.20000000000000026E-002 -0.98199999999999998        0.0000000000000000                      +Infinity
  4.20000000000000026E-002 -0.97799999999999998        0.0000000000000000                      +Infinity
  4.20000000000000026E-002 -0.97399999999999998        0.0000000000000000                      +Infinity
  4.20000000000000026E-002 -0.96999999999999997        0.0000000000000000                      +Infinity
  4.20000000000000026E-002 -0.96599999999999997        0.0000000000000000                      +Infinity
  4.20000000000000026E-002 -0.96199999999999997        0.0000000000000000                      +Infinity
  4.20000000000000026E-002 -0.95799999999999996        0.0000000000000000                      +Infinity
  4.20000000000000026E-002 -0.95399999999999996        0.0000000000000000                      +Infinity
  4.20000000000000026E-002 -0.94999999999999996        0.0000000000000000                      +Infinity
  4.20000000000000026E-002 -0.94599999999999995        0.0000000000000000                      +Infinity
  4.20000000000000026E-002 -0.94199999999999995        0.0000000000000000                      +Infinity
  4.20000000000000026E-002 -0.93799999999999994        0.0000000000000000                      +Infinity
  4.20000000000000026E-002 -0.93400000000000005        0.0000000000000000                      +Infinity
  4.20000000000000026E-002 -0.93000000000000005        0.0000000000000000                      +Infinity
  4.20000000000000026E-002 -0.92600000000000005        0.0000000000000000                      +Infinity
  4.20000000000000026E-002 -0.92200000000000004        0.0000000000000000                      +Infinity
  4.20000000000000026E-002 -0.91800000000000004        0.0000000000000000                      +Infinity
  4.20000000000000026E-002 -0.91400000000000003        0.0000000000000000                      +Infinity
  4.20000000000000026E-002 -0.91000000000000003        0.0000000000000000                      +Infinity
  4.20000000000000026E-002 -0.90600000000000003        0.0000000000000000                      +Infinity
  4.20000000000000026E-002 -0.90200000000000002        0.0000000000000000                      +Infinity
  4.20000000000000026E-002 -0.89800000000000002        0.0000000000000000                      +Infinity
  4.20000000000000026E-002 -0.89400000000000002        0.0000000000000000                      +Infinity
  4.20000000000000026E-002 -0.89000000000000001        0.0000000000000000                      +Infinity
  4.20000000000000026E-002 -0.88600000000000001        0.0000000000000000                      +Infinity
  4.20000000000000026E-002 -0.88200000000000001        0.0000000000000000                      +Infinity
  4.20000000000000026E-002 -0.87800000000000000        0.0000000000000000                      +Infinity
  4.20000000000000026E-002 -0.87400000000000000        0.0000000000000000                      +Infinity
  4.20000000000000026E-002 -0.87000000000000000        0.0000000000000000                      +Infinity
  4.20000000000000026E-002 -0.86599999999999999        0.0000000000000000                      +Infinity
  4.20000000000000026E-002 -0.86199999999999999        0.0000000000000000                      +Infinity
  4.20000000000000026E-002 -0.85799999999999998        0.0000000000000000                      +Infinity
  4.20000000000000026E-002 -0.85399999999999998        0.0000000000000000                      +Infinity
  4.20000000000000026E-002 -0.84999999999999998        0.0000000000000000                      +Infinity
  4.20000000000000026E-002 -0.84599999999999997        0.0000000000000000                      +Infinity
  4.20000000000000026E-002 -0.84199999999999997        0.0000000000000000                      +Infinity
  4.20000000000000026E-002 -0.83799999999999997        0.0000000000000000                      +Infinity
  4.20000000000000026E-002 -0.83399999999999996        0.0000000000000000                      +Infinity
  4.20000000000000026E-002 -0.82999999999999996        0.0000000000000000                      +Infinity
  4.20000000000000026E-002 -0.82599999999999996        0.0000000000000000                      +Infinity
  4.20000000000000026E-002 -0.82199999999999995        0.0000000000000000                      +Infinity
  4.20000000000000026E-002 -0.81799999999999995        0.0000000000000000                      +Infinity
  4.20000000000000026E-002 -0.81399999999999995        0.0000000000000000                      +Infinity
  4.20000000000000026E-002 -0.81000000000000005        0.0000000000000000                      +Infinity
  4.20000000000000026E-002 -0.80600000000000005        0.0000000000000000                      +Infinity
  4.20000000000000026E-002 -0.80200000000000005        0.0000000000000000                      +Infinity
  4.20000000000000026E-002 -0.79800000000000004        0.0000000000000000                      +Infinity
  4.20000000000000026E-002 -0.79400000000000004        0.0000000000000000                      +Infinity
  4.20000000000000026E-002 -0.79000000000000004        0.0000000000000000                      +Infinity
  4.20000000000000026E-002 -0.78600000000000003        0.0000000000000000                      +Infinity
  4.20000000000000026E-002 -0.78200000000000003        0.0000000000000000                      +Infinity
  4.20000000000000026E-002 -0.77800000000000002        0.0000000000000000                      +Infinity
  4.20000000000000026E-002 -0.77400000000000002        0.0000000000000000                      +Infinity
  4.20000000000000026E-002 -0.77000000000000002        0.0000000000000000                      +Infinity
  4.20000000000000026E-002 -0.76600000000000001        0.0000000000000000                      +Infinity
  4.20000000000000026E-002 -0.76200000000000001        0.0000000000000000                      +Infinity
  4.20000000000000026E-002 -0.75800000000000001        0.0000000000000000                      +Infinity
  4.20000000000000026E-002 -0.75400000000000000        0.0000000000000000                      +Infinity
  4.20000000000000026E-002 -0.75000000000000000        0.0000000000000000                      +Infinity
  4.20000000000000026E-002 -0.74600000000000000        0.0000000000000000                      +Infinity
  4.20000000000000026E-002 -0.74199999999999999        0.0000000000000000                      +Infinity
  4.20000000000000026E-002 -0.73799999999999999        0.0000000000000000                      +Infinity
  4.20000000000000026E-002 -0.73399999999999999        0.0000000000000000                      +Infinity
  4.20000000000000026E-002 -0.72999999999999998        0.0000000000000000                      +Infinity
  4.20000000000000026E-002 -0.72599999999999998        0.0000000000000000                      +Infinity
  4.20000000000000026E-002 -0.72199999999999998        0.0000000000000000                      +Infinity
  4.20000000000000026E-002 -0.71799999999999997        0.0000000000000000                      +Infinity
  4.20000000000000026E-002 -0.71399999999999997        0.0000000000000000                      +Infinity
  4.20000000000000026E-002 -0.70999999999999996        0.0000000000000000                      +Infinity
  4.20000000000000026E-002 -0.70599999999999996        0.0000000000000000                      +Infinity
  4.20000000000000026E-002 -0.70199999999999996        0.0000000000000000                      +Infinity
  4.20000000000000026E-002 -0.69799999999999995        0.0000000000000000                      +Infinity
  4.20000000000000026E-002 -0.69399999999999995        0.0000000000000000                      +Infinity
  4.20000000000000026E-002 -0.68999999999999995        0.0000000000000000                      +Infinity
  4.20000000000000026E-002 -0.68600000000000005        0.0000000000000000                      +Infinity
  4.20000000000000026E-002 -0.68200000000000005        0.0000000000000000                      +Infinity
  4.20000000000000026E-002 -0.67800000000000005        0.0000000000000000                      +Infinity
  4.20000000000000026E-002 -0.67400000000000004        0.0000000000000000                      +Infinity
  4.20000000000000026E-002 -0.67000000000000004        0.0000000000000000                      +Infinity
  4.20000000000000026E-002 -0.66600000000000004        0.0000000000000000                      +Infinity
  4.20000000000000026E-002 -0.66200000000000003        0.0000000000000000                      +Infinity
  4.20000000000000026E-002 -0.65800000000000003        0.0000000000000000                      +Infinity
  4.20000000000000026E-002 -0.65400000000000003        0.0000000000000000                      +Infinity
  4.20000000000000026E-002 -0.65000000000000002        0.0000000000000000                      +Infinity
  4.20000000000000026E-002 -0.64600000000000002        0.0000000000000000                      +Infinity
  4.20000000000000026E-002 -0.64200000000000002        0.0000000000000000                      +Infinity
  4.20000000000000026E-002 -0.63800000000000001        0.0000000000000000                      +Infinity
  4.20000000000000026E-002 -0.63400000000000001        0.0000000000000000                      +Infinity
  4.20000000000000026E-002 -0.63000000000000000        0.0000000000000000                      +Infinity
  4.20000000000000026E-002 -0.62600000000000000        0.0000000000000000                      +Infinity
  4.20000000000000026E-002 -0.62200000000000000        0.0000000000000000                      +Infinity
  4.20000000000000026E-002 -0.61799999999999999        0.0000000000000000                      +Infinity
  4.20000000000000026E-002 -0.61399999999999999        0.0000000000000000                      +Infinity
  4.20000000000000026E-002 -0.60999999999999999        0.0000000000000000                      +Infinity
  4.20000000000000026E-002 -0.60599999999999998        0.0000000000000000                      +Infinity
  4.20000000000000026E-002 -0.60199999999999998        0.0000000000000000                      +Infinity
  4.20000000000000026E-002 -0.59799999999999998        0.0000000000000000                      +Infinity
  4.20000000000000026E-002 -0.59399999999999997        0.0000000000000000                      +Infinity
  4.20000000000000026E-002 -0.58999999999999997        0.0000000000000000                      +Infinity
  4.20000000000000026E-002 -0.58599999999999997        0.0000000000000000                      +Infinity
  4.20000000000000026E-002 -0.58199999999999996        0.0000000000000000                      +Infinity
  4.20000000000000026E-002 -0.57799999999999996        0.0000000000000000                      +Infinity
  4.20000000000000026E-002 -0.57399999999999995        0.0000000000000000                      +Infinity
  4.20000000000000026E-002 -0.56999999999999995        0.0000000000000000                      +Infinity
  4.20000000000000026E-002 -0.56599999999999995        0.0000000000000000                      +Infinity
  4.20000000000000026E-002 -0.56200000000000006        0.0000000000000000                      +Infinity
  4.20000000000000026E-002 -0.55800000000000005        0.0000000000000000                      +Infinity
  4.20000000000000026E-002 -0.55400000000000005        0.0000000000000000                      +Infinity
  4.20000000000000026E-002 -0.55000000000000004        0.0000000000000000                      +Infinity
  4.20000000000000026E-002 -0.54600000000000004        0.0000000000000000                      +Infinity
  4.20000000000000026E-002 -0.54200000000000004        0.0000000000000000                      +Infinity
  4.20000000000000026E-002 -0.53800000000000003        0.0000000000000000                      +Infinity
  4.20000000000000026E-002 -0.53400000000000003        0.0000000000000000                      +Infinity
  4.20000000000000026E-002 -0.53000000000000003        0.0000000000000000                      +Infinity
  4.20000000000000026E-002 -0.52600000000000002        0.0000000000000000                      +Infinity
  4.20000000000000026E-002 -0.52200000000000002        0.0000000000000000                      +Infinity
  4.20000000000000026E-002 -0.51800000000000002        0.0000000000000000                      +Infinity
  4.20000000000000026E-002 -0.51400000000000001        0.0000000000000000                      +Infinity
  4.20000000000000026E-002 -0.51000000000000001        0.0000000000000000                      +Infinity
  4.20000000000000026E-002 -0.50600000000000001        0.0000000000000000                      +Infinity
  4.20000000000000026E-002 -0.50200000000000000        0.0000000000000000                      +Infinity
  4.20000000000000026E-002 -0.49800000000000000        0.0000000000000000                      +Infinity
  4.20000000000000026E-002 -0.49399999999999999        0.0000000000000000                      +Infinity
  4.20000000000000026E-002 -0.48999999999999999        0.0000000000000000                      +Infinity
  4.20000000000000026E-002 -0.48599999999999999        0.0000000000000000                      +Infinity
  4.20000000000000026E-002 -0.48199999999999998        0.0000000000000000                      +Infinity
  4.20000000000000026E-002 -0.47799999999999998        0.0000000000000000                      +Infinity
  4.20000000000000026E-002 -0.47399999999999998        0.0000000000000000                      +Infinity
  4.20000000000000026E-002 -0.46999999999999997        0.0000000000000000                      +Infinity
  4.20000000000000026E-002 -0.46600000000000003        0.0000000000000000                      +Infinity
  4.20000000000000026E-002 -0.46200000000000002        0.0000000000000000                      +Infinity
  4.20000000000000026E-002 -0.45800000000000002        0.0000000000000000                      +Infinity
  4.20000000000000026E-002 -0.45400000000000001        0.0000000000000000                      +Infinity
  4.20000000000000026E-002 -0.45000000000000001        0.0000000000000000                      +Infinity
  4.20000000000000026E-002 -0.44600000000000001        0.0000000000000000                      +Infinity
  4.20000000000000026E-002 -0.44200000000000000        0.0000000000000000                      +Infinity
  4.20000000000000026E-002 -0.43800000000000000        0.0000000000000000                      +Infinity
  4.20000000000000026E-002 -0.43400000000000000        0.0000000000000000                      +Infinity
  4.20000000000000026E-002 -0.42999999999999999        0.0000000000000000                      +Infinity
  4.20000000000000026E-002 -0.42599999999999999        0.0000000000000000                      +Infinity
  4.20000000000000026E-002 -0.42199999999999999        0.0000000000000000                      +Infinity
  4.20000000000000026E-002 -0.41799999999999998        0.0000000000000000                      +Infinity
  4.20000000000000026E-002 -0.41399999999999998        0.0000000000000000                      +Infinity
  4.20000000000000026E-002 -0.40999999999999998        0.0000000000000000                      +Infinity
  4.20000000000000026E-002 -0.40600000000000003        0.0000000000000000                      +Infinity
  4.20000000000000026E-002 -0.40200000000000002        0.0000000000000000                      +Infinity
  4.20000000000000026E-002 -0.39800000000000002        0.0000000000000000                      +Infinity
  4.20000000000000026E-002 -0.39400000000000002        0.0000000000000000                      +Infinity
  4.20000000000000026E-002 -0.39000000000000001        0.0000000000000000                      +Infinity
  4.20000000000000026E-002 -0.38600000000000001        0.0000000000000000                      +Infinity
  4.20000000000000026E-002 -0.38200000000000001        0.0000000000000000                      +Infinity
  4.20000000000000026E-002 -0.37800000000000000        0.0000000000000000                      +Infinity
  4.20000000000000026E-002 -0.37400000000000000        0.0000000000000000                      +Infinity
  4.20000000000000026E-002 -0.37000000000000000        0.0000000000000000                      +Infinity
  4.20000000000000026E-002 -0.36599999999999999        0.0000000000000000                      +Infinity
  4.20000000000000026E-002 -0.36199999999999999        0.0000000000000000                      +Infinity
  4.20000000000000026E-002 -0.35799999999999998        0.0000000000000000                      +Infinity
  4.20000000000000026E-002 -0.35399999999999998        0.0000000000000000                      +Infinity
  4.20000000000000026E-002 -0.34999999999999998        0.0000000000000000                      +Infinity
  4.20000000000000026E-002 -0.34599999999999997        0.0000000000000000                      +Infinity
  4.20000000000000026E-002 -0.34200000000000003        0.0000000000000000                      +Infinity
  4.20000000000000026E-002 -0.33800000000000002        0.0000000000000000                      +Infinity
  4.20000000000000026E-002 -0.33400000000000002        0.0000000000000000                      +Infinity
  4.20000000000000026E-002 -0.33000000000000002        0.0000000000000000                      +Infinity
  4.20000000000000026E-002 -0.32600000000000001        0.0000000000000000                      +Infinity
  4.20000000000000026E-002 -0.32200000000000001        0.0000000000000000                      +Infinity
  4.20000000000000026E-002 -0.31800000000000000        0.0000000000000000                      +Infinity
  4.20000000000000026E-002 -0.31400000000000000        0.0000000000000000                      +Infinity
  4.20000000000000026E-002 -0.31000000000000000       4.56299999999999990E-008   16.902700442007099
  4.20000000000000026E-002 -0.30599999999999999       5.77900000000000033E-008   16.666450086616724
  4.20000000000000026E-002 -0.30199999999999999       1.48814999999999999E-007   15.720561913176436
  4.20000000000000026E-002 -0.29799999999999999       1.86895000000000007E-007   15.492718875116685
  4.20000000000000026E-002 -0.29399999999999998       4.09699999999999969E-007   14.707840652393585
  4.20000000000000026E-002 -0.28999999999999998       4.33280000000000026E-007   14.651881666662556
  4.20000000000000026E-002 -0.28599999999999998       7.48780000000000012E-007   14.104820621541441
  4.20000000000000026E-002 -0.28199999999999997       1.68262999999999997E-006   13.295152512439136
  4.20000000000000026E-002 -0.27800000000000002       2.59931999999999996E-006   12.860260685605525
  4.20000000000000026E-002 -0.27400000000000002       3.42409999999999996E-006   12.584671894503778
  4.20000000000000026E-002 -0.27000000000000002       4.67118500000000007E-006   12.274097771148535
  4.20000000000000026E-002 -0.26600000000000001       6.09873000000000014E-006   12.007430005182266
  4.20000000000000026E-002 -0.26200000000000001       7.30823500000000051E-006   11.826508763424748
  4.20000000000000026E-002 -0.25800000000000001       1.14587549999999997E-005   11.376756491322752
  4.20000000000000026E-002 -0.25400000000000000       1.35490300000000006E-005   11.209195599916882
  4.20000000000000026E-002 -0.25000000000000000       1.86130949999999994E-005   10.891645192701505
  4.20000000000000026E-002 -0.24600000000000000       2.22601349999999996E-005   10.712713147445239
  4.20000000000000026E-002 -0.24199999999999999       2.56206700000000015E-005   10.572111110393445
  4.20000000000000026E-002 -0.23799999999999999       3.25401600000000012E-005   10.333035539160271
  4.20000000000000026E-002 -0.23400000000000001       4.15577049999999972E-005   10.088427614624702
  4.20000000000000026E-002 -0.23000000000000001       5.13154099999999939E-005   9.8775194610320050
  4.20000000000000026E-002 -0.22600000000000001       6.42961099999999898E-005   9.6520114262179426
  4.20000000000000026E-002 -0.22200000000000000       8.77419699999999991E-005   9.3411102097771010
  4.20000000000000026E-002 -0.21800000000000000       1.08606889999999991E-004   9.1277757086463431
  4.20000000000000026E-002 -0.21400000000000000       1.34907215000000009E-004   8.9109233121185163
  4.20000000000000026E-002 -0.20999999999999999       1.67771490000000011E-004   8.6929076830149885
  4.20000000000000026E-002 -0.20599999999999999       2.00764005000000011E-004   8.5133804441834577
  4.20000000000000026E-002 -0.20200000000000001       2.37998395000000028E-004   8.3432466280130164
  4.20000000000000026E-002 -0.19800000000000001       2.90167790000000017E-004   8.1450512160933215
  4.20000000000000026E-002 -0.19400000000000001       3.54443815000000018E-004   7.9449607153852488
  4.20000000000000026E-002 -0.19000000000000000       4.15500790000000004E-004   7.7860260423468723
  4.20000000000000026E-002 -0.18600000000000000       4.94164250000000038E-004   7.6126426061603194
  4.20000000000000026E-002 -0.18200000000000000       5.89221075000000041E-004   7.4367091051763845
  4.20000000000000026E-002 -0.17799999999999999       7.17278504999999946E-004   7.2400463618220874
  4.20000000000000026E-002 -0.17399999999999999       8.65090224999999968E-004   7.0526767501135437
  4.20000000000000026E-002 -0.17000000000000001       1.00995200999999990E-003   6.8978524641093202
  4.20000000000000026E-002 -0.16600000000000001       1.16649531500000007E-003   6.7537514827988963
  4.20000000000000026E-002 -0.16200000000000001       1.35629619999999996E-003   6.6029976767395580
  4.20000000000000026E-002 -0.15800000000000000       1.58565132499999999E-003   6.4467600254623791
  4.20000000000000026E-002 -0.15400000000000000       1.83385432000000002E-003   6.3013353412363049
  4.20000000000000026E-002 -0.14999999999999999       2.10957197500000020E-003   6.1612702075223487
  4.20000000000000026E-002 -0.14599999999999999       2.40875339000000020E-003   6.0286459308677207
  4.20000000000000026E-002 -0.14199999999999999       2.70676501999999979E-003   5.9120010766984255
  4.20000000000000026E-002 -0.13800000000000001       3.07949543500000023E-003   5.7829895152217787
  4.20000000000000026E-002 -0.13400000000000001       3.46276530000000013E-003   5.6656877894652862
  4.20000000000000026E-002 -0.13000000000000000       3.87981033000000001E-003   5.5519690105624360
  4.20000000000000026E-002 -0.12600000000000000       4.32645757999999998E-003   5.4430061826575615
  4.20000000000000026E-002 -0.12200000000000000       4.79923178000000051E-003   5.3392994197103265
  4.20000000000000026E-002 -0.11799999999999999       5.28816728500000003E-003   5.2422835420995373
  4.20000000000000026E-002 -0.11400000000000000       5.82582268999999944E-003   5.1454550551682390
  4.20000000000000026E-002 -0.11000000000000000       6.44946299000000080E-003   5.0437584090048837
  4.20000000000000026E-002 -0.10600000000000000       7.12412029999999995E-003   4.9442690271167260
  4.20000000000000026E-002 -0.10199999999999999       7.80062492499999927E-003   4.8535514299061706
  4.20000000000000026E-002 -9.80000000000000038E-002  8.47706885500000042E-003   4.7703905428219109
  4.20000000000000026E-002 -9.40000000000000002E-002  9.14468688999999987E-003   4.6945822361070837
  4.20000000000000026E-002 -8.99999999999999967E-002  9.89041413500000091E-003   4.6161892601089445
  4.20000000000000026E-002 -8.59999999999999931E-002  1.06547170199999992E-002   4.5417525722075132
  4.20000000000000026E-002 -8.20000000000000034E-002  1.14617447200000000E-002   4.4687403349554371
  4.20000000000000026E-002 -7.79999999999999999E-002  1.22648756700000014E-002   4.4010157382981960
  4.20000000000000026E-002 -7.39999999999999963E-002  1.30713430600000007E-002   4.3373329976352961
  4.20000000000000026E-002 -7.00000000000000067E-002  1.38548487349999996E-002   4.2791200184460294
  4.20000000000000026E-002 -6.60000000000000031E-002  1.46633163399999995E-002   4.2224063911900398
  4.20000000000000026E-002 -6.19999999999999996E-002  1.54792400750000010E-002   4.1682555027878205
  4.20000000000000026E-002 -5.80000000000000029E-002  1.63171191249999979E-002   4.1155404692318385
  4.20000000000000026E-002 -5.39999999999999994E-002  1.72451533799999994E-002   4.0602241384606623
  4.20000000000000026E-002 -5.00000000000000028E-002  1.80270876049999987E-002   4.0158797853190826
  4.20000000000000026E-002 -4.59999999999999992E-002  1.88036055750000000E-002   3.9737066416305438
  4.20000000000000026E-002 -4.20000000000000026E-002  1.95012393100000014E-002   3.9372772610729543
  4.20000000000000026E-002 -3.79999999999999991E-002  2.01877816799999991E-002   3.9026777249077522
  4.20000000000000026E-002 -3.40000000000000024E-002  2.08222003349999990E-002   3.8717355376618658
  4.20000000000000026E-002 -2.99999999999999989E-002  2.13858561100000004E-002   3.8450255049037305
  4.20000000000000026E-002 -2.59999999999999988E-002  2.18934177850000009E-002   3.8215692450987757
  4.20000000000000026E-002 -2.19999999999999987E-002  2.23528442449999996E-002   3.8008017067352187
  4.20000000000000026E-002 -1.79999999999999986E-002  2.27614586449999996E-002   3.7826865836844150
  4.20000000000000026E-002 -1.40000000000000003E-002  2.29808038850000014E-002   3.7730960252325629
  4.20000000000000026E-002 -1.00000000000000002E-002  2.31756290050000001E-002   3.7646540263667196
  4.20000000000000026E-002 -6.00000000000000012E-003  2.33188891349999997E-002   3.7584915543548743
  4.20000000000000026E-002 -2.00000000000000004E-003  2.34505081849999998E-002   3.7528631133225292
  4.20000000000000026E-002  2.00000000000000004E-003  2.34406941449999996E-002   3.7532817010172628
  4.20000000000000026E-002  6.00000000000000012E-003  2.32939321199999994E-002   3.7595623763610444
  4.20000000000000026E-002  1.00000000000000002E-002  2.30775901150000011E-002   3.7688932572218805
  4.20000000000000026E-002  1.40000000000000003E-002  2.28534156300000020E-002   3.7786546922878594
  4.20000000000000026E-002  1.79999999999999986E-002  2.26409226300000009E-002   3.7879962742690227
  4.20000000000000026E-002  2.19999999999999987E-002  2.22794899800000008E-002   3.8040887555674714
  4.20000000000000026E-002  2.59999999999999988E-002  2.18336192800000009E-002   3.8243043283009097
  4.20000000000000026E-002  2.99999999999999989E-002  2.13016154249999999E-002   3.8489723675932868
  4.20000000000000026E-002  3.40000000000000024E-002  2.06650039200000010E-002   3.8793136413257421
  4.20000000000000026E-002  3.79999999999999991E-002  2.00562540099999999E-002   3.9092142531684519
  4.20000000000000026E-002  4.20000000000000026E-002  1.94070119749999992E-002   3.9421208362069735
  4.20000000000000026E-002  4.59999999999999992E-002  1.86241510400000018E-002   3.9832960975003595
  4.20000000000000026E-002  5.00000000000000028E-002  1.78713634699999985E-002   4.0245556533370070
  4.20000000000000026E-002  5.39999999999999994E-002  1.70889747899999993E-002   4.0693217725364299
  4.20000000000000026E-002  5.80000000000000029E-002  1.62464735499999978E-002   4.1198794060646611
  4.20000000000000026E-002  6.19999999999999996E-002  1.54632356350000010E-002   4.1692899669707915
  4.20000000000000026E-002  6.60000000000000031E-002  1.46427692299999981E-002   4.2238086332818883
  4.20000000000000026E-002  7.00000000000000067E-002  1.37580809200000004E-002   4.2861289242267642
  4.20000000000000026E-002  7.39999999999999963E-002  1.29033642300000004E-002   4.3502672085918439
  4.20000000000000026E-002  7.79999999999999999E-002  1.20780558249999996E-002   4.4163650410670368
  4.20000000000000026E-002  8.20000000000000034E-002  1.12387365150000001E-002   4.4883888505325444
  4.20000000000000026E-002  8.59999999999999931E-002  1.04542376200000009E-002   4.5607478688942491
  4.20000000000000026E-002  8.99999999999999967E-002  9.74757215500000017E-003   4.6307370347240449
  4.20000000000000026E-002  9.40000000000000002E-002  9.04513730500000092E-003   4.7055279800400358
  4.20000000000000026E-002  9.80000000000000038E-002  8.29824938499999949E-003   4.7917107038956823
  4.20000000000000026E-002  0.10199999999999999       7.58845504500000028E-003   4.8811272596773918
  4.20000000000000026E-002  0.10600000000000000       6.90488726500000042E-003   4.9755258188291069
  4.20000000000000026E-002  0.11000000000000000       6.28130241499999954E-003   5.0701779290809874
  4.20000000000000026E-002  0.11400000000000000       5.72736785999999973E-003   5.1624992150507367
  4.20000000000000026E-002  0.11799999999999999       5.19795087999999975E-003   5.2594907925958685
  4.20000000000000026E-002  0.12200000000000000       4.65919082500000029E-003   5.3689134886260845
  4.20000000000000026E-002  0.12600000000000000       4.15479387499999991E-003   5.4834924608102220
  4.20000000000000026E-002  0.13000000000000000       3.70577588500000006E-003   5.5978626265039635
  4.20000000000000026E-002  0.13400000000000001       3.27219081499999969E-003   5.7222955443992509
  4.20000000000000026E-002  0.13800000000000001       2.88427748000000001E-003   5.8484808505954318
  4.20000000000000026E-002  0.14199999999999999       2.55209587000000031E-003   5.9708403475907810
  4.20000000000000026E-002  0.14599999999999999       2.27025911500000014E-003   6.0878613064260723
  4.20000000000000026E-002  0.14999999999999999       1.98285277499999973E-003   6.2232186757710162
  4.20000000000000026E-002  0.15400000000000000       1.73624071499999997E-003   6.3560330116422010
  4.20000000000000026E-002  0.15800000000000000       1.52542682000000006E-003   6.4854810261151998
  4.20000000000000026E-002  0.16200000000000001       1.32656664499999997E-003   6.6251611444121918
  4.20000000000000026E-002  0.16600000000000001       1.15366339500000002E-003   6.7648128388866429
  4.20000000000000026E-002  0.17000000000000001       1.00370650499999998E-003   6.9040556261452961
  4.20000000000000026E-002  0.17399999999999999       8.77604295000000050E-004   7.0383147549860592
  4.20000000000000026E-002  0.17799999999999999       7.46889140000000021E-004   7.1995937908060377
  4.20000000000000026E-002  0.18200000000000000       6.32024455000000044E-004   7.3665824699457811
  4.20000000000000026E-002  0.18600000000000000       5.29418975000000040E-004   7.5437304263504332
  4.20000000000000026E-002  0.19000000000000000       4.55762764999999943E-004   7.6935381360209982
  4.20000000000000026E-002  0.19400000000000001       3.78433349999999970E-004   7.8794705904206745
  4.20000000000000026E-002  0.19800000000000001       3.19606960000000015E-004   8.0484185670877473
  4.20000000000000026E-002  0.20200000000000001       2.67213825000000042E-004   8.2274613773708030
  4.20000000000000026E-002  0.20599999999999999       2.18063529999999999E-004   8.4307241156119854
  4.20000000000000026E-002  0.20999999999999999       1.79372505000000005E-004   8.6260458809547913
  4.20000000000000026E-002  0.21400000000000000       1.42587665000000008E-004   8.8555535544267414
  4.20000000000000026E-002  0.21800000000000000       1.24166645000000015E-004   8.9938859833094291
  4.20000000000000026E-002  0.22200000000000000       9.77975450000000032E-005   9.2326110834880577
  4.20000000000000026E-002  0.22600000000000001       7.63764999999999963E-005   9.4798355007308430
  4.20000000000000026E-002  0.23000000000000001       6.29969250000000084E-005   9.6724246422877744
  4.20000000000000026E-002  0.23400000000000001       5.44775149999999957E-005   9.8177225102323415
  4.20000000000000026E-002  0.23799999999999999       4.56123999999999972E-005   9.9953309485855861
  4.20000000000000026E-002  0.24199999999999999       3.67845550000000038E-005   10.210432501975497
  4.20000000000000026E-002  0.24600000000000000       2.77849650000000000E-005   10.491015510905669
  4.20000000000000026E-002  0.25000000000000000       2.25023650000000008E-005   10.701890143166574
  4.20000000000000026E-002  0.25400000000000000       2.14310450000000018E-005   10.750669986251912
  4.20000000000000026E-002  0.25800000000000001       1.79228699999999987E-005   10.929433006991133
  4.20000000000000026E-002  0.26200000000000001       1.24174299999999995E-005   11.296409427186351
  4.20000000000000026E-002  0.26600000000000001       9.23756500000000038E-006   11.592232235178852
  4.20000000000000026E-002  0.27000000000000002       7.87987000000000016E-006   11.751199151692500
  4.20000000000000026E-002  0.27400000000000002       5.59203499999999990E-006   12.094167294111008
  4.20000000000000026E-002  0.27800000000000002       4.39150499999999972E-006   12.335838565026753
  4.20000000000000026E-002  0.28199999999999997       3.92843500000000028E-006   12.447269430222795
  4.20000000000000026E-002  0.28599999999999998       3.53279000000000044E-006   12.553422630923638
  4.20000000000000026E-002  0.28999999999999998       2.92037499999999997E-006   12.743798525272290
  4.20000000000000026E-002  0.29399999999999998       2.91201999999999995E-006   12.746663559521553
  4.20000000000000026E-002  0.29799999999999999       1.64695000000000017E-006   13.316585465456670
  4.20000000000000026E-002  0.30199999999999999       5.63244999999999933E-007   14.389551134726277
  4.20000000000000026E-002  0.30599999999999999       5.90849999999999921E-007   14.341703658861388
  4.20000000000000026E-002  0.31000000000000000       2.46120000000000036E-007   15.217446615074122
  4.20000000000000026E-002  0.31400000000000000       2.07395000000000012E-007   15.388640649445444
  4.20000000000000026E-002  0.31800000000000000       1.68215000000000001E-007   15.598022913835665
  4.20000000000000026E-002  0.32200000000000001       1.38440000000000014E-007   15.792828818179268
  4.20000000000000026E-002  0.32600000000000001       1.06299999999999999E-008   18.359585644592556
  4.20000000000000026E-002  0.33000000000000002        0.0000000000000000                      +Infinity
  4.20000000000000026E-002  0.33400000000000002        0.0000000000000000                      +Infinity
  4.20000000000000026E-002  0.33800000000000002        0.0000000000000000                      +Infinity
  4.20000000000000026E-002  0.34200000000000003        0.0000000000000000                      +Infinity
  4.20000000000000026E-002  0.34599999999999997        0.0000000000000000                      +Infinity
  4.20000000000000026E-002  0.34999999999999998        0.0000000000000000                      +Infinity
  4.20000000000000026E-002  0.35399999999999998        0.0000000000000000                      +Infinity
  4.20000000000000026E-002  0.35799999999999998        0.0000000000000000                      +Infinity
  4.20000000000000026E-002  0.36199999999999999        0.0000000000000000                      +Infinity
  4.20000000000000026E-002  0.36599999999999999        0.0000000000000000                      +Infinity
  4.20000000000000026E-002  0.37000000000000000        0.0000000000000000                      +Infinity
  4.20000000000000026E-002  0.37400000000000000        0.0000000000000000                      +Infinity
  4.20000000000000026E-002  0.37800000000000000        0.0000000000000000                      +Infinity
  4.20000000000000026E-002  0.38200000000000001        0.0000000000000000                      +Infinity
  4.20000000000000026E-002  0.38600000000000001        0.0000000000000000                      +Infinity
  4.20000000000000026E-002  0.39000000000000001        0.0000000000000000                      +Infinity
  4.20000000000000026E-002  0.39400000000000002        0.0000000000000000                      +Infinity
  4.20000000000000026E-002  0.39800000000000002        0.0000000000000000                      +Infinity
  4.20000000000000026E-002  0.40200000000000002        0.0000000000000000                      +Infinity
  4.20000000000000026E-002  0.40600000000000003        0.0000000000000000                      +Infinity
  4.20000000000000026E-002  0.40999999999999998        0.0000000000000000                      +Infinity
  4.20000000000000026E-002  0.41399999999999998        0.0000000000000000                      +Infinity
  4.20000000000000026E-002  0.41799999999999998        0.0000000000000000                      +Infinity
  4.20000000000000026E-002  0.42199999999999999        0.0000000000000000                      +Infinity
  4.20000000000000026E-002  0.42599999999999999        0.0000000000000000                      +Infinity
  4.20000000000000026E-002  0.42999999999999999        0.0000000000000000                      +Infinity
  4.20000000000000026E-002  0.43400000000000000        0.0000000000000000                      +Infinity
  4.20000000000000026E-002  0.43800000000000000        0.0000000000000000                      +Infinity
  4.20000000000000026E-002  0.44200000000000000        0.0000000000000000                      +Infinity
  4.20000000000000026E-002  0.44600000000000001        0.0000000000000000                      +Infinity
  4.20000000000000026E-002  0.45000000000000001        0.0000000000000000                      +Infinity
  4.20000000000000026E-002  0.45400000000000001        0.0000000000000000                      +Infinity
  4.20000000000000026E-002  0.45800000000000002        0.0000000000000000                      +Infinity
  4.20000000000000026E-002  0.46200000000000002        0.0000000000000000                      +Infinity
  4.20000000000000026E-002  0.46600000000000003        0.0000000000000000                      +Infinity
  4.20000000000000026E-002  0.46999999999999997        0.0000000000000000                      +Infinity
  4.20000000000000026E-002  0.47399999999999998        0.0000000000000000                      +Infinity
  4.20000000000000026E-002  0.47799999999999998        0.0000000000000000                      +Infinity
  4.20000000000000026E-002  0.48199999999999998        0.0000000000000000                      +Infinity
  4.20000000000000026E-002  0.48599999999999999        0.0000000000000000                      +Infinity
  4.20000000000000026E-002  0.48999999999999999        0.0000000000000000                      +Infinity
  4.20000000000000026E-002  0.49399999999999999        0.0000000000000000                      +Infinity
  4.20000000000000026E-002  0.49800000000000000        0.0000000000000000                      +Infinity
  4.20000000000000026E-002  0.50200000000000000        0.0000000000000000                      +Infinity
  4.20000000000000026E-002  0.50600000000000001        0.0000000000000000                      +Infinity
  4.20000000000000026E-002  0.51000000000000001        0.0000000000000000                      +Infinity
  4.20000000000000026E-002  0.51400000000000001        0.0000000000000000                      +Infinity
  4.20000000000000026E-002  0.51800000000000002        0.0000000000000000                      +Infinity
  4.20000000000000026E-002  0.52200000000000002        0.0000000000000000                      +Infinity
  4.20000000000000026E-002  0.52600000000000002        0.0000000000000000                      +Infinity
  4.20000000000000026E-002  0.53000000000000003        0.0000000000000000                      +Infinity
  4.20000000000000026E-002  0.53400000000000003        0.0000000000000000                      +Infinity
  4.20000000000000026E-002  0.53800000000000003        0.0000000000000000                      +Infinity
  4.20000000000000026E-002  0.54200000000000004        0.0000000000000000                      +Infinity
  4.20000000000000026E-002  0.54600000000000004        0.0000000000000000                      +Infinity
  4.20000000000000026E-002  0.55000000000000004        0.0000000000000000                      +Infinity
  4.20000000000000026E-002  0.55400000000000005        0.0000000000000000                      +Infinity
  4.20000000000000026E-002  0.55800000000000005        0.0000000000000000                      +Infinity
  4.20000000000000026E-002  0.56200000000000006        0.0000000000000000                      +Infinity
  4.20000000000000026E-002  0.56599999999999995        0.0000000000000000                      +Infinity
  4.20000000000000026E-002  0.56999999999999995        0.0000000000000000                      +Infinity
  4.20000000000000026E-002  0.57399999999999995        0.0000000000000000                      +Infinity
  4.20000000000000026E-002  0.57799999999999996        0.0000000000000000                      +Infinity
  4.20000000000000026E-002  0.58199999999999996        0.0000000000000000                      +Infinity
  4.20000000000000026E-002  0.58599999999999997        0.0000000000000000                      +Infinity
  4.20000000000000026E-002  0.58999999999999997        0.0000000000000000                      +Infinity
  4.20000000000000026E-002  0.59399999999999997        0.0000000000000000                      +Infinity
  4.20000000000000026E-002  0.59799999999999998        0.0000000000000000                      +Infinity
  4.20000000000000026E-002  0.60199999999999998        0.0000000000000000                      +Infinity
  4.20000000000000026E-002  0.60599999999999998        0.0000000000000000                      +Infinity
  4.20000000000000026E-002  0.60999999999999999        0.0000000000000000                      +Infinity
  4.20000000000000026E-002  0.61399999999999999        0.0000000000000000                      +Infinity
  4.20000000000000026E-002  0.61799999999999999        0.0000000000000000                      +Infinity
  4.20000000000000026E-002  0.62200000000000000        0.0000000000000000                      +Infinity
  4.20000000000000026E-002  0.62600000000000000        0.0000000000000000                      +Infinity
  4.20000000000000026E-002  0.63000000000000000        0.0000000000000000                      +Infinity
  4.20000000000000026E-002  0.63400000000000001        0.0000000000000000                      +Infinity
  4.20000000000000026E-002  0.63800000000000001        0.0000000000000000                      +Infinity
  4.20000000000000026E-002  0.64200000000000002        0.0000000000000000                      +Infinity
  4.20000000000000026E-002  0.64600000000000002        0.0000000000000000                      +Infinity
  4.20000000000000026E-002  0.65000000000000002        0.0000000000000000                      +Infinity
  4.20000000000000026E-002  0.65400000000000003        0.0000000000000000                      +Infinity
  4.20000000000000026E-002  0.65800000000000003        0.0000000000000000                      +Infinity
  4.20000000000000026E-002  0.66200000000000003        0.0000000000000000                      +Infinity
  4.20000000000000026E-002  0.66600000000000004        0.0000000000000000                      +Infinity
  4.20000000000000026E-002  0.67000000000000004        0.0000000000000000                      +Infinity
  4.20000000000000026E-002  0.67400000000000004        0.0000000000000000                      +Infinity
  4.20000000000000026E-002  0.67800000000000005        0.0000000000000000                      +Infinity
  4.20000000000000026E-002  0.68200000000000005        0.0000000000000000                      +Infinity
  4.20000000000000026E-002  0.68600000000000005        0.0000000000000000                      +Infinity
  4.20000000000000026E-002  0.68999999999999995        0.0000000000000000                      +Infinity
  4.20000000000000026E-002  0.69399999999999995        0.0000000000000000                      +Infinity
  4.20000000000000026E-002  0.69799999999999995        0.0000000000000000                      +Infinity
  4.20000000000000026E-002  0.70199999999999996        0.0000000000000000                      +Infinity
  4.20000000000000026E-002  0.70599999999999996        0.0000000000000000                      +Infinity
  4.20000000000000026E-002  0.70999999999999996        0.0000000000000000                      +Infinity
  4.20000000000000026E-002  0.71399999999999997        0.0000000000000000                      +Infinity
  4.20000000000000026E-002  0.71799999999999997        0.0000000000000000                      +Infinity
  4.20000000000000026E-002  0.72199999999999998        0.0000000000000000                      +Infinity
  4.20000000000000026E-002  0.72599999999999998        0.0000000000000000                      +Infinity
  4.20000000000000026E-002  0.72999999999999998        0.0000000000000000                      +Infinity
  4.20000000000000026E-002  0.73399999999999999        0.0000000000000000                      +Infinity
  4.20000000000000026E-002  0.73799999999999999        0.0000000000000000                      +Infinity
  4.20000000000000026E-002  0.74199999999999999        0.0000000000000000                      +Infinity
  4.20000000000000026E-002  0.74600000000000000        0.0000000000000000                      +Infinity
  4.20000000000000026E-002  0.75000000000000000        0.0000000000000000                      +Infinity
  4.20000000000000026E-002  0.75400000000000000        0.0000000000000000                      +Infinity
  4.20000000000000026E-002  0.75800000000000001        0.0000000000000000                      +Infinity
  4.20000000000000026E-002  0.76200000000000001        0.0000000000000000                      +Infinity
  4.20000000000000026E-002  0.76600000000000001        0.0000000000000000                      +Infinity
  4.20000000000000026E-002  0.77000000000000002        0.0000000000000000                      +Infinity
  4.20000000000000026E-002  0.77400000000000002        0.0000000000000000                      +Infinity
  4.20000000000000026E-002  0.77800000000000002        0.0000000000000000                      +Infinity
  4.20000000000000026E-002  0.78200000000000003        0.0000000000000000                      +Infinity
  4.20000000000000026E-002  0.78600000000000003        0.0000000000000000                      +Infinity
  4.20000000000000026E-002  0.79000000000000004        0.0000000000000000                      +Infinity
  4.20000000000000026E-002  0.79400000000000004        0.0000000000000000                      +Infinity
  4.20000000000000026E-002  0.79800000000000004        0.0000000000000000                      +Infinity
  4.20000000000000026E-002  0.80200000000000005        0.0000000000000000                      +Infinity
  4.20000000000000026E-002  0.80600000000000005        0.0000000000000000                      +Infinity
  4.20000000000000026E-002  0.81000000000000005        0.0000000000000000                      +Infinity
  4.20000000000000026E-002  0.81399999999999995        0.0000000000000000                      +Infinity
  4.20000000000000026E-002  0.81799999999999995        0.0000000000000000                      +Infinity
  4.20000000000000026E-002  0.82199999999999995        0.0000000000000000                      +Infinity
  4.20000000000000026E-002  0.82599999999999996        0.0000000000000000                      +Infinity
  4.20000000000000026E-002  0.82999999999999996        0.0000000000000000                      +Infinity
  4.20000000000000026E-002  0.83399999999999996        0.0000000000000000                      +Infinity
  4.20000000000000026E-002  0.83799999999999997        0.0000000000000000                      +Infinity
  4.20000000000000026E-002  0.84199999999999997        0.0000000000000000                      +Infinity
  4.20000000000000026E-002  0.84599999999999997        0.0000000000000000                      +Infinity
  4.20000000000000026E-002  0.84999999999999998        0.0000000000000000                      +Infinity
  4.20000000000000026E-002  0.85399999999999998        0.0000000000000000                      +Infinity
  4.20000000000000026E-002  0.85799999999999998        0.0000000000000000                      +Infinity
  4.20000000000000026E-002  0.86199999999999999        0.0000000000000000                      +Infinity
  4.20000000000000026E-002  0.86599999999999999        0.0000000000000000                      +Infinity
  4.20000000000000026E-002  0.87000000000000000        0.0000000000000000                      +Infinity
  4.20000000000000026E-002  0.87400000000000000        0.0000000000000000                      +Infinity
  4.20000000000000026E-002  0.87800000000000000        0.0000000000000000                      +Infinity
  4.20000000000000026E-002  0.88200000000000001        0.0000000000000000                      +Infinity
  4.20000000000000026E-002  0.88600000000000001        0.0000000000000000                      +Infinity
  4.20000000000000026E-002  0.89000000000000001        0.0000000000000000                      +Infinity
  4.20000000000000026E-002  0.89400000000000002        0.0000000000000000                      +Infinity
  4.20000000000000026E-002  0.89800000000000002        0.0000000000000000                      +Infinity
  4.20000000000000026E-002  0.90200000000000002        0.0000000000000000                      +Infinity
  4.20000000000000026E-002  0.90600000000000003        0.0000000000000000                      +Infinity
  4.20000000000000026E-002  0.91000000000000003        0.0000000000000000                      +Infinity
  4.20000000000000026E-002  0.91400000000000003        0.0000000000000000                      +Infinity
  4.20000000000000026E-002  0.91800000000000004        0.0000000000000000                      +Infinity
  4.20000000000000026E-002  0.92200000000000004        0.0000000000000000                      +Infinity
  4.20000000000000026E-002  0.92600000000000005        0.0000000000000000                      +Infinity
  4.20000000000000026E-002  0.93000000000000005        0.0000000000000000                      +Infinity
  4.20000000000000026E-002  0.93400000000000005        0.0000000000000000                      +Infinity
  4.20000000000000026E-002  0.93799999999999994        0.0000000000000000                      +Infinity
  4.20000000000000026E-002  0.94199999999999995        0.0000000000000000                      +Infinity
  4.20000000000000026E-002  0.94599999999999995        0.0000000000000000                      +Infinity
  4.20000000000000026E-002  0.94999999999999996        0.0000000000000000                      +Infinity
  4.20000000000000026E-002  0.95399999999999996        0.0000000000000000                      +Infinity
  4.20000000000000026E-002  0.95799999999999996        0.0000000000000000                      +Infinity
  4.20000000000000026E-002  0.96199999999999997        0.0000000000000000                      +Infinity
  4.20000000000000026E-002  0.96599999999999997        0.0000000000000000                      +Infinity
  4.20000000000000026E-002  0.96999999999999997        0.0000000000000000                      +Infinity
  4.20000000000000026E-002  0.97399999999999998        0.0000000000000000                      +Infinity
  4.20000000000000026E-002  0.97799999999999998        0.0000000000000000                      +Infinity
  4.20000000000000026E-002  0.98199999999999998        0.0000000000000000                      +Infinity
  4.20000000000000026E-002  0.98599999999999999        0.0000000000000000                      +Infinity
  4.20000000000000026E-002  0.98999999999999999        0.0000000000000000                      +Infinity
  4.20000000000000026E-002  0.99399999999999999        0.0000000000000000                      +Infinity
  4.20000000000000026E-002  0.99800000000000000        0.0000000000000000                      +Infinity
