  1.79999999999999986E-002 -0.99800000000000000        0.0000000000000000                      +Infinity
  1.79999999999999986E-002 -0.99399999999999999        0.0000000000000000                      +Infinity
  1.79999999999999986E-002 -0.98999999999999999        0.0000000000000000                      +Infinity
  1.79999999999999986E-002 -0.98599999999999999        0.0000000000000000                      +Infinity
  1.79999999999999986E-002 -0.98199999999999998        0.0000000000000000                      +Infinity
  1.79999999999999986E-002 -0.97799999999999998        0.0000000000000000                      +Infinity
  1.79999999999999986E-002 -0.97399999999999998        0.0000000000000000                      +Infinity
  1.79999999999999986E-002 -0.96999999999999997        0.0000000000000000                      +Infinity
  1.79999999999999986E-002 -0.96599999999999997        0.0000000000000000                      +Infinity
  1.79999999999999986E-002 -0.96199999999999997        0.0000000000000000                      +Infinity
  1.79999999999999986E-002 -0.95799999999999996        0.0000000000000000                      +Infinity
  1.79999999999999986E-002 -0.95399999999999996        0.0000000000000000                      +Infinity
  1.79999999999999986E-002 -0.94999999999999996        0.0000000000000000                      +Infinity
  1.79999999999999986E-002 -0.94599999999999995        0.0000000000000000                      +Infinity
  1.79999999999999986E-002 -0.94199999999999995        0.0000000000000000                      +Infinity
  1.79999999999999986E-002 -0.93799999999999994        0.0000000000000000                      +Infinity
  1.79999999999999986E-002 -0.93400000000000005        0.0000000000000000                      +Infinity
  1.79999999999999986E-002 -0.93000000000000005        0.0000000000000000                      +Infinity
  1.79999999999999986E-002 -0.92600000000000005        0.0000000000000000                      +Infinity
  1.79999999999999986E-002 -0.92200000000000004        0.0000000000000000                      +Infinity
  1.79999999999999986E-002 -0.91800000000000004        0.0000000000000000                      +Infinity
  1.79999999999999986E-002 -0.91400000000000003        0.0000000000000000                      +Infinity
  1.79999999999999986E-002 -0.91000000000000003        0.0000000000000000                      +Infinity
  1.79999999999999986E-002 -0.90600000000000003        0.0000000000000000                      +Infinity
  1.79999999999999986E-002 -0.90200000000000002        0.0000000000000000                      +Infinity
  1.79999999999999986E-002 -0.89800000000000002        0.0000000000000000                      +Infinity
  1.79999999999999986E-002 -0.89400000000000002        0.0000000000000000                      +Infinity
  1.79999999999999986E-002 -0.89000000000000001        0.0000000000000000                      +Infinity
  1.79999999999999986E-002 -0.88600000000000001        0.0000000000000000                      +Infinity
  1.79999999999999986E-002 -0.88200000000000001        0.0000000000000000                      +Infinity
  1.79999999999999986E-002 -0.87800000000000000        0.0000000000000000                      +Infinity
  1.79999999999999986E-002 -0.87400000000000000        0.0000000000000000                      +Infinity
  1.79999999999999986E-002 -0.87000000000000000        0.0000000000000000                      +Infinity
  1.79999999999999986E-002 -0.86599999999999999        0.0000000000000000                      +Infinity
  1.79999999999999986E-002 -0.86199999999999999        0.0000000000000000                      +Infinity
  1.79999999999999986E-002 -0.85799999999999998        0.0000000000000000                      +Infinity
  1.79999999999999986E-002 -0.85399999999999998        0.0000000000000000                      +Infinity
  1.79999999999999986E-002 -0.84999999999999998        0.0000000000000000                      +Infinity
  1.79999999999999986E-002 -0.84599999999999997        0.0000000000000000                      +Infinity
  1.79999999999999986E-002 -0.84199999999999997        0.0000000000000000                      +Infinity
  1.79999999999999986E-002 -0.83799999999999997        0.0000000000000000                      +Infinity
  1.79999999999999986E-002 -0.83399999999999996        0.0000000000000000                      +Infinity
  1.79999999999999986E-002 -0.82999999999999996        0.0000000000000000                      +Infinity
  1.79999999999999986E-002 -0.82599999999999996        0.0000000000000000                      +Infinity
  1.79999999999999986E-002 -0.82199999999999995        0.0000000000000000                      +Infinity
  1.79999999999999986E-002 -0.81799999999999995        0.0000000000000000                      +Infinity
  1.79999999999999986E-002 -0.81399999999999995        0.0000000000000000                      +Infinity
  1.79999999999999986E-002 -0.81000000000000005        0.0000000000000000                      +Infinity
  1.79999999999999986E-002 -0.80600000000000005        0.0000000000000000                      +Infinity
  1.79999999999999986E-002 -0.80200000000000005        0.0000000000000000                      +Infinity
  1.79999999999999986E-002 -0.79800000000000004        0.0000000000000000                      +Infinity
  1.79999999999999986E-002 -0.79400000000000004        0.0000000000000000                      +Infinity
  1.79999999999999986E-002 -0.79000000000000004        0.0000000000000000                      +Infinity
  1.79999999999999986E-002 -0.78600000000000003        0.0000000000000000                      +Infinity
  1.79999999999999986E-002 -0.78200000000000003        0.0000000000000000                      +Infinity
  1.79999999999999986E-002 -0.77800000000000002        0.0000000000000000                      +Infinity
  1.79999999999999986E-002 -0.77400000000000002        0.0000000000000000                      +Infinity
  1.79999999999999986E-002 -0.77000000000000002        0.0000000000000000                      +Infinity
  1.79999999999999986E-002 -0.76600000000000001        0.0000000000000000                      +Infinity
  1.79999999999999986E-002 -0.76200000000000001        0.0000000000000000                      +Infinity
  1.79999999999999986E-002 -0.75800000000000001        0.0000000000000000                      +Infinity
  1.79999999999999986E-002 -0.75400000000000000        0.0000000000000000                      +Infinity
  1.79999999999999986E-002 -0.75000000000000000        0.0000000000000000                      +Infinity
  1.79999999999999986E-002 -0.74600000000000000        0.0000000000000000                      +Infinity
  1.79999999999999986E-002 -0.74199999999999999        0.0000000000000000                      +Infinity
  1.79999999999999986E-002 -0.73799999999999999        0.0000000000000000                      +Infinity
  1.79999999999999986E-002 -0.73399999999999999        0.0000000000000000                      +Infinity
  1.79999999999999986E-002 -0.72999999999999998        0.0000000000000000                      +Infinity
  1.79999999999999986E-002 -0.72599999999999998        0.0000000000000000                      +Infinity
  1.79999999999999986E-002 -0.72199999999999998        0.0000000000000000                      +Infinity
  1.79999999999999986E-002 -0.71799999999999997        0.0000000000000000                      +Infinity
  1.79999999999999986E-002 -0.71399999999999997        0.0000000000000000                      +Infinity
  1.79999999999999986E-002 -0.70999999999999996        0.0000000000000000                      +Infinity
  1.79999999999999986E-002 -0.70599999999999996        0.0000000000000000                      +Infinity
  1.79999999999999986E-002 -0.70199999999999996        0.0000000000000000                      +Infinity
  1.79999999999999986E-002 -0.69799999999999995        0.0000000000000000                      +Infinity
  1.79999999999999986E-002 -0.69399999999999995        0.0000000000000000                      +Infinity
  1.79999999999999986E-002 -0.68999999999999995        0.0000000000000000                      +Infinity
  1.79999999999999986E-002 -0.68600000000000005        0.0000000000000000                      +Infinity
  1.79999999999999986E-002 -0.68200000000000005        0.0000000000000000                      +Infinity
  1.79999999999999986E-002 -0.67800000000000005        0.0000000000000000                      +Infinity
  1.79999999999999986E-002 -0.67400000000000004        0.0000000000000000                      +Infinity
  1.79999999999999986E-002 -0.67000000000000004        0.0000000000000000                      +Infinity
  1.79999999999999986E-002 -0.66600000000000004        0.0000000000000000                      +Infinity
  1.79999999999999986E-002 -0.66200000000000003        0.0000000000000000                      +Infinity
  1.79999999999999986E-002 -0.65800000000000003        0.0000000000000000                      +Infinity
  1.79999999999999986E-002 -0.65400000000000003        0.0000000000000000                      +Infinity
  1.79999999999999986E-002 -0.65000000000000002        0.0000000000000000                      +Infinity
  1.79999999999999986E-002 -0.64600000000000002        0.0000000000000000                      +Infinity
  1.79999999999999986E-002 -0.64200000000000002        0.0000000000000000                      +Infinity
  1.79999999999999986E-002 -0.63800000000000001        0.0000000000000000                      +Infinity
  1.79999999999999986E-002 -0.63400000000000001        0.0000000000000000                      +Infinity
  1.79999999999999986E-002 -0.63000000000000000        0.0000000000000000                      +Infinity
  1.79999999999999986E-002 -0.62600000000000000        0.0000000000000000                      +Infinity
  1.79999999999999986E-002 -0.62200000000000000        0.0000000000000000                      +Infinity
  1.79999999999999986E-002 -0.61799999999999999        0.0000000000000000                      +Infinity
  1.79999999999999986E-002 -0.61399999999999999        0.0000000000000000                      +Infinity
  1.79999999999999986E-002 -0.60999999999999999        0.0000000000000000                      +Infinity
  1.79999999999999986E-002 -0.60599999999999998        0.0000000000000000                      +Infinity
  1.79999999999999986E-002 -0.60199999999999998        0.0000000000000000                      +Infinity
  1.79999999999999986E-002 -0.59799999999999998        0.0000000000000000                      +Infinity
  1.79999999999999986E-002 -0.59399999999999997        0.0000000000000000                      +Infinity
  1.79999999999999986E-002 -0.58999999999999997        0.0000000000000000                      +Infinity
  1.79999999999999986E-002 -0.58599999999999997        0.0000000000000000                      +Infinity
  1.79999999999999986E-002 -0.58199999999999996        0.0000000000000000                      +Infinity
  1.79999999999999986E-002 -0.57799999999999996        0.0000000000000000                      +Infinity
  1.79999999999999986E-002 -0.57399999999999995        0.0000000000000000                      +Infinity
  1.79999999999999986E-002 -0.56999999999999995        0.0000000000000000                      +Infinity
  1.79999999999999986E-002 -0.56599999999999995        0.0000000000000000                      +Infinity
  1.79999999999999986E-002 -0.56200000000000006        0.0000000000000000                      +Infinity
  1.79999999999999986E-002 -0.55800000000000005        0.0000000000000000                      +Infinity
  1.79999999999999986E-002 -0.55400000000000005        0.0000000000000000                      +Infinity
  1.79999999999999986E-002 -0.55000000000000004        0.0000000000000000                      +Infinity
  1.79999999999999986E-002 -0.54600000000000004        0.0000000000000000                      +Infinity
  1.79999999999999986E-002 -0.54200000000000004        0.0000000000000000                      +Infinity
  1.79999999999999986E-002 -0.53800000000000003        0.0000000000000000                      +Infinity
  1.79999999999999986E-002 -0.53400000000000003        0.0000000000000000                      +Infinity
  1.79999999999999986E-002 -0.53000000000000003        0.0000000000000000                      +Infinity
  1.79999999999999986E-002 -0.52600000000000002        0.0000000000000000                      +Infinity
  1.79999999999999986E-002 -0.52200000000000002        0.0000000000000000                      +Infinity
  1.79999999999999986E-002 -0.51800000000000002        0.0000000000000000                      +Infinity
  1.79999999999999986E-002 -0.51400000000000001        0.0000000000000000                      +Infinity
  1.79999999999999986E-002 -0.51000000000000001        0.0000000000000000                      +Infinity
  1.79999999999999986E-002 -0.50600000000000001        0.0000000000000000                      +Infinity
  1.79999999999999986E-002 -0.50200000000000000        0.0000000000000000                      +Infinity
  1.79999999999999986E-002 -0.49800000000000000        0.0000000000000000                      +Infinity
  1.79999999999999986E-002 -0.49399999999999999        0.0000000000000000                      +Infinity
  1.79999999999999986E-002 -0.48999999999999999        0.0000000000000000                      +Infinity
  1.79999999999999986E-002 -0.48599999999999999        0.0000000000000000                      +Infinity
  1.79999999999999986E-002 -0.48199999999999998       4.99999999999999954E-011   23.718998110500401
  1.79999999999999986E-002 -0.47799999999999998       6.17450000000000013E-008   16.600252836376626
  1.79999999999999986E-002 -0.47399999999999998       2.17415000000000018E-007   15.341457867399392
  1.79999999999999986E-002 -0.46999999999999997       6.56795000000000079E-007   14.235893891504647
  1.79999999999999986E-002 -0.46600000000000003       4.73789999999999956E-007   14.562501651396339
  1.79999999999999986E-002 -0.46200000000000002       4.46489999999999970E-007   14.621848833297234
  1.79999999999999986E-002 -0.45800000000000002       4.77049999999999947E-007   14.555644529748557
  1.79999999999999986E-002 -0.45400000000000001       7.27805000000000077E-007   14.133232681772714
  1.79999999999999986E-002 -0.45000000000000001       7.36705000000000005E-007   14.121078296257464
  1.79999999999999986E-002 -0.44600000000000001       9.11054999999999975E-007   13.908662568292597
  1.79999999999999986E-002 -0.44200000000000000       1.36003500000000002E-006   13.508000123253343
  1.79999999999999986E-002 -0.43800000000000000       1.88087500000000001E-006   13.183773463867370
  1.79999999999999986E-002 -0.43400000000000000       2.59296000000000016E-006   12.862710477674051
  1.79999999999999986E-002 -0.42999999999999999       2.66791499999999968E-006   12.834213289488872
  1.79999999999999986E-002 -0.42599999999999999       3.16081500000000008E-006   12.664680652226474
  1.79999999999999986E-002 -0.42199999999999999       3.45682500000000014E-006   12.575160020232646
  1.79999999999999986E-002 -0.41799999999999998       4.16506999999999975E-006   12.388777475764011
  1.79999999999999986E-002 -0.41399999999999998       6.53541999999999985E-006   11.938273943634222
  1.79999999999999986E-002 -0.40999999999999998       7.81363000000000129E-006   11.759640913361110
  1.79999999999999986E-002 -0.40600000000000003       1.17035950000000006E-005   11.355614498399508
  1.79999999999999986E-002 -0.40200000000000002       1.42664850000000003E-005   11.157597477770565
  1.79999999999999986E-002 -0.39800000000000002       1.60810550000000012E-005   11.037868686912923
  1.79999999999999986E-002 -0.39400000000000002       2.04275299999999992E-005   10.798627057080134
  1.79999999999999986E-002 -0.39000000000000001       2.50433550000000017E-005   10.594902035084646
  1.79999999999999986E-002 -0.38600000000000001       3.01207349999999968E-005   10.410296752939876
  1.79999999999999986E-002 -0.38200000000000001       3.54232349999999990E-005   10.248142597199690
  1.79999999999999986E-002 -0.37800000000000000       4.26534250000000024E-005   10.062402982444279
  1.79999999999999986E-002 -0.37400000000000000       5.80977999999999979E-005   9.7533827605720429
  1.79999999999999986E-002 -0.37000000000000000       7.02561250000000015E-005   9.5633630649390255
  1.79999999999999986E-002 -0.36599999999999999       8.23433900000000078E-005   9.4046123717146024
  1.79999999999999986E-002 -0.36199999999999999       9.72257849999999990E-005   9.2384746039000305
  1.79999999999999986E-002 -0.35799999999999998       1.08453149999999997E-004   9.1291922754700536
  1.79999999999999986E-002 -0.35399999999999998       1.25157435000000005E-004   8.9859381331415698
  1.79999999999999986E-002 -0.34999999999999998       1.39878755000000010E-004   8.8747345462948388
  1.79999999999999986E-002 -0.34599999999999997       1.57974814999999985E-004   8.7530749363768123
  1.79999999999999986E-002 -0.34200000000000003       1.76431105000000019E-004   8.6425800977367313
  1.79999999999999986E-002 -0.33800000000000002       1.96227345000000021E-004   8.5362366474558531
  1.79999999999999986E-002 -0.33400000000000002       2.22010219999999985E-004   8.4127871411155848
  1.79999999999999986E-002 -0.33000000000000002       2.41766639999999993E-004   8.3275375945622105
  1.79999999999999986E-002 -0.32600000000000001       2.65744540000000006E-004   8.2329750865788682
  1.79999999999999986E-002 -0.32200000000000001       2.97806614999999997E-004   8.1190662250665078
  1.79999999999999986E-002 -0.31800000000000000       3.24898270000000011E-004   8.0319984400186932
  1.79999999999999986E-002 -0.31400000000000000       3.56169075000000010E-004   7.9401050100804129
  1.79999999999999986E-002 -0.31000000000000000       3.98968439999999955E-004   7.8266282419471631
  1.79999999999999986E-002 -0.30599999999999999       4.45546039999999955E-004   7.7162099718364132
  1.79999999999999986E-002 -0.30199999999999999       5.01685629999999954E-004   7.5975368694993834
  1.79999999999999986E-002 -0.29799999999999999       5.57827035000000074E-004   7.4914616167528401
  1.79999999999999986E-002 -0.29399999999999998       6.13929630000000013E-004   7.3956302455057799
  1.79999999999999986E-002 -0.28999999999999998       6.63541184999999934E-004   7.3179196337747880
  1.79999999999999986E-002 -0.28599999999999998       7.36740559999999982E-004   7.2132747494587575
  1.79999999999999986E-002 -0.28199999999999997       8.10964694999999998E-004   7.1172860374721445
  1.79999999999999986E-002 -0.27800000000000002       8.85664964999999921E-004   7.0291718222142734
  1.79999999999999986E-002 -0.27400000000000002       9.46988039999999902E-004   6.9622240942138074
  1.79999999999999986E-002 -0.27000000000000002       1.02799351499999994E-003   6.8801464203348202
  1.79999999999999986E-002 -0.26600000000000001       1.12590807500000003E-003   6.7891653911407621
  1.79999999999999986E-002 -0.26200000000000001       1.21909957000000007E-003   6.7096427501124545
  1.79999999999999986E-002 -0.25800000000000001       1.32750453000000002E-003   6.6244543924246244
  1.79999999999999986E-002 -0.25400000000000000       1.44796270499999991E-003   6.5375977415657793
  1.79999999999999986E-002 -0.25000000000000000       1.54664681000000006E-003   6.4716660398565642
  1.79999999999999986E-002 -0.24600000000000000       1.64531208999999976E-003   6.4098251923946927
  1.79999999999999986E-002 -0.24199999999999999       1.75888908000000014E-003   6.3430728737709883
  1.79999999999999986E-002 -0.23799999999999999       1.90432571499999986E-003   6.2636272884410413
  1.79999999999999986E-002 -0.23400000000000001       2.04840338000000007E-003   6.1906946283088944
  1.79999999999999986E-002 -0.23000000000000001       2.17878794000000032E-003   6.1289865476270409
  1.79999999999999986E-002 -0.22600000000000001       2.31377481000000001E-003   6.0688749712815442
  1.79999999999999986E-002 -0.22200000000000000       2.45076576499999969E-003   6.0113547461184522
  1.79999999999999986E-002 -0.21800000000000000       2.58690700000000027E-003   5.9572923254000720
  1.79999999999999986E-002 -0.21400000000000000       2.74590482499999971E-003   5.8976446317417466
  1.79999999999999986E-002 -0.20999999999999999       2.90472120999999989E-003   5.8414178623025164
  1.79999999999999986E-002 -0.20599999999999999       3.07151254999999974E-003   5.7855851514171501
  1.79999999999999986E-002 -0.20200000000000001       3.23974761999999998E-003   5.7322598472736050
  1.79999999999999986E-002 -0.19800000000000001       3.42764390999999958E-003   5.6758821605383316
  1.79999999999999986E-002 -0.19400000000000001       3.63776036000000016E-003   5.6163870724137084
  1.79999999999999986E-002 -0.19000000000000000       3.82643159000000017E-003   5.5658226098304677
  1.79999999999999986E-002 -0.18600000000000000       4.04125235999999981E-003   5.5112006449470723
  1.79999999999999986E-002 -0.18200000000000000       4.24073838500000060E-003   5.4630178774945097
  1.79999999999999986E-002 -0.17799999999999999       4.46910295999999960E-003   5.4105675705850889
  1.79999999999999986E-002 -0.17399999999999999       4.72624833000000015E-003   5.3546235561048698
  1.79999999999999986E-002 -0.17000000000000001       4.97552715999999978E-003   5.3032239521760918
  1.79999999999999986E-002 -0.16600000000000001       5.22414279999999960E-003   5.2544645520064206
  1.79999999999999986E-002 -0.16200000000000001       5.45873245999999989E-003   5.2105386663594988
  1.79999999999999986E-002 -0.15800000000000000       5.70697810000000017E-003   5.1660656248276045
  1.79999999999999986E-002 -0.15400000000000000       5.95612593000000023E-003   5.1233350209990709
  1.79999999999999986E-002 -0.14999999999999999       6.20164274999999987E-003   5.0829410623492883
  1.79999999999999986E-002 -0.14599999999999999       6.42495526000000025E-003   5.0475656116492225
  1.79999999999999986E-002 -0.14199999999999999       6.68772750499999936E-003   5.0074811478994077
  1.79999999999999986E-002 -0.13800000000000001       6.96106649500000032E-003   4.9674225843344084
  1.79999999999999986E-002 -0.13400000000000001       7.18609943500000004E-003   4.9356067530639729
  1.79999999999999986E-002 -0.13000000000000000       7.45904586000000012E-003   4.8983277737507622
  1.79999999999999986E-002 -0.12600000000000000       7.71976716000000087E-003   4.8639710760220547
  1.79999999999999986E-002 -0.12200000000000000       7.98966302000000093E-003   4.8296066953123766
  1.79999999999999986E-002 -0.11799999999999999       8.23876259500000083E-003   4.7989051168471857
  1.79999999999999986E-002 -0.11400000000000000       8.47479480499999972E-003   4.7706588378081438
  1.79999999999999986E-002 -0.11000000000000000       8.74276314000000006E-003   4.7395289905377567
  1.79999999999999986E-002 -0.10600000000000000       8.99683432000000088E-003   4.7108825057439452
  1.79999999999999986E-002 -0.10199999999999999       9.22930649000000027E-003   4.6853713698016408
  1.79999999999999986E-002 -9.80000000000000038E-002  9.53047482999999987E-003   4.6532607377933353
  1.79999999999999986E-002 -9.40000000000000002E-002  9.82679627000000028E-003   4.6226423114744284
  1.79999999999999986E-002 -8.99999999999999967E-002  1.00554410450000003E-002   4.5996413934673726
  1.79999999999999986E-002 -8.59999999999999931E-002  1.02376979899999991E-002   4.5816784903074188
  1.79999999999999986E-002 -8.20000000000000034E-002  1.04515371650000001E-002   4.5610062142598524
  1.79999999999999986E-002 -7.79999999999999999E-002  1.06630274400000002E-002   4.5409729005648050
  1.79999999999999986E-002 -7.39999999999999963E-002  1.08123209099999992E-002   4.5270689700983056
  1.79999999999999986E-002 -7.00000000000000067E-002  1.10419824800000003E-002   4.5060506817906250
  1.79999999999999986E-002 -6.60000000000000031E-002  1.13041152850000010E-002   4.4825884350496512
  1.79999999999999986E-002 -6.19999999999999996E-002  1.14960392000000005E-002   4.4657527203295286
  1.79999999999999986E-002 -5.80000000000000029E-002  1.16489221900000009E-002   4.4525416191301135
  1.79999999999999986E-002 -5.39999999999999994E-002  1.18101511300000000E-002   4.4387958520723565
  1.79999999999999986E-002 -5.00000000000000028E-002  1.19489476699999996E-002   4.4271120655700891
  1.79999999999999986E-002 -4.59999999999999992E-002  1.21224126900000007E-002   4.4126992513204577
  1.79999999999999986E-002 -4.20000000000000026E-002  1.22357006250000001E-002   4.4033973197302911
  1.79999999999999986E-002 -3.79999999999999991E-002  1.23721910100000002E-002   4.3923039853842152
  1.79999999999999986E-002 -3.40000000000000024E-002  1.25281865149999994E-002   4.3797742519932994
  1.79999999999999986E-002 -2.99999999999999989E-002  1.26234538650000002E-002   4.3721987774589168
  1.79999999999999986E-002 -2.59999999999999988E-002  1.26956513550000004E-002   4.3664957571464313
  1.79999999999999986E-002 -2.19999999999999987E-002  1.27548732150000003E-002   4.3618418674612851
  1.79999999999999986E-002 -1.79999999999999986E-002  1.28275099850000008E-002   4.3561631967426884
  1.79999999999999986E-002 -1.40000000000000003E-002  1.28584727450000002E-002   4.3537523273340684
  1.79999999999999986E-002 -1.00000000000000002E-002  1.29166411799999988E-002   4.3492387850141281
  1.79999999999999986E-002 -6.00000000000000012E-003  1.29629308449999998E-002   4.3456614681775045
  1.79999999999999986E-002 -2.00000000000000004E-003  1.30424142999999992E-002   4.3395485939154597
  1.79999999999999986E-002  2.00000000000000004E-003  1.30139338500000010E-002   4.3417346609098146
  1.79999999999999986E-002  6.00000000000000012E-003  1.30296451649999992E-002   4.3405281203727473
  1.79999999999999986E-002  1.00000000000000002E-002  1.30319793049999983E-002   4.3403489956977728
  1.79999999999999986E-002  1.40000000000000003E-002  1.30052451100000008E-002   4.3424025328927343
  1.79999999999999986E-002  1.79999999999999986E-002  1.29809464300000010E-002   4.3442726558805038
  1.79999999999999986E-002  2.19999999999999987E-002  1.28675428799999991E-002   4.3530471940162609
  1.79999999999999986E-002  2.59999999999999988E-002  1.27645013950000007E-002   4.3610872893727546
  1.79999999999999986E-002  2.99999999999999989E-002  1.26639005650000004E-002   4.3689998082188373
  1.79999999999999986E-002  3.40000000000000024E-002  1.25789912949999996E-002   4.3757272141520343
  1.79999999999999986E-002  3.79999999999999991E-002  1.24515958299999986E-002   4.3859064851691958
  1.79999999999999986E-002  4.20000000000000026E-002  1.23464745199999993E-002   4.3943847206283566
  1.79999999999999986E-002  4.59999999999999992E-002  1.22441069200000009E-002   4.4027105254967198
  1.79999999999999986E-002  5.00000000000000028E-002  1.21038543049999999E-002   4.4142313394984676
  1.79999999999999986E-002  5.39999999999999994E-002  1.19388366199999988E-002   4.4279586112757165
  1.79999999999999986E-002  5.80000000000000029E-002  1.17628689950000000E-002   4.4428074041057206
  1.79999999999999986E-002  6.19999999999999996E-002  1.16300943350000005E-002   4.4541592011345035
  1.79999999999999986E-002  6.60000000000000031E-002  1.14824721200000000E-002   4.4669335698099468
  1.79999999999999986E-002  7.00000000000000067E-002  1.13277152849999996E-002   4.4805028760860379
  1.79999999999999986E-002  7.39999999999999963E-002  1.11357318250000000E-002   4.4975962574867978
  1.79999999999999986E-002  7.79999999999999999E-002  1.08903968000000004E-002   4.5198739056028279
  1.79999999999999986E-002  8.20000000000000034E-002  1.07061768150000011E-002   4.5369344316420026
  1.79999999999999986E-002  8.59999999999999931E-002  1.04554845499999997E-002   4.5606286009296788
  1.79999999999999986E-002  8.99999999999999967E-002  1.02376536700000010E-002   4.5816828194149952
  1.79999999999999986E-002  9.40000000000000002E-002  9.97727223000000052E-003   4.6074455496657745
  1.79999999999999986E-002  9.80000000000000038E-002  9.74411235500000084E-003   4.6310920373955238
  1.79999999999999986E-002  0.10199999999999999       9.49361668500000103E-003   4.6571356341150993
  1.79999999999999986E-002  0.10600000000000000       9.25883168499999978E-003   4.6821774062104575
  1.79999999999999986E-002  0.11000000000000000       8.94729046500000041E-003   4.7164045338715663
  1.79999999999999986E-002  0.11400000000000000       8.68903030000000090E-003   4.7456939339634649
  1.79999999999999986E-002  0.11799999999999999       8.40998004000000077E-003   4.7783361783651381
  1.79999999999999986E-002  0.12200000000000000       8.15255276999999993E-003   4.8094241774606630
  1.79999999999999986E-002  0.12600000000000000       7.89435490999999996E-003   4.8416073432892448
  1.79999999999999986E-002  0.13000000000000000       7.63685200000000040E-003   4.8747698026011079
  1.79999999999999986E-002  0.13400000000000001       7.36106238999999912E-003   4.9115510101909097
  1.79999999999999986E-002  0.13800000000000001       7.08940010999999960E-003   4.9491545527371130
  1.79999999999999986E-002  0.14199999999999999       6.84821671499999916E-003   4.9837669941773139
  1.79999999999999986E-002  0.14599999999999999       6.61542182999999995E-003   5.0183517147408727
  1.79999999999999986E-002  0.14999999999999999       6.41005892499999994E-003   5.0498868154241041
  1.79999999999999986E-002  0.15400000000000000       6.18132599500000046E-003   5.0862224682300008
  1.79999999999999986E-002  0.15800000000000000       5.93319003499999994E-003   5.1271932620483511
  1.79999999999999986E-002  0.16200000000000001       5.70424383500000003E-003   5.1665448487122863
  1.79999999999999986E-002  0.16600000000000001       5.49273067999999937E-003   5.2043297554977785
  1.79999999999999986E-002  0.17000000000000001       5.25108796000000027E-003   5.2493199933716834
  1.79999999999999986E-002  0.17399999999999999       4.99738529999999969E-003   5.2988404433288459
  1.79999999999999986E-002  0.17799999999999999       4.75296330999999943E-003   5.3489870007152156
  1.79999999999999986E-002  0.18200000000000000       4.53091146000000021E-003   5.3968321544282523
  1.79999999999999986E-002  0.18600000000000000       4.31221120999999985E-003   5.4463044646640695
  1.79999999999999986E-002  0.19000000000000000       4.11797241000000022E-003   5.4923943702532814
  1.79999999999999986E-002  0.19400000000000001       3.89121702500000010E-003   5.5490333103850622
  1.79999999999999986E-002  0.19800000000000001       3.67429253500000004E-003   5.6063946723322742
  1.79999999999999986E-002  0.20200000000000001       3.45184264500000013E-003   5.6688470905195079
  1.79999999999999986E-002  0.20599999999999999       3.24831281000000039E-003   5.7296195528225340
  1.79999999999999986E-002  0.20999999999999999       3.06407795500000021E-003   5.7880085851950644
  1.79999999999999986E-002  0.21400000000000000       2.90328984499999996E-003   5.8419107556580636
  1.79999999999999986E-002  0.21800000000000000       2.72141830499999984E-003   5.9066020989128010
  1.79999999999999986E-002  0.22200000000000000       2.53014145499999999E-003   5.9794800667384802
  1.79999999999999986E-002  0.22600000000000001       2.34638719500000021E-003   6.0548784976122079
  1.79999999999999986E-002  0.23000000000000001       2.19154215000000015E-003   6.1231498048885902
  1.79999999999999986E-002  0.23400000000000001       2.03042845499999984E-003   6.1995084466224473
  1.79999999999999986E-002  0.23799999999999999       1.89015318999999978E-003   6.2710974002851430
  1.79999999999999986E-002  0.24199999999999999       1.75127255499999985E-003   6.3474125810241189
  1.79999999999999986E-002  0.24600000000000000       1.61805328000000012E-003   6.4265315313453577
  1.79999999999999986E-002  0.25000000000000000       1.50166218500000009E-003   6.5011826610561085
  1.79999999999999986E-002  0.25400000000000000       1.39138813500000002E-003   6.5774533718935837
  1.79999999999999986E-002  0.25800000000000001       1.31153071499999995E-003   6.6365603391832044
  1.79999999999999986E-002  0.26200000000000001       1.22305948000000012E-003   6.7063997889544060
  1.79999999999999986E-002  0.26600000000000001       1.13308862000000010E-003   6.7828080828723838
  1.79999999999999986E-002  0.27000000000000002       1.04832188000000001E-003   6.8605646028357432
  1.79999999999999986E-002  0.27400000000000002       9.72261744999999931E-004   6.9358855047751033
  1.79999999999999986E-002  0.27800000000000002       8.84939660000000025E-004   7.0299910960717211
  1.79999999999999986E-002  0.28199999999999997       8.11264380000000125E-004   7.1169165643711780
  1.79999999999999986E-002  0.28599999999999998       7.46859665000000053E-004   7.1996332552727607
  1.79999999999999986E-002  0.28999999999999998       6.69012995000000006E-004   7.3097070735104985
  1.79999999999999986E-002  0.29399999999999998       6.07235895000000025E-004   7.4065932180174645
  1.79999999999999986E-002  0.29799999999999999       5.56502675000000073E-004   7.4938385804318353
  1.79999999999999986E-002  0.30199999999999999       5.11414285000000020E-004   7.5783305623725550
  1.79999999999999986E-002  0.30599999999999999       4.55535240000000039E-004   7.6940374787244377
  1.79999999999999986E-002  0.31000000000000000       4.04746474999999935E-004   7.8122496745241330
  1.79999999999999986E-002  0.31400000000000000       3.53409464999999989E-004   7.9478832157548149
  1.79999999999999986E-002  0.31800000000000000       3.16282854999999977E-004   8.0588736339906042
  1.79999999999999986E-002  0.32200000000000001       2.82775400000000003E-004   8.1708576149956240
  1.79999999999999986E-002  0.32600000000000001       2.56675835000000016E-004   8.2676966116434052
  1.79999999999999986E-002  0.33000000000000002       2.27805880000000012E-004   8.3870166951684286
  1.79999999999999986E-002  0.33400000000000002       1.93270425000000007E-004   8.5514201839730930
  1.79999999999999986E-002  0.33800000000000002       1.74208514999999998E-004   8.6552576141434745
  1.79999999999999986E-002  0.34200000000000003       1.58996859999999986E-004   8.7466261043667188
  1.79999999999999986E-002  0.34599999999999997       1.40571040000000009E-004   8.8697975741987971
  1.79999999999999986E-002  0.34999999999999998       1.24204315000000007E-004   8.9935826467173499
  1.79999999999999986E-002  0.35399999999999998       1.14021780000000012E-004   9.0791210751864302
  1.79999999999999986E-002  0.35799999999999998       9.96876299999999995E-005   9.2134689609107259
  1.79999999999999986E-002  0.36199999999999999       8.43028150000000031E-005   9.3810953008686724
  1.79999999999999986E-002  0.36599999999999999       7.56162000000000029E-005   9.4898400120204052
  1.79999999999999986E-002  0.37000000000000000       6.52356900000000022E-005   9.6375038461583298
  1.79999999999999986E-002  0.37400000000000000       5.39787299999999940E-005   9.8269204778834940
  1.79999999999999986E-002  0.37800000000000000       4.63213549999999969E-005   9.9799074721049426
  1.79999999999999986E-002  0.38200000000000001       3.87742400000000016E-005   10.157754449351657
  1.79999999999999986E-002  0.38600000000000001       3.03409600000000003E-005   10.403011943146971
  1.79999999999999986E-002  0.39000000000000001       2.62274099999999997E-005   10.548705510859383
  1.79999999999999986E-002  0.39400000000000002       2.17256950000000007E-005   10.737014896530496
  1.79999999999999986E-002  0.39800000000000002       1.88349500000000017E-005   10.879796371456127
  1.79999999999999986E-002  0.40200000000000002       1.71573099999999999E-005   10.973086236099336
  1.79999999999999986E-002  0.40600000000000003       1.49885949999999988E-005   11.108220979395387
  1.79999999999999986E-002  0.40999999999999998       9.84785999999999993E-006   11.528256385267655
  1.79999999999999986E-002  0.41399999999999998       7.27764999999999968E-006   11.830702550065325
  1.79999999999999986E-002  0.41799999999999998       5.08037500000000047E-006   12.190125480200727
  1.79999999999999986E-002  0.42199999999999999       4.03450999999999993E-006   12.420625701039036
  1.79999999999999986E-002  0.42599999999999999       3.58790999999999984E-006   12.537940697694363
  1.79999999999999986E-002  0.42999999999999999       3.03960500000000001E-006   12.703782985198851
  1.79999999999999986E-002  0.43400000000000000       2.41947999999999975E-006   12.931957916917899
  1.79999999999999986E-002  0.43800000000000000       1.21508999999999996E-006   13.620692409841038
  1.79999999999999986E-002  0.44200000000000000       8.95379999999999909E-007   13.926017627774980
  1.79999999999999986E-002  0.44600000000000001       9.00340000000000027E-007   13.920493367184381
  1.79999999999999986E-002  0.45000000000000001       6.65930000000000034E-007   14.222081277035056
  1.79999999999999986E-002  0.45400000000000001       3.34369999999999996E-007   14.911017672678970
  1.79999999999999986E-002  0.45800000000000002       1.52370000000000007E-007   15.696954063465148
  1.79999999999999986E-002  0.46200000000000002       1.26110000000000009E-007   15.886111294978628
  1.79999999999999986E-002  0.46600000000000003        0.0000000000000000                      +Infinity
  1.79999999999999986E-002  0.46999999999999997        0.0000000000000000                      +Infinity
  1.79999999999999986E-002  0.47399999999999998        0.0000000000000000                      +Infinity
  1.79999999999999986E-002  0.47799999999999998        0.0000000000000000                      +Infinity
  1.79999999999999986E-002  0.48199999999999998        0.0000000000000000                      +Infinity
  1.79999999999999986E-002  0.48599999999999999        0.0000000000000000                      +Infinity
  1.79999999999999986E-002  0.48999999999999999        0.0000000000000000                      +Infinity
  1.79999999999999986E-002  0.49399999999999999        0.0000000000000000                      +Infinity
  1.79999999999999986E-002  0.49800000000000000        0.0000000000000000                      +Infinity
  1.79999999999999986E-002  0.50200000000000000        0.0000000000000000                      +Infinity
  1.79999999999999986E-002  0.50600000000000001        0.0000000000000000                      +Infinity
  1.79999999999999986E-002  0.51000000000000001        0.0000000000000000                      +Infinity
  1.79999999999999986E-002  0.51400000000000001        0.0000000000000000                      +Infinity
  1.79999999999999986E-002  0.51800000000000002        0.0000000000000000                      +Infinity
  1.79999999999999986E-002  0.52200000000000002        0.0000000000000000                      +Infinity
  1.79999999999999986E-002  0.52600000000000002        0.0000000000000000                      +Infinity
  1.79999999999999986E-002  0.53000000000000003        0.0000000000000000                      +Infinity
  1.79999999999999986E-002  0.53400000000000003        0.0000000000000000                      +Infinity
  1.79999999999999986E-002  0.53800000000000003        0.0000000000000000                      +Infinity
  1.79999999999999986E-002  0.54200000000000004        0.0000000000000000                      +Infinity
  1.79999999999999986E-002  0.54600000000000004        0.0000000000000000                      +Infinity
  1.79999999999999986E-002  0.55000000000000004        0.0000000000000000                      +Infinity
  1.79999999999999986E-002  0.55400000000000005        0.0000000000000000                      +Infinity
  1.79999999999999986E-002  0.55800000000000005        0.0000000000000000                      +Infinity
  1.79999999999999986E-002  0.56200000000000006        0.0000000000000000                      +Infinity
  1.79999999999999986E-002  0.56599999999999995        0.0000000000000000                      +Infinity
  1.79999999999999986E-002  0.56999999999999995        0.0000000000000000                      +Infinity
  1.79999999999999986E-002  0.57399999999999995        0.0000000000000000                      +Infinity
  1.79999999999999986E-002  0.57799999999999996        0.0000000000000000                      +Infinity
  1.79999999999999986E-002  0.58199999999999996        0.0000000000000000                      +Infinity
  1.79999999999999986E-002  0.58599999999999997        0.0000000000000000                      +Infinity
  1.79999999999999986E-002  0.58999999999999997        0.0000000000000000                      +Infinity
  1.79999999999999986E-002  0.59399999999999997        0.0000000000000000                      +Infinity
  1.79999999999999986E-002  0.59799999999999998        0.0000000000000000                      +Infinity
  1.79999999999999986E-002  0.60199999999999998        0.0000000000000000                      +Infinity
  1.79999999999999986E-002  0.60599999999999998        0.0000000000000000                      +Infinity
  1.79999999999999986E-002  0.60999999999999999        0.0000000000000000                      +Infinity
  1.79999999999999986E-002  0.61399999999999999        0.0000000000000000                      +Infinity
  1.79999999999999986E-002  0.61799999999999999        0.0000000000000000                      +Infinity
  1.79999999999999986E-002  0.62200000000000000        0.0000000000000000                      +Infinity
  1.79999999999999986E-002  0.62600000000000000        0.0000000000000000                      +Infinity
  1.79999999999999986E-002  0.63000000000000000        0.0000000000000000                      +Infinity
  1.79999999999999986E-002  0.63400000000000001        0.0000000000000000                      +Infinity
  1.79999999999999986E-002  0.63800000000000001        0.0000000000000000                      +Infinity
  1.79999999999999986E-002  0.64200000000000002        0.0000000000000000                      +Infinity
  1.79999999999999986E-002  0.64600000000000002        0.0000000000000000                      +Infinity
  1.79999999999999986E-002  0.65000000000000002        0.0000000000000000                      +Infinity
  1.79999999999999986E-002  0.65400000000000003        0.0000000000000000                      +Infinity
  1.79999999999999986E-002  0.65800000000000003        0.0000000000000000                      +Infinity
  1.79999999999999986E-002  0.66200000000000003        0.0000000000000000                      +Infinity
  1.79999999999999986E-002  0.66600000000000004        0.0000000000000000                      +Infinity
  1.79999999999999986E-002  0.67000000000000004        0.0000000000000000                      +Infinity
  1.79999999999999986E-002  0.67400000000000004        0.0000000000000000                      +Infinity
  1.79999999999999986E-002  0.67800000000000005        0.0000000000000000                      +Infinity
  1.79999999999999986E-002  0.68200000000000005        0.0000000000000000                      +Infinity
  1.79999999999999986E-002  0.68600000000000005        0.0000000000000000                      +Infinity
  1.79999999999999986E-002  0.68999999999999995        0.0000000000000000                      +Infinity
  1.79999999999999986E-002  0.69399999999999995        0.0000000000000000                      +Infinity
  1.79999999999999986E-002  0.69799999999999995        0.0000000000000000                      +Infinity
  1.79999999999999986E-002  0.70199999999999996        0.0000000000000000                      +Infinity
  1.79999999999999986E-002  0.70599999999999996        0.0000000000000000                      +Infinity
  1.79999999999999986E-002  0.70999999999999996        0.0000000000000000                      +Infinity
  1.79999999999999986E-002  0.71399999999999997        0.0000000000000000                      +Infinity
  1.79999999999999986E-002  0.71799999999999997        0.0000000000000000                      +Infinity
  1.79999999999999986E-002  0.72199999999999998        0.0000000000000000                      +Infinity
  1.79999999999999986E-002  0.72599999999999998        0.0000000000000000                      +Infinity
  1.79999999999999986E-002  0.72999999999999998        0.0000000000000000                      +Infinity
  1.79999999999999986E-002  0.73399999999999999        0.0000000000000000                      +Infinity
  1.79999999999999986E-002  0.73799999999999999        0.0000000000000000                      +Infinity
  1.79999999999999986E-002  0.74199999999999999        0.0000000000000000                      +Infinity
  1.79999999999999986E-002  0.74600000000000000        0.0000000000000000                      +Infinity
  1.79999999999999986E-002  0.75000000000000000        0.0000000000000000                      +Infinity
  1.79999999999999986E-002  0.75400000000000000        0.0000000000000000                      +Infinity
  1.79999999999999986E-002  0.75800000000000001        0.0000000000000000                      +Infinity
  1.79999999999999986E-002  0.76200000000000001        0.0000000000000000                      +Infinity
  1.79999999999999986E-002  0.76600000000000001        0.0000000000000000                      +Infinity
  1.79999999999999986E-002  0.77000000000000002        0.0000000000000000                      +Infinity
  1.79999999999999986E-002  0.77400000000000002        0.0000000000000000                      +Infinity
  1.79999999999999986E-002  0.77800000000000002        0.0000000000000000                      +Infinity
  1.79999999999999986E-002  0.78200000000000003        0.0000000000000000                      +Infinity
  1.79999999999999986E-002  0.78600000000000003        0.0000000000000000                      +Infinity
  1.79999999999999986E-002  0.79000000000000004        0.0000000000000000                      +Infinity
  1.79999999999999986E-002  0.79400000000000004        0.0000000000000000                      +Infinity
  1.79999999999999986E-002  0.79800000000000004        0.0000000000000000                      +Infinity
  1.79999999999999986E-002  0.80200000000000005        0.0000000000000000                      +Infinity
  1.79999999999999986E-002  0.80600000000000005        0.0000000000000000                      +Infinity
  1.79999999999999986E-002  0.81000000000000005        0.0000000000000000                      +Infinity
  1.79999999999999986E-002  0.81399999999999995        0.0000000000000000                      +Infinity
  1.79999999999999986E-002  0.81799999999999995        0.0000000000000000                      +Infinity
  1.79999999999999986E-002  0.82199999999999995        0.0000000000000000                      +Infinity
  1.79999999999999986E-002  0.82599999999999996        0.0000000000000000                      +Infinity
  1.79999999999999986E-002  0.82999999999999996        0.0000000000000000                      +Infinity
  1.79999999999999986E-002  0.83399999999999996        0.0000000000000000                      +Infinity
  1.79999999999999986E-002  0.83799999999999997        0.0000000000000000                      +Infinity
  1.79999999999999986E-002  0.84199999999999997        0.0000000000000000                      +Infinity
  1.79999999999999986E-002  0.84599999999999997        0.0000000000000000                      +Infinity
  1.79999999999999986E-002  0.84999999999999998        0.0000000000000000                      +Infinity
  1.79999999999999986E-002  0.85399999999999998        0.0000000000000000                      +Infinity
  1.79999999999999986E-002  0.85799999999999998        0.0000000000000000                      +Infinity
  1.79999999999999986E-002  0.86199999999999999        0.0000000000000000                      +Infinity
  1.79999999999999986E-002  0.86599999999999999        0.0000000000000000                      +Infinity
  1.79999999999999986E-002  0.87000000000000000        0.0000000000000000                      +Infinity
  1.79999999999999986E-002  0.87400000000000000        0.0000000000000000                      +Infinity
  1.79999999999999986E-002  0.87800000000000000        0.0000000000000000                      +Infinity
  1.79999999999999986E-002  0.88200000000000001        0.0000000000000000                      +Infinity
  1.79999999999999986E-002  0.88600000000000001        0.0000000000000000                      +Infinity
  1.79999999999999986E-002  0.89000000000000001        0.0000000000000000                      +Infinity
  1.79999999999999986E-002  0.89400000000000002        0.0000000000000000                      +Infinity
  1.79999999999999986E-002  0.89800000000000002        0.0000000000000000                      +Infinity
  1.79999999999999986E-002  0.90200000000000002        0.0000000000000000                      +Infinity
  1.79999999999999986E-002  0.90600000000000003        0.0000000000000000                      +Infinity
  1.79999999999999986E-002  0.91000000000000003        0.0000000000000000                      +Infinity
  1.79999999999999986E-002  0.91400000000000003        0.0000000000000000                      +Infinity
  1.79999999999999986E-002  0.91800000000000004        0.0000000000000000                      +Infinity
  1.79999999999999986E-002  0.92200000000000004        0.0000000000000000                      +Infinity
  1.79999999999999986E-002  0.92600000000000005        0.0000000000000000                      +Infinity
  1.79999999999999986E-002  0.93000000000000005        0.0000000000000000                      +Infinity
  1.79999999999999986E-002  0.93400000000000005        0.0000000000000000                      +Infinity
  1.79999999999999986E-002  0.93799999999999994        0.0000000000000000                      +Infinity
  1.79999999999999986E-002  0.94199999999999995        0.0000000000000000                      +Infinity
  1.79999999999999986E-002  0.94599999999999995        0.0000000000000000                      +Infinity
  1.79999999999999986E-002  0.94999999999999996        0.0000000000000000                      +Infinity
  1.79999999999999986E-002  0.95399999999999996        0.0000000000000000                      +Infinity
  1.79999999999999986E-002  0.95799999999999996        0.0000000000000000                      +Infinity
  1.79999999999999986E-002  0.96199999999999997        0.0000000000000000                      +Infinity
  1.79999999999999986E-002  0.96599999999999997        0.0000000000000000                      +Infinity
  1.79999999999999986E-002  0.96999999999999997        0.0000000000000000                      +Infinity
  1.79999999999999986E-002  0.97399999999999998        0.0000000000000000                      +Infinity
  1.79999999999999986E-002  0.97799999999999998        0.0000000000000000                      +Infinity
  1.79999999999999986E-002  0.98199999999999998        0.0000000000000000                      +Infinity
  1.79999999999999986E-002  0.98599999999999999        0.0000000000000000                      +Infinity
  1.79999999999999986E-002  0.98999999999999999        0.0000000000000000                      +Infinity
  1.79999999999999986E-002  0.99399999999999999        0.0000000000000000                      +Infinity
  1.79999999999999986E-002  0.99800000000000000        0.0000000000000000                      +Infinity
