  7.59999999999999981E-002 -0.99800000000000000        0.0000000000000000                      +Infinity
  7.59999999999999981E-002 -0.99399999999999999        0.0000000000000000                      +Infinity
  7.59999999999999981E-002 -0.98999999999999999        0.0000000000000000                      +Infinity
  7.59999999999999981E-002 -0.98599999999999999        0.0000000000000000                      +Infinity
  7.59999999999999981E-002 -0.98199999999999998        0.0000000000000000                      +Infinity
  7.59999999999999981E-002 -0.97799999999999998        0.0000000000000000                      +Infinity
  7.59999999999999981E-002 -0.97399999999999998        0.0000000000000000                      +Infinity
  7.59999999999999981E-002 -0.96999999999999997        0.0000000000000000                      +Infinity
  7.59999999999999981E-002 -0.96599999999999997        0.0000000000000000                      +Infinity
  7.59999999999999981E-002 -0.96199999999999997        0.0000000000000000                      +Infinity
  7.59999999999999981E-002 -0.95799999999999996        0.0000000000000000                      +Infinity
  7.59999999999999981E-002 -0.95399999999999996        0.0000000000000000                      +Infinity
  7.59999999999999981E-002 -0.94999999999999996        0.0000000000000000                      +Infinity
  7.59999999999999981E-002 -0.94599999999999995        0.0000000000000000                      +Infinity
  7.59999999999999981E-002 -0.94199999999999995        0.0000000000000000                      +Infinity
  7.59999999999999981E-002 -0.93799999999999994        0.0000000000000000                      +Infinity
  7.59999999999999981E-002 -0.93400000000000005        0.0000000000000000                      +Infinity
  7.59999999999999981E-002 -0.93000000000000005        0.0000000000000000                      +Infinity
  7.59999999999999981E-002 -0.92600000000000005        0.0000000000000000                      +Infinity
  7.59999999999999981E-002 -0.92200000000000004        0.0000000000000000                      +Infinity
  7.59999999999999981E-002 -0.91800000000000004        0.0000000000000000                      +Infinity
  7.59999999999999981E-002 -0.91400000000000003        0.0000000000000000                      +Infinity
  7.59999999999999981E-002 -0.91000000000000003        0.0000000000000000                      +Infinity
  7.59999999999999981E-002 -0.90600000000000003        0.0000000000000000                      +Infinity
  7.59999999999999981E-002 -0.90200000000000002        0.0000000000000000                      +Infinity
  7.59999999999999981E-002 -0.89800000000000002        0.0000000000000000                      +Infinity
  7.59999999999999981E-002 -0.89400000000000002        0.0000000000000000                      +Infinity
  7.59999999999999981E-002 -0.89000000000000001        0.0000000000000000                      +Infinity
  7.59999999999999981E-002 -0.88600000000000001        0.0000000000000000                      +Infinity
  7.59999999999999981E-002 -0.88200000000000001        0.0000000000000000                      +Infinity
  7.59999999999999981E-002 -0.87800000000000000        0.0000000000000000                      +Infinity
  7.59999999999999981E-002 -0.87400000000000000        0.0000000000000000                      +Infinity
  7.59999999999999981E-002 -0.87000000000000000        0.0000000000000000                      +Infinity
  7.59999999999999981E-002 -0.86599999999999999        0.0000000000000000                      +Infinity
  7.59999999999999981E-002 -0.86199999999999999        0.0000000000000000                      +Infinity
  7.59999999999999981E-002 -0.85799999999999998        0.0000000000000000                      +Infinity
  7.59999999999999981E-002 -0.85399999999999998        0.0000000000000000                      +Infinity
  7.59999999999999981E-002 -0.84999999999999998        0.0000000000000000                      +Infinity
  7.59999999999999981E-002 -0.84599999999999997        0.0000000000000000                      +Infinity
  7.59999999999999981E-002 -0.84199999999999997        0.0000000000000000                      +Infinity
  7.59999999999999981E-002 -0.83799999999999997        0.0000000000000000                      +Infinity
  7.59999999999999981E-002 -0.83399999999999996        0.0000000000000000                      +Infinity
  7.59999999999999981E-002 -0.82999999999999996        0.0000000000000000                      +Infinity
  7.59999999999999981E-002 -0.82599999999999996        0.0000000000000000                      +Infinity
  7.59999999999999981E-002 -0.82199999999999995        0.0000000000000000                      +Infinity
  7.59999999999999981E-002 -0.81799999999999995        0.0000000000000000                      +Infinity
  7.59999999999999981E-002 -0.81399999999999995        0.0000000000000000                      +Infinity
  7.59999999999999981E-002 -0.81000000000000005        0.0000000000000000                      +Infinity
  7.59999999999999981E-002 -0.80600000000000005        0.0000000000000000                      +Infinity
  7.59999999999999981E-002 -0.80200000000000005        0.0000000000000000                      +Infinity
  7.59999999999999981E-002 -0.79800000000000004        0.0000000000000000                      +Infinity
  7.59999999999999981E-002 -0.79400000000000004        0.0000000000000000                      +Infinity
  7.59999999999999981E-002 -0.79000000000000004        0.0000000000000000                      +Infinity
  7.59999999999999981E-002 -0.78600000000000003        0.0000000000000000                      +Infinity
  7.59999999999999981E-002 -0.78200000000000003        0.0000000000000000                      +Infinity
  7.59999999999999981E-002 -0.77800000000000002        0.0000000000000000                      +Infinity
  7.59999999999999981E-002 -0.77400000000000002        0.0000000000000000                      +Infinity
  7.59999999999999981E-002 -0.77000000000000002        0.0000000000000000                      +Infinity
  7.59999999999999981E-002 -0.76600000000000001        0.0000000000000000                      +Infinity
  7.59999999999999981E-002 -0.76200000000000001        0.0000000000000000                      +Infinity
  7.59999999999999981E-002 -0.75800000000000001        0.0000000000000000                      +Infinity
  7.59999999999999981E-002 -0.75400000000000000        0.0000000000000000                      +Infinity
  7.59999999999999981E-002 -0.75000000000000000        0.0000000000000000                      +Infinity
  7.59999999999999981E-002 -0.74600000000000000        0.0000000000000000                      +Infinity
  7.59999999999999981E-002 -0.74199999999999999        0.0000000000000000                      +Infinity
  7.59999999999999981E-002 -0.73799999999999999        0.0000000000000000                      +Infinity
  7.59999999999999981E-002 -0.73399999999999999        0.0000000000000000                      +Infinity
  7.59999999999999981E-002 -0.72999999999999998        0.0000000000000000                      +Infinity
  7.59999999999999981E-002 -0.72599999999999998        0.0000000000000000                      +Infinity
  7.59999999999999981E-002 -0.72199999999999998        0.0000000000000000                      +Infinity
  7.59999999999999981E-002 -0.71799999999999997        0.0000000000000000                      +Infinity
  7.59999999999999981E-002 -0.71399999999999997        0.0000000000000000                      +Infinity
  7.59999999999999981E-002 -0.70999999999999996        0.0000000000000000                      +Infinity
  7.59999999999999981E-002 -0.70599999999999996        0.0000000000000000                      +Infinity
  7.59999999999999981E-002 -0.70199999999999996        0.0000000000000000                      +Infinity
  7.59999999999999981E-002 -0.69799999999999995        0.0000000000000000                      +Infinity
  7.59999999999999981E-002 -0.69399999999999995        0.0000000000000000                      +Infinity
  7.59999999999999981E-002 -0.68999999999999995        0.0000000000000000                      +Infinity
  7.59999999999999981E-002 -0.68600000000000005        0.0000000000000000                      +Infinity
  7.59999999999999981E-002 -0.68200000000000005        0.0000000000000000                      +Infinity
  7.59999999999999981E-002 -0.67800000000000005        0.0000000000000000                      +Infinity
  7.59999999999999981E-002 -0.67400000000000004        0.0000000000000000                      +Infinity
  7.59999999999999981E-002 -0.67000000000000004        0.0000000000000000                      +Infinity
  7.59999999999999981E-002 -0.66600000000000004        0.0000000000000000                      +Infinity
  7.59999999999999981E-002 -0.66200000000000003        0.0000000000000000                      +Infinity
  7.59999999999999981E-002 -0.65800000000000003        0.0000000000000000                      +Infinity
  7.59999999999999981E-002 -0.65400000000000003        0.0000000000000000                      +Infinity
  7.59999999999999981E-002 -0.65000000000000002        0.0000000000000000                      +Infinity
  7.59999999999999981E-002 -0.64600000000000002        0.0000000000000000                      +Infinity
  7.59999999999999981E-002 -0.64200000000000002        0.0000000000000000                      +Infinity
  7.59999999999999981E-002 -0.63800000000000001        0.0000000000000000                      +Infinity
  7.59999999999999981E-002 -0.63400000000000001        0.0000000000000000                      +Infinity
  7.59999999999999981E-002 -0.63000000000000000        0.0000000000000000                      +Infinity
  7.59999999999999981E-002 -0.62600000000000000        0.0000000000000000                      +Infinity
  7.59999999999999981E-002 -0.62200000000000000        0.0000000000000000                      +Infinity
  7.59999999999999981E-002 -0.61799999999999999        0.0000000000000000                      +Infinity
  7.59999999999999981E-002 -0.61399999999999999        0.0000000000000000                      +Infinity
  7.59999999999999981E-002 -0.60999999999999999        0.0000000000000000                      +Infinity
  7.59999999999999981E-002 -0.60599999999999998        0.0000000000000000                      +Infinity
  7.59999999999999981E-002 -0.60199999999999998        0.0000000000000000                      +Infinity
  7.59999999999999981E-002 -0.59799999999999998        0.0000000000000000                      +Infinity
  7.59999999999999981E-002 -0.59399999999999997        0.0000000000000000                      +Infinity
  7.59999999999999981E-002 -0.58999999999999997        0.0000000000000000                      +Infinity
  7.59999999999999981E-002 -0.58599999999999997        0.0000000000000000                      +Infinity
  7.59999999999999981E-002 -0.58199999999999996        0.0000000000000000                      +Infinity
  7.59999999999999981E-002 -0.57799999999999996        0.0000000000000000                      +Infinity
  7.59999999999999981E-002 -0.57399999999999995        0.0000000000000000                      +Infinity
  7.59999999999999981E-002 -0.56999999999999995        0.0000000000000000                      +Infinity
  7.59999999999999981E-002 -0.56599999999999995        0.0000000000000000                      +Infinity
  7.59999999999999981E-002 -0.56200000000000006        0.0000000000000000                      +Infinity
  7.59999999999999981E-002 -0.55800000000000005        0.0000000000000000                      +Infinity
  7.59999999999999981E-002 -0.55400000000000005        0.0000000000000000                      +Infinity
  7.59999999999999981E-002 -0.55000000000000004        0.0000000000000000                      +Infinity
  7.59999999999999981E-002 -0.54600000000000004        0.0000000000000000                      +Infinity
  7.59999999999999981E-002 -0.54200000000000004        0.0000000000000000                      +Infinity
  7.59999999999999981E-002 -0.53800000000000003        0.0000000000000000                      +Infinity
  7.59999999999999981E-002 -0.53400000000000003        0.0000000000000000                      +Infinity
  7.59999999999999981E-002 -0.53000000000000003        0.0000000000000000                      +Infinity
  7.59999999999999981E-002 -0.52600000000000002        0.0000000000000000                      +Infinity
  7.59999999999999981E-002 -0.52200000000000002        0.0000000000000000                      +Infinity
  7.59999999999999981E-002 -0.51800000000000002        0.0000000000000000                      +Infinity
  7.59999999999999981E-002 -0.51400000000000001        0.0000000000000000                      +Infinity
  7.59999999999999981E-002 -0.51000000000000001        0.0000000000000000                      +Infinity
  7.59999999999999981E-002 -0.50600000000000001        0.0000000000000000                      +Infinity
  7.59999999999999981E-002 -0.50200000000000000        0.0000000000000000                      +Infinity
  7.59999999999999981E-002 -0.49800000000000000        0.0000000000000000                      +Infinity
  7.59999999999999981E-002 -0.49399999999999999        0.0000000000000000                      +Infinity
  7.59999999999999981E-002 -0.48999999999999999        0.0000000000000000                      +Infinity
  7.59999999999999981E-002 -0.48599999999999999        0.0000000000000000                      +Infinity
  7.59999999999999981E-002 -0.48199999999999998        0.0000000000000000                      +Infinity
  7.59999999999999981E-002 -0.47799999999999998        0.0000000000000000                      +Infinity
  7.59999999999999981E-002 -0.47399999999999998        0.0000000000000000                      +Infinity
  7.59999999999999981E-002 -0.46999999999999997        0.0000000000000000                      +Infinity
  7.59999999999999981E-002 -0.46600000000000003        0.0000000000000000                      +Infinity
  7.59999999999999981E-002 -0.46200000000000002        0.0000000000000000                      +Infinity
  7.59999999999999981E-002 -0.45800000000000002        0.0000000000000000                      +Infinity
  7.59999999999999981E-002 -0.45400000000000001        0.0000000000000000                      +Infinity
  7.59999999999999981E-002 -0.45000000000000001        0.0000000000000000                      +Infinity
  7.59999999999999981E-002 -0.44600000000000001        0.0000000000000000                      +Infinity
  7.59999999999999981E-002 -0.44200000000000000        0.0000000000000000                      +Infinity
  7.59999999999999981E-002 -0.43800000000000000        0.0000000000000000                      +Infinity
  7.59999999999999981E-002 -0.43400000000000000        0.0000000000000000                      +Infinity
  7.59999999999999981E-002 -0.42999999999999999        0.0000000000000000                      +Infinity
  7.59999999999999981E-002 -0.42599999999999999        0.0000000000000000                      +Infinity
  7.59999999999999981E-002 -0.42199999999999999        0.0000000000000000                      +Infinity
  7.59999999999999981E-002 -0.41799999999999998        0.0000000000000000                      +Infinity
  7.59999999999999981E-002 -0.41399999999999998        0.0000000000000000                      +Infinity
  7.59999999999999981E-002 -0.40999999999999998        0.0000000000000000                      +Infinity
  7.59999999999999981E-002 -0.40600000000000003        0.0000000000000000                      +Infinity
  7.59999999999999981E-002 -0.40200000000000002        0.0000000000000000                      +Infinity
  7.59999999999999981E-002 -0.39800000000000002        0.0000000000000000                      +Infinity
  7.59999999999999981E-002 -0.39400000000000002        0.0000000000000000                      +Infinity
  7.59999999999999981E-002 -0.39000000000000001        0.0000000000000000                      +Infinity
  7.59999999999999981E-002 -0.38600000000000001        0.0000000000000000                      +Infinity
  7.59999999999999981E-002 -0.38200000000000001        0.0000000000000000                      +Infinity
  7.59999999999999981E-002 -0.37800000000000000        0.0000000000000000                      +Infinity
  7.59999999999999981E-002 -0.37400000000000000        0.0000000000000000                      +Infinity
  7.59999999999999981E-002 -0.37000000000000000        0.0000000000000000                      +Infinity
  7.59999999999999981E-002 -0.36599999999999999        0.0000000000000000                      +Infinity
  7.59999999999999981E-002 -0.36199999999999999        0.0000000000000000                      +Infinity
  7.59999999999999981E-002 -0.35799999999999998        0.0000000000000000                      +Infinity
  7.59999999999999981E-002 -0.35399999999999998        0.0000000000000000                      +Infinity
  7.59999999999999981E-002 -0.34999999999999998        0.0000000000000000                      +Infinity
  7.59999999999999981E-002 -0.34599999999999997        0.0000000000000000                      +Infinity
  7.59999999999999981E-002 -0.34200000000000003        0.0000000000000000                      +Infinity
  7.59999999999999981E-002 -0.33800000000000002        0.0000000000000000                      +Infinity
  7.59999999999999981E-002 -0.33400000000000002        0.0000000000000000                      +Infinity
  7.59999999999999981E-002 -0.33000000000000002        0.0000000000000000                      +Infinity
  7.59999999999999981E-002 -0.32600000000000001        0.0000000000000000                      +Infinity
  7.59999999999999981E-002 -0.32200000000000001        0.0000000000000000                      +Infinity
  7.59999999999999981E-002 -0.31800000000000000        0.0000000000000000                      +Infinity
  7.59999999999999981E-002 -0.31400000000000000        0.0000000000000000                      +Infinity
  7.59999999999999981E-002 -0.31000000000000000        0.0000000000000000                      +Infinity
  7.59999999999999981E-002 -0.30599999999999999        0.0000000000000000                      +Infinity
  7.59999999999999981E-002 -0.30199999999999999        0.0000000000000000                      +Infinity
  7.59999999999999981E-002 -0.29799999999999999        0.0000000000000000                      +Infinity
  7.59999999999999981E-002 -0.29399999999999998        0.0000000000000000                      +Infinity
  7.59999999999999981E-002 -0.28999999999999998        0.0000000000000000                      +Infinity
  7.59999999999999981E-002 -0.28599999999999998        0.0000000000000000                      +Infinity
  7.59999999999999981E-002 -0.28199999999999997        0.0000000000000000                      +Infinity
  7.59999999999999981E-002 -0.27800000000000002        0.0000000000000000                      +Infinity
  7.59999999999999981E-002 -0.27400000000000002        0.0000000000000000                      +Infinity
  7.59999999999999981E-002 -0.27000000000000002        0.0000000000000000                      +Infinity
  7.59999999999999981E-002 -0.26600000000000001        0.0000000000000000                      +Infinity
  7.59999999999999981E-002 -0.26200000000000001        0.0000000000000000                      +Infinity
  7.59999999999999981E-002 -0.25800000000000001        0.0000000000000000                      +Infinity
  7.59999999999999981E-002 -0.25400000000000000        0.0000000000000000                      +Infinity
  7.59999999999999981E-002 -0.25000000000000000        0.0000000000000000                      +Infinity
  7.59999999999999981E-002 -0.24600000000000000        0.0000000000000000                      +Infinity
  7.59999999999999981E-002 -0.24199999999999999        0.0000000000000000                      +Infinity
  7.59999999999999981E-002 -0.23799999999999999        0.0000000000000000                      +Infinity
  7.59999999999999981E-002 -0.23400000000000001        0.0000000000000000                      +Infinity
  7.59999999999999981E-002 -0.23000000000000001        0.0000000000000000                      +Infinity
  7.59999999999999981E-002 -0.22600000000000001        0.0000000000000000                      +Infinity
  7.59999999999999981E-002 -0.22200000000000000        0.0000000000000000                      +Infinity
  7.59999999999999981E-002 -0.21800000000000000        0.0000000000000000                      +Infinity
  7.59999999999999981E-002 -0.21400000000000000        0.0000000000000000                      +Infinity
  7.59999999999999981E-002 -0.20999999999999999        0.0000000000000000                      +Infinity
  7.59999999999999981E-002 -0.20599999999999999       1.69225000000000008E-007   15.592036646551740
  7.59999999999999981E-002 -0.20200000000000001       2.69394999999999985E-007   15.127087132904817
  7.59999999999999981E-002 -0.19800000000000001       5.84814999999999986E-007   14.351970279044991
  7.59999999999999981E-002 -0.19400000000000001       1.39061500000000007E-006   13.485764462628897
  7.59999999999999981E-002 -0.19000000000000000       1.72821500000000002E-006   13.268421474025802
  7.59999999999999981E-002 -0.18600000000000000       2.86602500000000023E-006   12.762584505637511
  7.59999999999999981E-002 -0.18200000000000000       3.97210499999999998E-006   12.436214377085431
  7.59999999999999981E-002 -0.17799999999999999       6.45760499999999931E-006   11.950252051946009
  7.59999999999999981E-002 -0.17399999999999999       9.28387999999999962E-006   11.587230995098780
  7.59999999999999981E-002 -0.17000000000000001       1.44644199999999997E-005   11.143818717125416
  7.59999999999999981E-002 -0.16600000000000001       2.19075349999999990E-005   10.728679916391298
  7.59999999999999981E-002 -0.16200000000000001       3.08369049999999964E-005   10.386798370984851
  7.59999999999999981E-002 -0.15800000000000000       4.22503249999999994E-005   10.071898511882985
  7.59999999999999981E-002 -0.15400000000000000       5.80123150000000013E-005   9.7548552423699597
  7.59999999999999981E-002 -0.14999999999999999       8.23405399999999982E-005   9.4046469834705935
  7.59999999999999981E-002 -0.14599999999999999       1.13220784999999984E-004   9.0861707959758036
  7.59999999999999981E-002 -0.14199999999999999       1.51829624999999996E-004   8.7927515539408425
  7.59999999999999981E-002 -0.13800000000000001       2.05162040000000001E-004   8.4917104520338782
  7.59999999999999981E-002 -0.13400000000000001       2.81900070000000013E-004   8.1739579115292322
  7.59999999999999981E-002 -0.13000000000000000       3.80752580000000003E-004   7.8733607901121578
  7.59999999999999981E-002 -0.12600000000000000       5.06380539999999970E-004   7.5882221159927497
  7.59999999999999981E-002 -0.12200000000000000       6.60510920000000014E-004   7.3224969012089627
  7.59999999999999981E-002 -0.11799999999999999       8.53941729999999999E-004   7.0656475983537197
  7.59999999999999981E-002 -0.11400000000000000       1.10354873500000008E-003   6.8092241692191235
  7.59999999999999981E-002 -0.11000000000000000       1.40773255000000005E-003   6.5657749895732174
  7.59999999999999981E-002 -0.10600000000000000       1.78712830999999987E-003   6.3271452434798494
  7.59999999999999981E-002 -0.10199999999999999       2.24889806000000024E-003   6.0973149338441655
  7.59999999999999981E-002 -9.80000000000000038E-002  2.76799644999999993E-003   5.8896315237419872
  7.59999999999999981E-002 -9.40000000000000002E-002  3.41537968000000039E-003   5.6794666120515833
  7.59999999999999981E-002 -8.99999999999999967E-002  4.17914780500000006E-003   5.4776479276325967
  7.59999999999999981E-002 -8.59999999999999931E-002  5.05991367000000001E-003   5.2864058570931300
  7.59999999999999981E-002 -8.20000000000000034E-002  6.08469365499999994E-003   5.1019788980991985
  7.59999999999999981E-002 -7.79999999999999999E-002  7.26826894499999973E-003   4.9242371251427492
  7.59999999999999981E-002 -7.39999999999999963E-002  8.58561493499999939E-003   4.7576671581938559
  7.59999999999999981E-002 -7.00000000000000067E-002  9.98704239499999952E-003   4.6064667867116258
  7.59999999999999981E-002 -6.60000000000000031E-002  1.15867981250000005E-002   4.4578889216614908
  7.59999999999999981E-002 -6.19999999999999996E-002  1.33243061799999986E-002   4.3181653793290202
  7.59999999999999981E-002 -5.80000000000000029E-002  1.51623055299999997E-002   4.1889428305155709
  7.59999999999999981E-002 -5.39999999999999994E-002  1.70896336249999996E-002   4.0692832200598588
  7.59999999999999981E-002 -5.00000000000000028E-002  1.90536412849999989E-002   3.9604970521054779
  7.59999999999999981E-002 -4.59999999999999992E-002  2.10634250299999992E-002   3.8602171534956597
  7.59999999999999981E-002 -4.20000000000000026E-002  2.30805880550000002E-002   3.7687633586806868
  7.59999999999999981E-002 -3.79999999999999991E-002  2.51334114349999992E-002   3.6835571851477957
  7.59999999999999981E-002 -3.40000000000000024E-002  2.71641499450000039E-002   3.6058571917561348
  7.59999999999999981E-002 -2.99999999999999989E-002  2.91084045249999958E-002   3.5367283312117017
  7.59999999999999981E-002 -2.59999999999999988E-002  3.10113483750000009E-002   3.4734020648737824
  7.59999999999999981E-002 -2.19999999999999987E-002  3.26278769749999975E-002   3.4225882340854219
  7.59999999999999981E-002 -1.79999999999999986E-002  3.40214572599999987E-002   3.3807638575408840
  7.59999999999999981E-002 -1.40000000000000003E-002  3.52637892900000000E-002   3.3448986406850567
  7.59999999999999981E-002 -1.00000000000000002E-002  3.61268511199999975E-002   3.3207188917862465
  7.59999999999999981E-002 -6.00000000000000012E-003  3.67612844999999980E-002   3.3033100392324513
  7.59999999999999981E-002 -2.00000000000000004E-003  3.70272179699999981E-002   3.2961020159634731
  7.59999999999999981E-002  2.00000000000000004E-003  3.69905557799999965E-002   3.2970926481087206
  7.59999999999999981E-002  6.00000000000000012E-003  3.66410069099999958E-002   3.3065872583856857
  7.59999999999999981E-002  1.00000000000000002E-002  3.59261310550000046E-002   3.3262903637269878
  7.59999999999999981E-002  1.40000000000000003E-002  3.49731029600000021E-002   3.3531759997872603
  7.59999999999999981E-002  1.79999999999999986E-002  3.38139057299999962E-002   3.3868831489697522
  7.59999999999999981E-002  2.19999999999999987E-002  3.24296941299999988E-002   3.4286807904064331
  7.59999999999999981E-002  2.59999999999999988E-002  3.07953127950000016E-002   3.4803927825639804
  7.59999999999999981E-002  2.99999999999999989E-002  2.89694892700000026E-002   3.5415120969731264
  7.59999999999999981E-002  3.40000000000000024E-002  2.69623078749999974E-002   3.6133153929297093
  7.59999999999999981E-002  3.79999999999999991E-002  2.49408088049999990E-002   3.6912499092240116
  7.59999999999999981E-002  4.20000000000000026E-002  2.28641895500000004E-002   3.7781833675035874
  7.59999999999999981E-002  4.59999999999999992E-002  2.07806646549999995E-002   3.8737323085001498
  7.59999999999999981E-002  5.00000000000000028E-002  1.86725135400000013E-002   3.9807027006027758
  7.59999999999999981E-002  5.39999999999999994E-002  1.67384700849999984E-002   4.0900456108691854
  7.59999999999999981E-002  5.80000000000000029E-002  1.49158206449999994E-002   4.2053328410741386
  7.59999999999999981E-002  6.19999999999999996E-002  1.30862884299999989E-002   4.3361902816648525
  7.59999999999999981E-002  6.60000000000000031E-002  1.14196041249999998E-002   4.4724237404164162
  7.59999999999999981E-002  7.00000000000000067E-002  9.85905825499999895E-003   4.6193646265924082
  7.59999999999999981E-002  7.39999999999999963E-002  8.43379174500000044E-003   4.7755088162794417
  7.59999999999999981E-002  7.79999999999999999E-002  7.15273666500000019E-003   4.9402602451568001
  7.59999999999999981E-002  8.20000000000000034E-002  6.04052115499999990E-003   5.1092649868172613
  7.59999999999999981E-002  8.59999999999999931E-002  5.04170563999999967E-003   5.2900108335152858
  7.59999999999999981E-002  8.99999999999999967E-002  4.17583575000000061E-003   5.4784407610718704
  7.59999999999999981E-002  9.40000000000000002E-002  3.42762507999999980E-003   5.6758876541229091
  7.59999999999999981E-002  9.80000000000000038E-002  2.80335890999999999E-003   5.8769369700447038
  7.59999999999999981E-002  0.10199999999999999       2.26808337499999997E-003   6.0888201323284727
  7.59999999999999981E-002  0.10600000000000000       1.82620809000000003E-003   6.3055135438279875
  7.59999999999999981E-002  0.11000000000000000       1.44588837000000003E-003   6.5390313573956975
  7.59999999999999981E-002  0.11400000000000000       1.13616737500000001E-003   6.7800946323883418
  7.59999999999999981E-002  0.11799999999999999       8.79972094999999970E-004   7.0356203612220742
  7.59999999999999981E-002  0.12200000000000000       6.79506745000000027E-004   7.2941433980058594
  7.59999999999999981E-002  0.12600000000000000       5.28056330000000037E-004   7.5463075943424567
  7.59999999999999981E-002  0.13000000000000000       3.95829949999999993E-004   7.8345258581285373
  7.59999999999999981E-002  0.13400000000000001       2.95550049999999964E-004   8.1266723615177980
  7.59999999999999981E-002  0.13800000000000001       2.15110600000000007E-004   8.4443582434998525
  7.59999999999999981E-002  0.14199999999999999       1.57260805000000004E-004   8.7576049525026480
  7.59999999999999981E-002  0.14599999999999999       1.17679525000000012E-004   9.0475455180490538
  7.59999999999999981E-002  0.14999999999999999       8.64245899999999985E-005   9.3562383161655251
  7.59999999999999981E-002  0.15400000000000000       6.12532599999999957E-005   9.7004934854660156
  7.59999999999999981E-002  0.15800000000000000       4.31591899999999977E-005   10.050615185127651
  7.59999999999999981E-002  0.16200000000000001       2.74640200000000014E-005   10.502633773583106
  7.59999999999999981E-002  0.16600000000000001       1.69204300000000002E-005   10.986988790397536
  7.59999999999999981E-002  0.17000000000000001       1.08512149999999997E-005   11.431233502680453
  7.59999999999999981E-002  0.17399999999999999       8.00990000000000102E-006   11.734832281356443
  7.59999999999999981E-002  0.17799999999999999       5.15187000000000019E-006   12.176150802399832
  7.59999999999999981E-002  0.18200000000000000       3.28074500000000038E-006   12.627440027212936
  7.59999999999999981E-002  0.18600000000000000       2.04785500000000015E-006   13.098717654074756
  7.59999999999999981E-002  0.19000000000000000       1.40312000000000009E-006   13.476812229496529
  7.59999999999999981E-002  0.19400000000000001       1.03929000000000009E-006   13.776972770259194
  7.59999999999999981E-002  0.19800000000000001       7.05264999999999930E-007   14.164692218236961
  7.59999999999999981E-002  0.20200000000000001       2.50499999999999973E-007   15.199806916421492
  7.59999999999999981E-002  0.20599999999999999       1.22079999999999992E-007   15.918589269410264
  7.59999999999999981E-002  0.20999999999999999       1.71949999999999995E-008   17.878647193062182
  7.59999999999999981E-002  0.21400000000000000        0.0000000000000000                      +Infinity
  7.59999999999999981E-002  0.21800000000000000        0.0000000000000000                      +Infinity
  7.59999999999999981E-002  0.22200000000000000        0.0000000000000000                      +Infinity
  7.59999999999999981E-002  0.22600000000000001        0.0000000000000000                      +Infinity
  7.59999999999999981E-002  0.23000000000000001        0.0000000000000000                      +Infinity
  7.59999999999999981E-002  0.23400000000000001        0.0000000000000000                      +Infinity
  7.59999999999999981E-002  0.23799999999999999        0.0000000000000000                      +Infinity
  7.59999999999999981E-002  0.24199999999999999        0.0000000000000000                      +Infinity
  7.59999999999999981E-002  0.24600000000000000        0.0000000000000000                      +Infinity
  7.59999999999999981E-002  0.25000000000000000        0.0000000000000000                      +Infinity
  7.59999999999999981E-002  0.25400000000000000        0.0000000000000000                      +Infinity
  7.59999999999999981E-002  0.25800000000000001        0.0000000000000000                      +Infinity
  7.59999999999999981E-002  0.26200000000000001        0.0000000000000000                      +Infinity
  7.59999999999999981E-002  0.26600000000000001        0.0000000000000000                      +Infinity
  7.59999999999999981E-002  0.27000000000000002        0.0000000000000000                      +Infinity
  7.59999999999999981E-002  0.27400000000000002        0.0000000000000000                      +Infinity
  7.59999999999999981E-002  0.27800000000000002        0.0000000000000000                      +Infinity
  7.59999999999999981E-002  0.28199999999999997        0.0000000000000000                      +Infinity
  7.59999999999999981E-002  0.28599999999999998        0.0000000000000000                      +Infinity
  7.59999999999999981E-002  0.28999999999999998        0.0000000000000000                      +Infinity
  7.59999999999999981E-002  0.29399999999999998        0.0000000000000000                      +Infinity
  7.59999999999999981E-002  0.29799999999999999        0.0000000000000000                      +Infinity
  7.59999999999999981E-002  0.30199999999999999        0.0000000000000000                      +Infinity
  7.59999999999999981E-002  0.30599999999999999        0.0000000000000000                      +Infinity
  7.59999999999999981E-002  0.31000000000000000        0.0000000000000000                      +Infinity
  7.59999999999999981E-002  0.31400000000000000        0.0000000000000000                      +Infinity
  7.59999999999999981E-002  0.31800000000000000        0.0000000000000000                      +Infinity
  7.59999999999999981E-002  0.32200000000000001        0.0000000000000000                      +Infinity
  7.59999999999999981E-002  0.32600000000000001        0.0000000000000000                      +Infinity
  7.59999999999999981E-002  0.33000000000000002        0.0000000000000000                      +Infinity
  7.59999999999999981E-002  0.33400000000000002        0.0000000000000000                      +Infinity
  7.59999999999999981E-002  0.33800000000000002        0.0000000000000000                      +Infinity
  7.59999999999999981E-002  0.34200000000000003        0.0000000000000000                      +Infinity
  7.59999999999999981E-002  0.34599999999999997        0.0000000000000000                      +Infinity
  7.59999999999999981E-002  0.34999999999999998        0.0000000000000000                      +Infinity
  7.59999999999999981E-002  0.35399999999999998        0.0000000000000000                      +Infinity
  7.59999999999999981E-002  0.35799999999999998        0.0000000000000000                      +Infinity
  7.59999999999999981E-002  0.36199999999999999        0.0000000000000000                      +Infinity
  7.59999999999999981E-002  0.36599999999999999        0.0000000000000000                      +Infinity
  7.59999999999999981E-002  0.37000000000000000        0.0000000000000000                      +Infinity
  7.59999999999999981E-002  0.37400000000000000        0.0000000000000000                      +Infinity
  7.59999999999999981E-002  0.37800000000000000        0.0000000000000000                      +Infinity
  7.59999999999999981E-002  0.38200000000000001        0.0000000000000000                      +Infinity
  7.59999999999999981E-002  0.38600000000000001        0.0000000000000000                      +Infinity
  7.59999999999999981E-002  0.39000000000000001        0.0000000000000000                      +Infinity
  7.59999999999999981E-002  0.39400000000000002        0.0000000000000000                      +Infinity
  7.59999999999999981E-002  0.39800000000000002        0.0000000000000000                      +Infinity
  7.59999999999999981E-002  0.40200000000000002        0.0000000000000000                      +Infinity
  7.59999999999999981E-002  0.40600000000000003        0.0000000000000000                      +Infinity
  7.59999999999999981E-002  0.40999999999999998        0.0000000000000000                      +Infinity
  7.59999999999999981E-002  0.41399999999999998        0.0000000000000000                      +Infinity
  7.59999999999999981E-002  0.41799999999999998        0.0000000000000000                      +Infinity
  7.59999999999999981E-002  0.42199999999999999        0.0000000000000000                      +Infinity
  7.59999999999999981E-002  0.42599999999999999        0.0000000000000000                      +Infinity
  7.59999999999999981E-002  0.42999999999999999        0.0000000000000000                      +Infinity
  7.59999999999999981E-002  0.43400000000000000        0.0000000000000000                      +Infinity
  7.59999999999999981E-002  0.43800000000000000        0.0000000000000000                      +Infinity
  7.59999999999999981E-002  0.44200000000000000        0.0000000000000000                      +Infinity
  7.59999999999999981E-002  0.44600000000000001        0.0000000000000000                      +Infinity
  7.59999999999999981E-002  0.45000000000000001        0.0000000000000000                      +Infinity
  7.59999999999999981E-002  0.45400000000000001        0.0000000000000000                      +Infinity
  7.59999999999999981E-002  0.45800000000000002        0.0000000000000000                      +Infinity
  7.59999999999999981E-002  0.46200000000000002        0.0000000000000000                      +Infinity
  7.59999999999999981E-002  0.46600000000000003        0.0000000000000000                      +Infinity
  7.59999999999999981E-002  0.46999999999999997        0.0000000000000000                      +Infinity
  7.59999999999999981E-002  0.47399999999999998        0.0000000000000000                      +Infinity
  7.59999999999999981E-002  0.47799999999999998        0.0000000000000000                      +Infinity
  7.59999999999999981E-002  0.48199999999999998        0.0000000000000000                      +Infinity
  7.59999999999999981E-002  0.48599999999999999        0.0000000000000000                      +Infinity
  7.59999999999999981E-002  0.48999999999999999        0.0000000000000000                      +Infinity
  7.59999999999999981E-002  0.49399999999999999        0.0000000000000000                      +Infinity
  7.59999999999999981E-002  0.49800000000000000        0.0000000000000000                      +Infinity
  7.59999999999999981E-002  0.50200000000000000        0.0000000000000000                      +Infinity
  7.59999999999999981E-002  0.50600000000000001        0.0000000000000000                      +Infinity
  7.59999999999999981E-002  0.51000000000000001        0.0000000000000000                      +Infinity
  7.59999999999999981E-002  0.51400000000000001        0.0000000000000000                      +Infinity
  7.59999999999999981E-002  0.51800000000000002        0.0000000000000000                      +Infinity
  7.59999999999999981E-002  0.52200000000000002        0.0000000000000000                      +Infinity
  7.59999999999999981E-002  0.52600000000000002        0.0000000000000000                      +Infinity
  7.59999999999999981E-002  0.53000000000000003        0.0000000000000000                      +Infinity
  7.59999999999999981E-002  0.53400000000000003        0.0000000000000000                      +Infinity
  7.59999999999999981E-002  0.53800000000000003        0.0000000000000000                      +Infinity
  7.59999999999999981E-002  0.54200000000000004        0.0000000000000000                      +Infinity
  7.59999999999999981E-002  0.54600000000000004        0.0000000000000000                      +Infinity
  7.59999999999999981E-002  0.55000000000000004        0.0000000000000000                      +Infinity
  7.59999999999999981E-002  0.55400000000000005        0.0000000000000000                      +Infinity
  7.59999999999999981E-002  0.55800000000000005        0.0000000000000000                      +Infinity
  7.59999999999999981E-002  0.56200000000000006        0.0000000000000000                      +Infinity
  7.59999999999999981E-002  0.56599999999999995        0.0000000000000000                      +Infinity
  7.59999999999999981E-002  0.56999999999999995        0.0000000000000000                      +Infinity
  7.59999999999999981E-002  0.57399999999999995        0.0000000000000000                      +Infinity
  7.59999999999999981E-002  0.57799999999999996        0.0000000000000000                      +Infinity
  7.59999999999999981E-002  0.58199999999999996        0.0000000000000000                      +Infinity
  7.59999999999999981E-002  0.58599999999999997        0.0000000000000000                      +Infinity
  7.59999999999999981E-002  0.58999999999999997        0.0000000000000000                      +Infinity
  7.59999999999999981E-002  0.59399999999999997        0.0000000000000000                      +Infinity
  7.59999999999999981E-002  0.59799999999999998        0.0000000000000000                      +Infinity
  7.59999999999999981E-002  0.60199999999999998        0.0000000000000000                      +Infinity
  7.59999999999999981E-002  0.60599999999999998        0.0000000000000000                      +Infinity
  7.59999999999999981E-002  0.60999999999999999        0.0000000000000000                      +Infinity
  7.59999999999999981E-002  0.61399999999999999        0.0000000000000000                      +Infinity
  7.59999999999999981E-002  0.61799999999999999        0.0000000000000000                      +Infinity
  7.59999999999999981E-002  0.62200000000000000        0.0000000000000000                      +Infinity
  7.59999999999999981E-002  0.62600000000000000        0.0000000000000000                      +Infinity
  7.59999999999999981E-002  0.63000000000000000        0.0000000000000000                      +Infinity
  7.59999999999999981E-002  0.63400000000000001        0.0000000000000000                      +Infinity
  7.59999999999999981E-002  0.63800000000000001        0.0000000000000000                      +Infinity
  7.59999999999999981E-002  0.64200000000000002        0.0000000000000000                      +Infinity
  7.59999999999999981E-002  0.64600000000000002        0.0000000000000000                      +Infinity
  7.59999999999999981E-002  0.65000000000000002        0.0000000000000000                      +Infinity
  7.59999999999999981E-002  0.65400000000000003        0.0000000000000000                      +Infinity
  7.59999999999999981E-002  0.65800000000000003        0.0000000000000000                      +Infinity
  7.59999999999999981E-002  0.66200000000000003        0.0000000000000000                      +Infinity
  7.59999999999999981E-002  0.66600000000000004        0.0000000000000000                      +Infinity
  7.59999999999999981E-002  0.67000000000000004        0.0000000000000000                      +Infinity
  7.59999999999999981E-002  0.67400000000000004        0.0000000000000000                      +Infinity
  7.59999999999999981E-002  0.67800000000000005        0.0000000000000000                      +Infinity
  7.59999999999999981E-002  0.68200000000000005        0.0000000000000000                      +Infinity
  7.59999999999999981E-002  0.68600000000000005        0.0000000000000000                      +Infinity
  7.59999999999999981E-002  0.68999999999999995        0.0000000000000000                      +Infinity
  7.59999999999999981E-002  0.69399999999999995        0.0000000000000000                      +Infinity
  7.59999999999999981E-002  0.69799999999999995        0.0000000000000000                      +Infinity
  7.59999999999999981E-002  0.70199999999999996        0.0000000000000000                      +Infinity
  7.59999999999999981E-002  0.70599999999999996        0.0000000000000000                      +Infinity
  7.59999999999999981E-002  0.70999999999999996        0.0000000000000000                      +Infinity
  7.59999999999999981E-002  0.71399999999999997        0.0000000000000000                      +Infinity
  7.59999999999999981E-002  0.71799999999999997        0.0000000000000000                      +Infinity
  7.59999999999999981E-002  0.72199999999999998        0.0000000000000000                      +Infinity
  7.59999999999999981E-002  0.72599999999999998        0.0000000000000000                      +Infinity
  7.59999999999999981E-002  0.72999999999999998        0.0000000000000000                      +Infinity
  7.59999999999999981E-002  0.73399999999999999        0.0000000000000000                      +Infinity
  7.59999999999999981E-002  0.73799999999999999        0.0000000000000000                      +Infinity
  7.59999999999999981E-002  0.74199999999999999        0.0000000000000000                      +Infinity
  7.59999999999999981E-002  0.74600000000000000        0.0000000000000000                      +Infinity
  7.59999999999999981E-002  0.75000000000000000        0.0000000000000000                      +Infinity
  7.59999999999999981E-002  0.75400000000000000        0.0000000000000000                      +Infinity
  7.59999999999999981E-002  0.75800000000000001        0.0000000000000000                      +Infinity
  7.59999999999999981E-002  0.76200000000000001        0.0000000000000000                      +Infinity
  7.59999999999999981E-002  0.76600000000000001        0.0000000000000000                      +Infinity
  7.59999999999999981E-002  0.77000000000000002        0.0000000000000000                      +Infinity
  7.59999999999999981E-002  0.77400000000000002        0.0000000000000000                      +Infinity
  7.59999999999999981E-002  0.77800000000000002        0.0000000000000000                      +Infinity
  7.59999999999999981E-002  0.78200000000000003        0.0000000000000000                      +Infinity
  7.59999999999999981E-002  0.78600000000000003        0.0000000000000000                      +Infinity
  7.59999999999999981E-002  0.79000000000000004        0.0000000000000000                      +Infinity
  7.59999999999999981E-002  0.79400000000000004        0.0000000000000000                      +Infinity
  7.59999999999999981E-002  0.79800000000000004        0.0000000000000000                      +Infinity
  7.59999999999999981E-002  0.80200000000000005        0.0000000000000000                      +Infinity
  7.59999999999999981E-002  0.80600000000000005        0.0000000000000000                      +Infinity
  7.59999999999999981E-002  0.81000000000000005        0.0000000000000000                      +Infinity
  7.59999999999999981E-002  0.81399999999999995        0.0000000000000000                      +Infinity
  7.59999999999999981E-002  0.81799999999999995        0.0000000000000000                      +Infinity
  7.59999999999999981E-002  0.82199999999999995        0.0000000000000000                      +Infinity
  7.59999999999999981E-002  0.82599999999999996        0.0000000000000000                      +Infinity
  7.59999999999999981E-002  0.82999999999999996        0.0000000000000000                      +Infinity
  7.59999999999999981E-002  0.83399999999999996        0.0000000000000000                      +Infinity
  7.59999999999999981E-002  0.83799999999999997        0.0000000000000000                      +Infinity
  7.59999999999999981E-002  0.84199999999999997        0.0000000000000000                      +Infinity
  7.59999999999999981E-002  0.84599999999999997        0.0000000000000000                      +Infinity
  7.59999999999999981E-002  0.84999999999999998        0.0000000000000000                      +Infinity
  7.59999999999999981E-002  0.85399999999999998        0.0000000000000000                      +Infinity
  7.59999999999999981E-002  0.85799999999999998        0.0000000000000000                      +Infinity
  7.59999999999999981E-002  0.86199999999999999        0.0000000000000000                      +Infinity
  7.59999999999999981E-002  0.86599999999999999        0.0000000000000000                      +Infinity
  7.59999999999999981E-002  0.87000000000000000        0.0000000000000000                      +Infinity
  7.59999999999999981E-002  0.87400000000000000        0.0000000000000000                      +Infinity
  7.59999999999999981E-002  0.87800000000000000        0.0000000000000000                      +Infinity
  7.59999999999999981E-002  0.88200000000000001        0.0000000000000000                      +Infinity
  7.59999999999999981E-002  0.88600000000000001        0.0000000000000000                      +Infinity
  7.59999999999999981E-002  0.89000000000000001        0.0000000000000000                      +Infinity
  7.59999999999999981E-002  0.89400000000000002        0.0000000000000000                      +Infinity
  7.59999999999999981E-002  0.89800000000000002        0.0000000000000000                      +Infinity
  7.59999999999999981E-002  0.90200000000000002        0.0000000000000000                      +Infinity
  7.59999999999999981E-002  0.90600000000000003        0.0000000000000000                      +Infinity
  7.59999999999999981E-002  0.91000000000000003        0.0000000000000000                      +Infinity
  7.59999999999999981E-002  0.91400000000000003        0.0000000000000000                      +Infinity
  7.59999999999999981E-002  0.91800000000000004        0.0000000000000000                      +Infinity
  7.59999999999999981E-002  0.92200000000000004        0.0000000000000000                      +Infinity
  7.59999999999999981E-002  0.92600000000000005        0.0000000000000000                      +Infinity
  7.59999999999999981E-002  0.93000000000000005        0.0000000000000000                      +Infinity
  7.59999999999999981E-002  0.93400000000000005        0.0000000000000000                      +Infinity
  7.59999999999999981E-002  0.93799999999999994        0.0000000000000000                      +Infinity
  7.59999999999999981E-002  0.94199999999999995        0.0000000000000000                      +Infinity
  7.59999999999999981E-002  0.94599999999999995        0.0000000000000000                      +Infinity
  7.59999999999999981E-002  0.94999999999999996        0.0000000000000000                      +Infinity
  7.59999999999999981E-002  0.95399999999999996        0.0000000000000000                      +Infinity
  7.59999999999999981E-002  0.95799999999999996        0.0000000000000000                      +Infinity
  7.59999999999999981E-002  0.96199999999999997        0.0000000000000000                      +Infinity
  7.59999999999999981E-002  0.96599999999999997        0.0000000000000000                      +Infinity
  7.59999999999999981E-002  0.96999999999999997        0.0000000000000000                      +Infinity
  7.59999999999999981E-002  0.97399999999999998        0.0000000000000000                      +Infinity
  7.59999999999999981E-002  0.97799999999999998        0.0000000000000000                      +Infinity
  7.59999999999999981E-002  0.98199999999999998        0.0000000000000000                      +Infinity
  7.59999999999999981E-002  0.98599999999999999        0.0000000000000000                      +Infinity
  7.59999999999999981E-002  0.98999999999999999        0.0000000000000000                      +Infinity
  7.59999999999999981E-002  0.99399999999999999        0.0000000000000000                      +Infinity
  7.59999999999999981E-002  0.99800000000000000        0.0000000000000000                      +Infinity
