  3.20000000000000007E-002 -0.99800000000000000        0.0000000000000000                      +Infinity
  3.20000000000000007E-002 -0.99399999999999999        0.0000000000000000                      +Infinity
  3.20000000000000007E-002 -0.98999999999999999        0.0000000000000000                      +Infinity
  3.20000000000000007E-002 -0.98599999999999999        0.0000000000000000                      +Infinity
  3.20000000000000007E-002 -0.98199999999999998        0.0000000000000000                      +Infinity
  3.20000000000000007E-002 -0.97799999999999998        0.0000000000000000                      +Infinity
  3.20000000000000007E-002 -0.97399999999999998        0.0000000000000000                      +Infinity
  3.20000000000000007E-002 -0.96999999999999997        0.0000000000000000                      +Infinity
  3.20000000000000007E-002 -0.96599999999999997        0.0000000000000000                      +Infinity
  3.20000000000000007E-002 -0.96199999999999997        0.0000000000000000                      +Infinity
  3.20000000000000007E-002 -0.95799999999999996        0.0000000000000000                      +Infinity
  3.20000000000000007E-002 -0.95399999999999996        0.0000000000000000                      +Infinity
  3.20000000000000007E-002 -0.94999999999999996        0.0000000000000000                      +Infinity
  3.20000000000000007E-002 -0.94599999999999995        0.0000000000000000                      +Infinity
  3.20000000000000007E-002 -0.94199999999999995        0.0000000000000000                      +Infinity
  3.20000000000000007E-002 -0.93799999999999994        0.0000000000000000                      +Infinity
  3.20000000000000007E-002 -0.93400000000000005        0.0000000000000000                      +Infinity
  3.20000000000000007E-002 -0.93000000000000005        0.0000000000000000                      +Infinity
  3.20000000000000007E-002 -0.92600000000000005        0.0000000000000000                      +Infinity
  3.20000000000000007E-002 -0.92200000000000004        0.0000000000000000                      +Infinity
  3.20000000000000007E-002 -0.91800000000000004        0.0000000000000000                      +Infinity
  3.20000000000000007E-002 -0.91400000000000003        0.0000000000000000                      +Infinity
  3.20000000000000007E-002 -0.91000000000000003        0.0000000000000000                      +Infinity
  3.20000000000000007E-002 -0.90600000000000003        0.0000000000000000                      +Infinity
  3.20000000000000007E-002 -0.90200000000000002        0.0000000000000000                      +Infinity
  3.20000000000000007E-002 -0.89800000000000002        0.0000000000000000                      +Infinity
  3.20000000000000007E-002 -0.89400000000000002        0.0000000000000000                      +Infinity
  3.20000000000000007E-002 -0.89000000000000001        0.0000000000000000                      +Infinity
  3.20000000000000007E-002 -0.88600000000000001        0.0000000000000000                      +Infinity
  3.20000000000000007E-002 -0.88200000000000001        0.0000000000000000                      +Infinity
  3.20000000000000007E-002 -0.87800000000000000        0.0000000000000000                      +Infinity
  3.20000000000000007E-002 -0.87400000000000000        0.0000000000000000                      +Infinity
  3.20000000000000007E-002 -0.87000000000000000        0.0000000000000000                      +Infinity
  3.20000000000000007E-002 -0.86599999999999999        0.0000000000000000                      +Infinity
  3.20000000000000007E-002 -0.86199999999999999        0.0000000000000000                      +Infinity
  3.20000000000000007E-002 -0.85799999999999998        0.0000000000000000                      +Infinity
  3.20000000000000007E-002 -0.85399999999999998        0.0000000000000000                      +Infinity
  3.20000000000000007E-002 -0.84999999999999998        0.0000000000000000                      +Infinity
  3.20000000000000007E-002 -0.84599999999999997        0.0000000000000000                      +Infinity
  3.20000000000000007E-002 -0.84199999999999997        0.0000000000000000                      +Infinity
  3.20000000000000007E-002 -0.83799999999999997        0.0000000000000000                      +Infinity
  3.20000000000000007E-002 -0.83399999999999996        0.0000000000000000                      +Infinity
  3.20000000000000007E-002 -0.82999999999999996        0.0000000000000000                      +Infinity
  3.20000000000000007E-002 -0.82599999999999996        0.0000000000000000                      +Infinity
  3.20000000000000007E-002 -0.82199999999999995        0.0000000000000000                      +Infinity
  3.20000000000000007E-002 -0.81799999999999995        0.0000000000000000                      +Infinity
  3.20000000000000007E-002 -0.81399999999999995        0.0000000000000000                      +Infinity
  3.20000000000000007E-002 -0.81000000000000005        0.0000000000000000                      +Infinity
  3.20000000000000007E-002 -0.80600000000000005        0.0000000000000000                      +Infinity
  3.20000000000000007E-002 -0.80200000000000005        0.0000000000000000                      +Infinity
  3.20000000000000007E-002 -0.79800000000000004        0.0000000000000000                      +Infinity
  3.20000000000000007E-002 -0.79400000000000004        0.0000000000000000                      +Infinity
  3.20000000000000007E-002 -0.79000000000000004        0.0000000000000000                      +Infinity
  3.20000000000000007E-002 -0.78600000000000003        0.0000000000000000                      +Infinity
  3.20000000000000007E-002 -0.78200000000000003        0.0000000000000000                      +Infinity
  3.20000000000000007E-002 -0.77800000000000002        0.0000000000000000                      +Infinity
  3.20000000000000007E-002 -0.77400000000000002        0.0000000000000000                      +Infinity
  3.20000000000000007E-002 -0.77000000000000002        0.0000000000000000                      +Infinity
  3.20000000000000007E-002 -0.76600000000000001        0.0000000000000000                      +Infinity
  3.20000000000000007E-002 -0.76200000000000001        0.0000000000000000                      +Infinity
  3.20000000000000007E-002 -0.75800000000000001        0.0000000000000000                      +Infinity
  3.20000000000000007E-002 -0.75400000000000000        0.0000000000000000                      +Infinity
  3.20000000000000007E-002 -0.75000000000000000        0.0000000000000000                      +Infinity
  3.20000000000000007E-002 -0.74600000000000000        0.0000000000000000                      +Infinity
  3.20000000000000007E-002 -0.74199999999999999        0.0000000000000000                      +Infinity
  3.20000000000000007E-002 -0.73799999999999999        0.0000000000000000                      +Infinity
  3.20000000000000007E-002 -0.73399999999999999        0.0000000000000000                      +Infinity
  3.20000000000000007E-002 -0.72999999999999998        0.0000000000000000                      +Infinity
  3.20000000000000007E-002 -0.72599999999999998        0.0000000000000000                      +Infinity
  3.20000000000000007E-002 -0.72199999999999998        0.0000000000000000                      +Infinity
  3.20000000000000007E-002 -0.71799999999999997        0.0000000000000000                      +Infinity
  3.20000000000000007E-002 -0.71399999999999997        0.0000000000000000                      +Infinity
  3.20000000000000007E-002 -0.70999999999999996        0.0000000000000000                      +Infinity
  3.20000000000000007E-002 -0.70599999999999996        0.0000000000000000                      +Infinity
  3.20000000000000007E-002 -0.70199999999999996        0.0000000000000000                      +Infinity
  3.20000000000000007E-002 -0.69799999999999995        0.0000000000000000                      +Infinity
  3.20000000000000007E-002 -0.69399999999999995        0.0000000000000000                      +Infinity
  3.20000000000000007E-002 -0.68999999999999995        0.0000000000000000                      +Infinity
  3.20000000000000007E-002 -0.68600000000000005        0.0000000000000000                      +Infinity
  3.20000000000000007E-002 -0.68200000000000005        0.0000000000000000                      +Infinity
  3.20000000000000007E-002 -0.67800000000000005        0.0000000000000000                      +Infinity
  3.20000000000000007E-002 -0.67400000000000004        0.0000000000000000                      +Infinity
  3.20000000000000007E-002 -0.67000000000000004        0.0000000000000000                      +Infinity
  3.20000000000000007E-002 -0.66600000000000004        0.0000000000000000                      +Infinity
  3.20000000000000007E-002 -0.66200000000000003        0.0000000000000000                      +Infinity
  3.20000000000000007E-002 -0.65800000000000003        0.0000000000000000                      +Infinity
  3.20000000000000007E-002 -0.65400000000000003        0.0000000000000000                      +Infinity
  3.20000000000000007E-002 -0.65000000000000002        0.0000000000000000                      +Infinity
  3.20000000000000007E-002 -0.64600000000000002        0.0000000000000000                      +Infinity
  3.20000000000000007E-002 -0.64200000000000002        0.0000000000000000                      +Infinity
  3.20000000000000007E-002 -0.63800000000000001        0.0000000000000000                      +Infinity
  3.20000000000000007E-002 -0.63400000000000001        0.0000000000000000                      +Infinity
  3.20000000000000007E-002 -0.63000000000000000        0.0000000000000000                      +Infinity
  3.20000000000000007E-002 -0.62600000000000000        0.0000000000000000                      +Infinity
  3.20000000000000007E-002 -0.62200000000000000        0.0000000000000000                      +Infinity
  3.20000000000000007E-002 -0.61799999999999999        0.0000000000000000                      +Infinity
  3.20000000000000007E-002 -0.61399999999999999        0.0000000000000000                      +Infinity
  3.20000000000000007E-002 -0.60999999999999999        0.0000000000000000                      +Infinity
  3.20000000000000007E-002 -0.60599999999999998        0.0000000000000000                      +Infinity
  3.20000000000000007E-002 -0.60199999999999998        0.0000000000000000                      +Infinity
  3.20000000000000007E-002 -0.59799999999999998        0.0000000000000000                      +Infinity
  3.20000000000000007E-002 -0.59399999999999997        0.0000000000000000                      +Infinity
  3.20000000000000007E-002 -0.58999999999999997        0.0000000000000000                      +Infinity
  3.20000000000000007E-002 -0.58599999999999997        0.0000000000000000                      +Infinity
  3.20000000000000007E-002 -0.58199999999999996        0.0000000000000000                      +Infinity
  3.20000000000000007E-002 -0.57799999999999996        0.0000000000000000                      +Infinity
  3.20000000000000007E-002 -0.57399999999999995        0.0000000000000000                      +Infinity
  3.20000000000000007E-002 -0.56999999999999995        0.0000000000000000                      +Infinity
  3.20000000000000007E-002 -0.56599999999999995        0.0000000000000000                      +Infinity
  3.20000000000000007E-002 -0.56200000000000006        0.0000000000000000                      +Infinity
  3.20000000000000007E-002 -0.55800000000000005        0.0000000000000000                      +Infinity
  3.20000000000000007E-002 -0.55400000000000005        0.0000000000000000                      +Infinity
  3.20000000000000007E-002 -0.55000000000000004        0.0000000000000000                      +Infinity
  3.20000000000000007E-002 -0.54600000000000004        0.0000000000000000                      +Infinity
  3.20000000000000007E-002 -0.54200000000000004        0.0000000000000000                      +Infinity
  3.20000000000000007E-002 -0.53800000000000003        0.0000000000000000                      +Infinity
  3.20000000000000007E-002 -0.53400000000000003        0.0000000000000000                      +Infinity
  3.20000000000000007E-002 -0.53000000000000003        0.0000000000000000                      +Infinity
  3.20000000000000007E-002 -0.52600000000000002        0.0000000000000000                      +Infinity
  3.20000000000000007E-002 -0.52200000000000002        0.0000000000000000                      +Infinity
  3.20000000000000007E-002 -0.51800000000000002        0.0000000000000000                      +Infinity
  3.20000000000000007E-002 -0.51400000000000001        0.0000000000000000                      +Infinity
  3.20000000000000007E-002 -0.51000000000000001        0.0000000000000000                      +Infinity
  3.20000000000000007E-002 -0.50600000000000001        0.0000000000000000                      +Infinity
  3.20000000000000007E-002 -0.50200000000000000        0.0000000000000000                      +Infinity
  3.20000000000000007E-002 -0.49800000000000000        0.0000000000000000                      +Infinity
  3.20000000000000007E-002 -0.49399999999999999        0.0000000000000000                      +Infinity
  3.20000000000000007E-002 -0.48999999999999999        0.0000000000000000                      +Infinity
  3.20000000000000007E-002 -0.48599999999999999        0.0000000000000000                      +Infinity
  3.20000000000000007E-002 -0.48199999999999998        0.0000000000000000                      +Infinity
  3.20000000000000007E-002 -0.47799999999999998        0.0000000000000000                      +Infinity
  3.20000000000000007E-002 -0.47399999999999998        0.0000000000000000                      +Infinity
  3.20000000000000007E-002 -0.46999999999999997        0.0000000000000000                      +Infinity
  3.20000000000000007E-002 -0.46600000000000003        0.0000000000000000                      +Infinity
  3.20000000000000007E-002 -0.46200000000000002        0.0000000000000000                      +Infinity
  3.20000000000000007E-002 -0.45800000000000002        0.0000000000000000                      +Infinity
  3.20000000000000007E-002 -0.45400000000000001        0.0000000000000000                      +Infinity
  3.20000000000000007E-002 -0.45000000000000001        0.0000000000000000                      +Infinity
  3.20000000000000007E-002 -0.44600000000000001        0.0000000000000000                      +Infinity
  3.20000000000000007E-002 -0.44200000000000000        0.0000000000000000                      +Infinity
  3.20000000000000007E-002 -0.43800000000000000        0.0000000000000000                      +Infinity
  3.20000000000000007E-002 -0.43400000000000000        0.0000000000000000                      +Infinity
  3.20000000000000007E-002 -0.42999999999999999        0.0000000000000000                      +Infinity
  3.20000000000000007E-002 -0.42599999999999999        0.0000000000000000                      +Infinity
  3.20000000000000007E-002 -0.42199999999999999        0.0000000000000000                      +Infinity
  3.20000000000000007E-002 -0.41799999999999998        0.0000000000000000                      +Infinity
  3.20000000000000007E-002 -0.41399999999999998        0.0000000000000000                      +Infinity
  3.20000000000000007E-002 -0.40999999999999998        0.0000000000000000                      +Infinity
  3.20000000000000007E-002 -0.40600000000000003        0.0000000000000000                      +Infinity
  3.20000000000000007E-002 -0.40200000000000002        0.0000000000000000                      +Infinity
  3.20000000000000007E-002 -0.39800000000000002        0.0000000000000000                      +Infinity
  3.20000000000000007E-002 -0.39400000000000002        0.0000000000000000                      +Infinity
  3.20000000000000007E-002 -0.39000000000000001        0.0000000000000000                      +Infinity
  3.20000000000000007E-002 -0.38600000000000001        0.0000000000000000                      +Infinity
  3.20000000000000007E-002 -0.38200000000000001        0.0000000000000000                      +Infinity
  3.20000000000000007E-002 -0.37800000000000000       1.32599999999999993E-008   18.138513852188694
  3.20000000000000007E-002 -0.37400000000000000       1.64900000000000008E-008   17.920511700374902
  3.20000000000000007E-002 -0.37000000000000000       2.05414999999999990E-007   15.398233513880800
  3.20000000000000007E-002 -0.36599999999999999       1.89115000000000010E-007   15.480910541318444
  3.20000000000000007E-002 -0.36199999999999999       2.65714999999999994E-007   15.140841531126048
  3.20000000000000007E-002 -0.35799999999999998       5.08110000000000015E-007   14.492567877375272
  3.20000000000000007E-002 -0.35399999999999998       8.74270000000000059E-007   13.949876584513094
  3.20000000000000007E-002 -0.34999999999999998       1.06280999999999987E-006   13.754594213997002
  3.20000000000000007E-002 -0.34599999999999997       8.95024999999999956E-007   13.926414186100780
  3.20000000000000007E-002 -0.34200000000000003       1.80141500000000001E-006   13.226938090774548
  3.20000000000000007E-002 -0.33800000000000002       2.05688499999999996E-006   13.094317855516474
  3.20000000000000007E-002 -0.33400000000000002       2.40332000000000006E-006   12.938659443201123
  3.20000000000000007E-002 -0.33000000000000002       2.91018499999999990E-006   12.747293904918445
  3.20000000000000007E-002 -0.32600000000000001       3.75476000000000020E-006   12.492486189571105
  3.20000000000000007E-002 -0.32200000000000001       4.71017000000000068E-006   12.265786557169040
  3.20000000000000007E-002 -0.31800000000000000       6.39153999999999996E-006   11.960535317046098
  3.20000000000000007E-002 -0.31400000000000000       7.21014499999999956E-006   11.840021495912636
  3.20000000000000007E-002 -0.31000000000000000       9.34041500000000059E-006   11.581159874162440
  3.20000000000000007E-002 -0.30599999999999999       1.32347600000000013E-005   11.232663856185933
  3.20000000000000007E-002 -0.30199999999999999       1.69174899999999978E-005   10.987162559944093
  3.20000000000000007E-002 -0.29799999999999999       2.03505550000000015E-005   10.802402373720291
  3.20000000000000007E-002 -0.29399999999999998       2.59937800000000003E-005   10.557653279332268
  3.20000000000000007E-002 -0.28999999999999998       3.32903349999999978E-005   10.310243443345966
  3.20000000000000007E-002 -0.28599999999999998       4.16629399999999999E-005   10.085898553330077
  3.20000000000000007E-002 -0.28199999999999997       4.91304399999999958E-005   9.9210317559923524
  3.20000000000000007E-002 -0.27800000000000002       6.02325850000000023E-005   9.7172970730184058
  3.20000000000000007E-002 -0.27400000000000002       7.03116400000000023E-005   9.5625731967514458
  3.20000000000000007E-002 -0.27000000000000002       8.01846100000000054E-005   9.4311789567679014
  3.20000000000000007E-002 -0.26600000000000001       9.29688399999999994E-005   9.2832461747175117
  3.20000000000000007E-002 -0.26200000000000001       1.12242565000000006E-004   9.0948482696157953
  3.20000000000000007E-002 -0.25800000000000001       1.25853085000000002E-004   8.9803953233738998
  3.20000000000000007E-002 -0.25400000000000000       1.43943470000000020E-004   8.8460899049082737
  3.20000000000000007E-002 -0.25000000000000000       1.67284580000000006E-004   8.6958141239743192
  3.20000000000000007E-002 -0.24600000000000000       1.89031795000000008E-004   8.5735953295400655
  3.20000000000000007E-002 -0.24199999999999999       2.19184730000000018E-004   8.4255956677257107
  3.20000000000000007E-002 -0.23799999999999999       2.53046039999999992E-004   8.2819391095078441
  3.20000000000000007E-002 -0.23400000000000001       2.99575534999999980E-004   8.1131439685339828
  3.20000000000000007E-002 -0.23000000000000001       3.59453900000000011E-004   7.9309246226836692
  3.20000000000000007E-002 -0.22600000000000001       4.20630430000000033E-004   7.7737559482875369
  3.20000000000000007E-002 -0.22200000000000000       4.88549885000000056E-004   7.6240689729643902
  3.20000000000000007E-002 -0.21800000000000000       5.71793804999999947E-004   7.4667321123425179
  3.20000000000000007E-002 -0.21400000000000000       6.54236675000000002E-004   7.3320413835936762
  3.20000000000000007E-002 -0.20999999999999999       7.49243080000000028E-004   7.1964470877127216
  3.20000000000000007E-002 -0.20599999999999999       8.43628304999999995E-004   7.0777985572909525
  3.20000000000000007E-002 -0.20200000000000001       9.60620955000000116E-004   6.9479306544805395
  3.20000000000000007E-002 -0.19800000000000001       1.07351738999999992E-003   6.8368147414287188
  3.20000000000000007E-002 -0.19400000000000001       1.21839879999999993E-003   6.7102177412820341
  3.20000000000000007E-002 -0.19000000000000000       1.36379908000000007E-003   6.5974810324636657
  3.20000000000000007E-002 -0.18600000000000000       1.51397261000000010E-003   6.4930182152798004
  3.20000000000000007E-002 -0.18200000000000000       1.70077554000000008E-003   6.3766709319475492
  3.20000000000000007E-002 -0.17799999999999999       1.89914954999999990E-003   6.2663490982780390
  3.20000000000000007E-002 -0.17399999999999999       2.10271256000000000E-003   6.1645270725352663
  3.20000000000000007E-002 -0.17000000000000001       2.31939056500000008E-003   6.0664508153123231
  3.20000000000000007E-002 -0.16600000000000001       2.53986265499999992E-003   5.9756452722483262
  3.20000000000000007E-002 -0.16200000000000001       2.82126427000000020E-003   5.8705701718036725
  3.20000000000000007E-002 -0.15800000000000000       3.14881503499999998E-003   5.7607290762828818
  3.20000000000000007E-002 -0.15400000000000000       3.48942992999999981E-003   5.6580168999494012
  3.20000000000000007E-002 -0.14999999999999999       3.81251053499999989E-003   5.5694673737737368
  3.20000000000000007E-002 -0.14599999999999999       4.15529294499999979E-003   5.4833723489482376
  3.20000000000000007E-002 -0.14199999999999999       4.54857817999999945E-003   5.3929405827658874
  3.20000000000000007E-002 -0.13800000000000001       4.96088640999999952E-003   5.3061708425187852
  3.20000000000000007E-002 -0.13400000000000001       5.35048176000000025E-003   5.2305686735302226
  3.20000000000000007E-002 -0.13000000000000000       5.77857610499999969E-003   5.1535979752625725
  3.20000000000000007E-002 -0.12600000000000000       6.21219401999999980E-003   5.0812411410862079
  3.20000000000000007E-002 -0.12200000000000000       6.65754482499999935E-003   5.0120045072909676
  3.20000000000000007E-002 -0.11799999999999999       7.11473310500000070E-003   4.9455875597391197
  3.20000000000000007E-002 -0.11400000000000000       7.56584282999999986E-003   4.8841115261829415
  3.20000000000000007E-002 -0.11000000000000000       8.07479691499999978E-003   4.8190075600348807
  3.20000000000000007E-002 -0.10600000000000000       8.60754504499999969E-003   4.7551161295384512
  3.20000000000000007E-002 -0.10199999999999999       9.12638546000000064E-003   4.6965855598059001
  3.20000000000000007E-002 -9.80000000000000038E-002  9.72130507499999880E-003   4.6334354025474846
  3.20000000000000007E-002 -9.40000000000000002E-002  1.03168594199999995E-002   4.5739758850108192
  3.20000000000000007E-002 -8.99999999999999967E-002  1.08590980899999998E-002   4.5227520167280373
  3.20000000000000007E-002 -8.59999999999999931E-002  1.14307707749999998E-002   4.4714463690658111
  3.20000000000000007E-002 -8.20000000000000034E-002  1.20445154250000009E-002   4.4191458741106180
  3.20000000000000007E-002 -7.79999999999999999E-002  1.26585863700000006E-002   4.3694195296381162
  3.20000000000000007E-002 -7.39999999999999963E-002  1.32836475250000009E-002   4.3212215096197246
  3.20000000000000007E-002 -7.00000000000000067E-002  1.38379775849999994E-002   4.2803384677218315
  3.20000000000000007E-002 -6.60000000000000031E-002  1.43078038300000002E-002   4.2469501681909572
  3.20000000000000007E-002 -6.19999999999999996E-002  1.48100170950000009E-002   4.2124514964154525
  3.20000000000000007E-002 -5.80000000000000029E-002  1.53778044450000005E-002   4.1748300789961172
  3.20000000000000007E-002 -5.39999999999999994E-002  1.59437927000000007E-002   4.1386856979123134
  3.20000000000000007E-002 -5.00000000000000028E-002  1.63954393900000023E-002   4.1107520688006689
  3.20000000000000007E-002 -4.59999999999999992E-002  1.67978280399999971E-002   4.0865056842640675
  3.20000000000000007E-002 -4.20000000000000026E-002  1.72534640249999982E-002   4.0597423426215302
  3.20000000000000007E-002 -3.79999999999999991E-002  1.77091366999999993E-002   4.0336745748464633
  3.20000000000000007E-002 -3.40000000000000024E-002  1.80513183400000006E-002   4.0145365586432620
  3.20000000000000007E-002 -2.99999999999999989E-002  1.83135392100000002E-002   4.0001146451460539
  3.20000000000000007E-002 -2.59999999999999988E-002  1.85314867650000006E-002   3.9882840063396188
  3.20000000000000007E-002 -2.19999999999999987E-002  1.87249323599999982E-002   3.9778993618684222
  3.20000000000000007E-002 -1.79999999999999986E-002  1.88609166249999981E-002   3.9706634014201962
  3.20000000000000007E-002 -1.40000000000000003E-002  1.89448617350000022E-002   3.9662225327699283
  3.20000000000000007E-002 -1.00000000000000002E-002  1.91263206500000005E-002   3.9566898480588559
  3.20000000000000007E-002 -6.00000000000000012E-003  1.92210322549999993E-002   3.9517501695460697
  3.20000000000000007E-002 -2.00000000000000004E-003  1.92244221100000001E-002   3.9515738233400084
  3.20000000000000007E-002  2.00000000000000004E-003  1.92542416849999995E-002   3.9500238952485112
  3.20000000000000007E-002  6.00000000000000012E-003  1.92796327100000012E-002   3.9487060402924001
  3.20000000000000007E-002  1.00000000000000002E-002  1.91358609849999993E-002   3.9561911658201527
  3.20000000000000007E-002  1.40000000000000003E-002  1.89146325000000004E-002   3.9678194501104742
  3.20000000000000007E-002  1.79999999999999986E-002  1.87248016199999985E-002   3.9779063440274984
  3.20000000000000007E-002  2.19999999999999987E-002  1.84410186100000019E-002   3.9931778232253019
  3.20000000000000007E-002  2.59999999999999988E-002  1.82131869999999987E-002   4.0056093868270164
  3.20000000000000007E-002  2.99999999999999989E-002  1.79183287299999987E-002   4.0219311386194230
  3.20000000000000007E-002  3.40000000000000024E-002  1.75705264900000019E-002   4.0415324119503513
  3.20000000000000007E-002  3.79999999999999991E-002  1.72267138599999994E-002   4.0612939686285694
  3.20000000000000007E-002  4.20000000000000026E-002  1.68271588849999987E-002   4.0847610975669983
  3.20000000000000007E-002  4.59999999999999992E-002  1.64324638850000017E-002   4.1084963956077498
  3.20000000000000007E-002  5.00000000000000028E-002  1.59511778000000007E-002   4.1382226092173751
  3.20000000000000007E-002  5.39999999999999994E-002  1.54507223000000006E-002   4.1700995259221063
  3.20000000000000007E-002  5.80000000000000029E-002  1.49202682199999995E-002   4.2050347071563143
  3.20000000000000007E-002  6.19999999999999996E-002  1.43927937750000009E-002   4.2410276299498788
  3.20000000000000007E-002  6.60000000000000031E-002  1.38166740049999980E-002   4.2818791549472506
  3.20000000000000007E-002  7.00000000000000067E-002  1.33494768500000000E-002   4.3162780821696369
  3.20000000000000007E-002  7.39999999999999963E-002  1.28491326850000004E-002   4.3544789652495597
  3.20000000000000007E-002  7.79999999999999999E-002  1.23187418449999999E-002   4.3966334490624481
  3.20000000000000007E-002  8.20000000000000034E-002  1.17012686900000006E-002   4.4480580080143461
  3.20000000000000007E-002  8.59999999999999931E-002  1.11183124449999986E-002   4.4991617602193594
  3.20000000000000007E-002  8.99999999999999967E-002  1.05674306349999997E-002   4.5499785895382479
  3.20000000000000007E-002  9.40000000000000002E-002  9.97478329000000066E-003   4.6076950417554912
  3.20000000000000007E-002  9.80000000000000038E-002  9.45486293500000068E-003   4.6612260735394573
  3.20000000000000007E-002  0.10199999999999999       8.93073624000000066E-003   4.7182564418034989
  3.20000000000000007E-002  0.10600000000000000       8.47592732500000029E-003   4.7705252128223758
  3.20000000000000007E-002  0.11000000000000000       7.91760394000000020E-003   4.8386666517563732
  3.20000000000000007E-002  0.11400000000000000       7.44306075500000049E-003   4.9004731229344669
  3.20000000000000007E-002  0.11799999999999999       6.97707233499999992E-003   4.9651258864422614
  3.20000000000000007E-002  0.12200000000000000       6.50657434500000013E-003   5.0349421755466999
  3.20000000000000007E-002  0.12600000000000000       5.98719281999999988E-003   5.1181326211102363
  3.20000000000000007E-002  0.13000000000000000       5.54201425999999945E-003   5.1953972594663496
  3.20000000000000007E-002  0.13400000000000001       5.13189509500000009E-003   5.2722802737860768
  3.20000000000000007E-002  0.13800000000000001       4.71066793500000015E-003   5.3579255689062855
  3.20000000000000007E-002  0.14199999999999999       4.31994748500000043E-003   5.4445120330500059
  3.20000000000000007E-002  0.14599999999999999       3.92842239499999971E-003   5.5395173599026881
  3.20000000000000007E-002  0.14999999999999999       3.59341797000000025E-003   5.6286514486434429
  3.20000000000000007E-002  0.15400000000000000       3.26913117999999992E-003   5.7232310235655319
  3.20000000000000007E-002  0.15800000000000000       2.95247914499999990E-003   5.8251100734232075
  3.20000000000000007E-002  0.16200000000000001       2.68428087499999980E-003   5.9203424174343509
  3.20000000000000007E-002  0.16600000000000001       2.46574315499999966E-003   6.0052620341656580
  3.20000000000000007E-002  0.17000000000000001       2.25624917499999984E-003   6.0940515015341195
  3.20000000000000007E-002  0.17399999999999999       2.04701455000000018E-003   6.1913728643653734
  3.20000000000000007E-002  0.17799999999999999       1.83604897499999985E-003   6.3001393123030045
  3.20000000000000007E-002  0.18200000000000000       1.61965830000000005E-003   6.4255400779117720
  3.20000000000000007E-002  0.18600000000000000       1.43981338000000007E-003   6.5432417710148956
  3.20000000000000007E-002  0.19000000000000000       1.27839457500000006E-003   6.6621502265470003
  3.20000000000000007E-002  0.19400000000000001       1.12268768499999990E-003   6.7920297496520678
  3.20000000000000007E-002  0.19800000000000001       9.94242679999999884E-004   6.9135292362369931
  3.20000000000000007E-002  0.20200000000000001       8.96236925000000006E-004   7.0173057547203168
  3.20000000000000007E-002  0.20599999999999999       8.03345515000000016E-004   7.1267256563622388
  3.20000000000000007E-002  0.20999999999999999       6.96051644999999965E-004   7.2700866977965237
  3.20000000000000007E-002  0.21400000000000000       5.99209625000000066E-004   7.4198990628061621
  3.20000000000000007E-002  0.21800000000000000       5.22057955000000012E-004   7.5577319513402292
  3.20000000000000007E-002  0.22200000000000000       4.57784455000000005E-004   7.6891121068982500
  3.20000000000000007E-002  0.22600000000000001       4.04569120000000031E-004   7.8126879584369471
  3.20000000000000007E-002  0.23000000000000001       3.51554380000000015E-004   7.9531461502870604
  3.20000000000000007E-002  0.23400000000000001       3.03728000000000017E-004   8.0993779939160877
  3.20000000000000007E-002  0.23799999999999999       2.63266095000000010E-004   8.2423452692179993
  3.20000000000000007E-002  0.24199999999999999       2.32792839999999981E-004   8.3653615985937133
  3.20000000000000007E-002  0.24600000000000000       2.03555654999999997E-004   8.4995711015294191
  3.20000000000000007E-002  0.25000000000000000       1.71420700000000004E-004   8.6713897889643654
  3.20000000000000007E-002  0.25400000000000000       1.41012135000000014E-004   8.8666646074595974
  3.20000000000000007E-002  0.25800000000000001       1.20253780000000002E-004   9.0259062149610223
  3.20000000000000007E-002  0.26200000000000001       9.37269549999999958E-005   9.2751247366641358
  3.20000000000000007E-002  0.26600000000000001       7.90965150000000051E-005   9.4448417423154893
  3.20000000000000007E-002  0.27000000000000002       6.81070149999999980E-005   9.5944303398350002
  3.20000000000000007E-002  0.27400000000000002       5.97022399999999951E-005   9.7261410173315870
  3.20000000000000007E-002  0.27800000000000002       5.13382250000000043E-005   9.8770749565509757
  3.20000000000000007E-002  0.28199999999999997       4.47412700000000027E-005   10.014614216073612
  3.20000000000000007E-002  0.28599999999999998       3.84674100000000044E-005   10.165699168654971
  3.20000000000000007E-002  0.28999999999999998       3.20684499999999962E-005   10.347637877201473
  3.20000000000000007E-002  0.29399999999999998       2.66034250000000019E-005   10.534470591066905
  3.20000000000000007E-002  0.29799999999999999       2.09576799999999996E-005   10.773005391660593
  3.20000000000000007E-002  0.30199999999999999       1.35768050000000005E-005   11.207147735974130
  3.20000000000000007E-002  0.30599999999999999       9.17751999999999950E-006   11.598753542335084
  3.20000000000000007E-002  0.31000000000000000       7.76694499999999988E-006   11.765633649792985
  3.20000000000000007E-002  0.31400000000000000       8.13225999999999894E-006   11.719671690254781
  3.20000000000000007E-002  0.31800000000000000       6.97433499999999935E-006   11.873273575303832
  3.20000000000000007E-002  0.32200000000000001       6.07521999999999958E-006   12.011292355401602
  3.20000000000000007E-002  0.32600000000000001       3.93073000000000073E-006   12.446685398696484
  3.20000000000000007E-002  0.33000000000000002       3.06022000000000007E-006   12.697023749159500
  3.20000000000000007E-002  0.33400000000000002       2.13493000000000007E-006   13.057076698706434
  3.20000000000000007E-002  0.33800000000000002       2.50550499999999991E-006   12.897020246938965
  3.20000000000000007E-002  0.34200000000000003       2.69654000000000019E-006   12.823541088235022
  3.20000000000000007E-002  0.34599999999999997       2.41502500000000023E-006   12.933800918946446
  3.20000000000000007E-002  0.34999999999999998       2.23360500000000002E-006   13.011893685842182
  3.20000000000000007E-002  0.35399999999999998       1.16839000000000005E-006   13.659883825182220
  3.20000000000000007E-002  0.35799999999999998       7.08284999999999966E-007   14.160419281878255
  3.20000000000000007E-002  0.36199999999999999       4.85280000000000015E-007   14.538539793006141
  3.20000000000000007E-002  0.36599999999999999       1.95270000000000001E-007   15.448882620694006
  3.20000000000000007E-002  0.37000000000000000       8.76000000000000036E-008   16.250484839004066
  3.20000000000000007E-002  0.37400000000000000        0.0000000000000000                      +Infinity
  3.20000000000000007E-002  0.37800000000000000        0.0000000000000000                      +Infinity
  3.20000000000000007E-002  0.38200000000000001        0.0000000000000000                      +Infinity
  3.20000000000000007E-002  0.38600000000000001        0.0000000000000000                      +Infinity
  3.20000000000000007E-002  0.39000000000000001        0.0000000000000000                      +Infinity
  3.20000000000000007E-002  0.39400000000000002        0.0000000000000000                      +Infinity
  3.20000000000000007E-002  0.39800000000000002        0.0000000000000000                      +Infinity
  3.20000000000000007E-002  0.40200000000000002        0.0000000000000000                      +Infinity
  3.20000000000000007E-002  0.40600000000000003        0.0000000000000000                      +Infinity
  3.20000000000000007E-002  0.40999999999999998        0.0000000000000000                      +Infinity
  3.20000000000000007E-002  0.41399999999999998        0.0000000000000000                      +Infinity
  3.20000000000000007E-002  0.41799999999999998        0.0000000000000000                      +Infinity
  3.20000000000000007E-002  0.42199999999999999        0.0000000000000000                      +Infinity
  3.20000000000000007E-002  0.42599999999999999        0.0000000000000000                      +Infinity
  3.20000000000000007E-002  0.42999999999999999        0.0000000000000000                      +Infinity
  3.20000000000000007E-002  0.43400000000000000        0.0000000000000000                      +Infinity
  3.20000000000000007E-002  0.43800000000000000        0.0000000000000000                      +Infinity
  3.20000000000000007E-002  0.44200000000000000        0.0000000000000000                      +Infinity
  3.20000000000000007E-002  0.44600000000000001        0.0000000000000000                      +Infinity
  3.20000000000000007E-002  0.45000000000000001        0.0000000000000000                      +Infinity
  3.20000000000000007E-002  0.45400000000000001        0.0000000000000000                      +Infinity
  3.20000000000000007E-002  0.45800000000000002        0.0000000000000000                      +Infinity
  3.20000000000000007E-002  0.46200000000000002        0.0000000000000000                      +Infinity
  3.20000000000000007E-002  0.46600000000000003        0.0000000000000000                      +Infinity
  3.20000000000000007E-002  0.46999999999999997        0.0000000000000000                      +Infinity
  3.20000000000000007E-002  0.47399999999999998        0.0000000000000000                      +Infinity
  3.20000000000000007E-002  0.47799999999999998        0.0000000000000000                      +Infinity
  3.20000000000000007E-002  0.48199999999999998        0.0000000000000000                      +Infinity
  3.20000000000000007E-002  0.48599999999999999        0.0000000000000000                      +Infinity
  3.20000000000000007E-002  0.48999999999999999        0.0000000000000000                      +Infinity
  3.20000000000000007E-002  0.49399999999999999        0.0000000000000000                      +Infinity
  3.20000000000000007E-002  0.49800000000000000        0.0000000000000000                      +Infinity
  3.20000000000000007E-002  0.50200000000000000        0.0000000000000000                      +Infinity
  3.20000000000000007E-002  0.50600000000000001        0.0000000000000000                      +Infinity
  3.20000000000000007E-002  0.51000000000000001        0.0000000000000000                      +Infinity
  3.20000000000000007E-002  0.51400000000000001        0.0000000000000000                      +Infinity
  3.20000000000000007E-002  0.51800000000000002        0.0000000000000000                      +Infinity
  3.20000000000000007E-002  0.52200000000000002        0.0000000000000000                      +Infinity
  3.20000000000000007E-002  0.52600000000000002        0.0000000000000000                      +Infinity
  3.20000000000000007E-002  0.53000000000000003        0.0000000000000000                      +Infinity
  3.20000000000000007E-002  0.53400000000000003        0.0000000000000000                      +Infinity
  3.20000000000000007E-002  0.53800000000000003        0.0000000000000000                      +Infinity
  3.20000000000000007E-002  0.54200000000000004        0.0000000000000000                      +Infinity
  3.20000000000000007E-002  0.54600000000000004        0.0000000000000000                      +Infinity
  3.20000000000000007E-002  0.55000000000000004        0.0000000000000000                      +Infinity
  3.20000000000000007E-002  0.55400000000000005        0.0000000000000000                      +Infinity
  3.20000000000000007E-002  0.55800000000000005        0.0000000000000000                      +Infinity
  3.20000000000000007E-002  0.56200000000000006        0.0000000000000000                      +Infinity
  3.20000000000000007E-002  0.56599999999999995        0.0000000000000000                      +Infinity
  3.20000000000000007E-002  0.56999999999999995        0.0000000000000000                      +Infinity
  3.20000000000000007E-002  0.57399999999999995        0.0000000000000000                      +Infinity
  3.20000000000000007E-002  0.57799999999999996        0.0000000000000000                      +Infinity
  3.20000000000000007E-002  0.58199999999999996        0.0000000000000000                      +Infinity
  3.20000000000000007E-002  0.58599999999999997        0.0000000000000000                      +Infinity
  3.20000000000000007E-002  0.58999999999999997        0.0000000000000000                      +Infinity
  3.20000000000000007E-002  0.59399999999999997        0.0000000000000000                      +Infinity
  3.20000000000000007E-002  0.59799999999999998        0.0000000000000000                      +Infinity
  3.20000000000000007E-002  0.60199999999999998        0.0000000000000000                      +Infinity
  3.20000000000000007E-002  0.60599999999999998        0.0000000000000000                      +Infinity
  3.20000000000000007E-002  0.60999999999999999        0.0000000000000000                      +Infinity
  3.20000000000000007E-002  0.61399999999999999        0.0000000000000000                      +Infinity
  3.20000000000000007E-002  0.61799999999999999        0.0000000000000000                      +Infinity
  3.20000000000000007E-002  0.62200000000000000        0.0000000000000000                      +Infinity
  3.20000000000000007E-002  0.62600000000000000        0.0000000000000000                      +Infinity
  3.20000000000000007E-002  0.63000000000000000        0.0000000000000000                      +Infinity
  3.20000000000000007E-002  0.63400000000000001        0.0000000000000000                      +Infinity
  3.20000000000000007E-002  0.63800000000000001        0.0000000000000000                      +Infinity
  3.20000000000000007E-002  0.64200000000000002        0.0000000000000000                      +Infinity
  3.20000000000000007E-002  0.64600000000000002        0.0000000000000000                      +Infinity
  3.20000000000000007E-002  0.65000000000000002        0.0000000000000000                      +Infinity
  3.20000000000000007E-002  0.65400000000000003        0.0000000000000000                      +Infinity
  3.20000000000000007E-002  0.65800000000000003        0.0000000000000000                      +Infinity
  3.20000000000000007E-002  0.66200000000000003        0.0000000000000000                      +Infinity
  3.20000000000000007E-002  0.66600000000000004        0.0000000000000000                      +Infinity
  3.20000000000000007E-002  0.67000000000000004        0.0000000000000000                      +Infinity
  3.20000000000000007E-002  0.67400000000000004        0.0000000000000000                      +Infinity
  3.20000000000000007E-002  0.67800000000000005        0.0000000000000000                      +Infinity
  3.20000000000000007E-002  0.68200000000000005        0.0000000000000000                      +Infinity
  3.20000000000000007E-002  0.68600000000000005        0.0000000000000000                      +Infinity
  3.20000000000000007E-002  0.68999999999999995        0.0000000000000000                      +Infinity
  3.20000000000000007E-002  0.69399999999999995        0.0000000000000000                      +Infinity
  3.20000000000000007E-002  0.69799999999999995        0.0000000000000000                      +Infinity
  3.20000000000000007E-002  0.70199999999999996        0.0000000000000000                      +Infinity
  3.20000000000000007E-002  0.70599999999999996        0.0000000000000000                      +Infinity
  3.20000000000000007E-002  0.70999999999999996        0.0000000000000000                      +Infinity
  3.20000000000000007E-002  0.71399999999999997        0.0000000000000000                      +Infinity
  3.20000000000000007E-002  0.71799999999999997        0.0000000000000000                      +Infinity
  3.20000000000000007E-002  0.72199999999999998        0.0000000000000000                      +Infinity
  3.20000000000000007E-002  0.72599999999999998        0.0000000000000000                      +Infinity
  3.20000000000000007E-002  0.72999999999999998        0.0000000000000000                      +Infinity
  3.20000000000000007E-002  0.73399999999999999        0.0000000000000000                      +Infinity
  3.20000000000000007E-002  0.73799999999999999        0.0000000000000000                      +Infinity
  3.20000000000000007E-002  0.74199999999999999        0.0000000000000000                      +Infinity
  3.20000000000000007E-002  0.74600000000000000        0.0000000000000000                      +Infinity
  3.20000000000000007E-002  0.75000000000000000        0.0000000000000000                      +Infinity
  3.20000000000000007E-002  0.75400000000000000        0.0000000000000000                      +Infinity
  3.20000000000000007E-002  0.75800000000000001        0.0000000000000000                      +Infinity
  3.20000000000000007E-002  0.76200000000000001        0.0000000000000000                      +Infinity
  3.20000000000000007E-002  0.76600000000000001        0.0000000000000000                      +Infinity
  3.20000000000000007E-002  0.77000000000000002        0.0000000000000000                      +Infinity
  3.20000000000000007E-002  0.77400000000000002        0.0000000000000000                      +Infinity
  3.20000000000000007E-002  0.77800000000000002        0.0000000000000000                      +Infinity
  3.20000000000000007E-002  0.78200000000000003        0.0000000000000000                      +Infinity
  3.20000000000000007E-002  0.78600000000000003        0.0000000000000000                      +Infinity
  3.20000000000000007E-002  0.79000000000000004        0.0000000000000000                      +Infinity
  3.20000000000000007E-002  0.79400000000000004        0.0000000000000000                      +Infinity
  3.20000000000000007E-002  0.79800000000000004        0.0000000000000000                      +Infinity
  3.20000000000000007E-002  0.80200000000000005        0.0000000000000000                      +Infinity
  3.20000000000000007E-002  0.80600000000000005        0.0000000000000000                      +Infinity
  3.20000000000000007E-002  0.81000000000000005        0.0000000000000000                      +Infinity
  3.20000000000000007E-002  0.81399999999999995        0.0000000000000000                      +Infinity
  3.20000000000000007E-002  0.81799999999999995        0.0000000000000000                      +Infinity
  3.20000000000000007E-002  0.82199999999999995        0.0000000000000000                      +Infinity
  3.20000000000000007E-002  0.82599999999999996        0.0000000000000000                      +Infinity
  3.20000000000000007E-002  0.82999999999999996        0.0000000000000000                      +Infinity
  3.20000000000000007E-002  0.83399999999999996        0.0000000000000000                      +Infinity
  3.20000000000000007E-002  0.83799999999999997        0.0000000000000000                      +Infinity
  3.20000000000000007E-002  0.84199999999999997        0.0000000000000000                      +Infinity
  3.20000000000000007E-002  0.84599999999999997        0.0000000000000000                      +Infinity
  3.20000000000000007E-002  0.84999999999999998        0.0000000000000000                      +Infinity
  3.20000000000000007E-002  0.85399999999999998        0.0000000000000000                      +Infinity
  3.20000000000000007E-002  0.85799999999999998        0.0000000000000000                      +Infinity
  3.20000000000000007E-002  0.86199999999999999        0.0000000000000000                      +Infinity
  3.20000000000000007E-002  0.86599999999999999        0.0000000000000000                      +Infinity
  3.20000000000000007E-002  0.87000000000000000        0.0000000000000000                      +Infinity
  3.20000000000000007E-002  0.87400000000000000        0.0000000000000000                      +Infinity
  3.20000000000000007E-002  0.87800000000000000        0.0000000000000000                      +Infinity
  3.20000000000000007E-002  0.88200000000000001        0.0000000000000000                      +Infinity
  3.20000000000000007E-002  0.88600000000000001        0.0000000000000000                      +Infinity
  3.20000000000000007E-002  0.89000000000000001        0.0000000000000000                      +Infinity
  3.20000000000000007E-002  0.89400000000000002        0.0000000000000000                      +Infinity
  3.20000000000000007E-002  0.89800000000000002        0.0000000000000000                      +Infinity
  3.20000000000000007E-002  0.90200000000000002        0.0000000000000000                      +Infinity
  3.20000000000000007E-002  0.90600000000000003        0.0000000000000000                      +Infinity
  3.20000000000000007E-002  0.91000000000000003        0.0000000000000000                      +Infinity
  3.20000000000000007E-002  0.91400000000000003        0.0000000000000000                      +Infinity
  3.20000000000000007E-002  0.91800000000000004        0.0000000000000000                      +Infinity
  3.20000000000000007E-002  0.92200000000000004        0.0000000000000000                      +Infinity
  3.20000000000000007E-002  0.92600000000000005        0.0000000000000000                      +Infinity
  3.20000000000000007E-002  0.93000000000000005        0.0000000000000000                      +Infinity
  3.20000000000000007E-002  0.93400000000000005        0.0000000000000000                      +Infinity
  3.20000000000000007E-002  0.93799999999999994        0.0000000000000000                      +Infinity
  3.20000000000000007E-002  0.94199999999999995        0.0000000000000000                      +Infinity
  3.20000000000000007E-002  0.94599999999999995        0.0000000000000000                      +Infinity
  3.20000000000000007E-002  0.94999999999999996        0.0000000000000000                      +Infinity
  3.20000000000000007E-002  0.95399999999999996        0.0000000000000000                      +Infinity
  3.20000000000000007E-002  0.95799999999999996        0.0000000000000000                      +Infinity
  3.20000000000000007E-002  0.96199999999999997        0.0000000000000000                      +Infinity
  3.20000000000000007E-002  0.96599999999999997        0.0000000000000000                      +Infinity
  3.20000000000000007E-002  0.96999999999999997        0.0000000000000000                      +Infinity
  3.20000000000000007E-002  0.97399999999999998        0.0000000000000000                      +Infinity
  3.20000000000000007E-002  0.97799999999999998        0.0000000000000000                      +Infinity
  3.20000000000000007E-002  0.98199999999999998        0.0000000000000000                      +Infinity
  3.20000000000000007E-002  0.98599999999999999        0.0000000000000000                      +Infinity
  3.20000000000000007E-002  0.98999999999999999        0.0000000000000000                      +Infinity
  3.20000000000000007E-002  0.99399999999999999        0.0000000000000000                      +Infinity
  3.20000000000000007E-002  0.99800000000000000        0.0000000000000000                      +Infinity
