  2.99999999999999989E-002 -0.99800000000000000        0.0000000000000000                      +Infinity
  2.99999999999999989E-002 -0.99399999999999999        0.0000000000000000                      +Infinity
  2.99999999999999989E-002 -0.98999999999999999        0.0000000000000000                      +Infinity
  2.99999999999999989E-002 -0.98599999999999999        0.0000000000000000                      +Infinity
  2.99999999999999989E-002 -0.98199999999999998        0.0000000000000000                      +Infinity
  2.99999999999999989E-002 -0.97799999999999998        0.0000000000000000                      +Infinity
  2.99999999999999989E-002 -0.97399999999999998        0.0000000000000000                      +Infinity
  2.99999999999999989E-002 -0.96999999999999997        0.0000000000000000                      +Infinity
  2.99999999999999989E-002 -0.96599999999999997        0.0000000000000000                      +Infinity
  2.99999999999999989E-002 -0.96199999999999997        0.0000000000000000                      +Infinity
  2.99999999999999989E-002 -0.95799999999999996        0.0000000000000000                      +Infinity
  2.99999999999999989E-002 -0.95399999999999996        0.0000000000000000                      +Infinity
  2.99999999999999989E-002 -0.94999999999999996        0.0000000000000000                      +Infinity
  2.99999999999999989E-002 -0.94599999999999995        0.0000000000000000                      +Infinity
  2.99999999999999989E-002 -0.94199999999999995        0.0000000000000000                      +Infinity
  2.99999999999999989E-002 -0.93799999999999994        0.0000000000000000                      +Infinity
  2.99999999999999989E-002 -0.93400000000000005        0.0000000000000000                      +Infinity
  2.99999999999999989E-002 -0.93000000000000005        0.0000000000000000                      +Infinity
  2.99999999999999989E-002 -0.92600000000000005        0.0000000000000000                      +Infinity
  2.99999999999999989E-002 -0.92200000000000004        0.0000000000000000                      +Infinity
  2.99999999999999989E-002 -0.91800000000000004        0.0000000000000000                      +Infinity
  2.99999999999999989E-002 -0.91400000000000003        0.0000000000000000                      +Infinity
  2.99999999999999989E-002 -0.91000000000000003        0.0000000000000000                      +Infinity
  2.99999999999999989E-002 -0.90600000000000003        0.0000000000000000                      +Infinity
  2.99999999999999989E-002 -0.90200000000000002        0.0000000000000000                      +Infinity
  2.99999999999999989E-002 -0.89800000000000002        0.0000000000000000                      +Infinity
  2.99999999999999989E-002 -0.89400000000000002        0.0000000000000000                      +Infinity
  2.99999999999999989E-002 -0.89000000000000001        0.0000000000000000                      +Infinity
  2.99999999999999989E-002 -0.88600000000000001        0.0000000000000000                      +Infinity
  2.99999999999999989E-002 -0.88200000000000001        0.0000000000000000                      +Infinity
  2.99999999999999989E-002 -0.87800000000000000        0.0000000000000000                      +Infinity
  2.99999999999999989E-002 -0.87400000000000000        0.0000000000000000                      +Infinity
  2.99999999999999989E-002 -0.87000000000000000        0.0000000000000000                      +Infinity
  2.99999999999999989E-002 -0.86599999999999999        0.0000000000000000                      +Infinity
  2.99999999999999989E-002 -0.86199999999999999        0.0000000000000000                      +Infinity
  2.99999999999999989E-002 -0.85799999999999998        0.0000000000000000                      +Infinity
  2.99999999999999989E-002 -0.85399999999999998        0.0000000000000000                      +Infinity
  2.99999999999999989E-002 -0.84999999999999998        0.0000000000000000                      +Infinity
  2.99999999999999989E-002 -0.84599999999999997        0.0000000000000000                      +Infinity
  2.99999999999999989E-002 -0.84199999999999997        0.0000000000000000                      +Infinity
  2.99999999999999989E-002 -0.83799999999999997        0.0000000000000000                      +Infinity
  2.99999999999999989E-002 -0.83399999999999996        0.0000000000000000                      +Infinity
  2.99999999999999989E-002 -0.82999999999999996        0.0000000000000000                      +Infinity
  2.99999999999999989E-002 -0.82599999999999996        0.0000000000000000                      +Infinity
  2.99999999999999989E-002 -0.82199999999999995        0.0000000000000000                      +Infinity
  2.99999999999999989E-002 -0.81799999999999995        0.0000000000000000                      +Infinity
  2.99999999999999989E-002 -0.81399999999999995        0.0000000000000000                      +Infinity
  2.99999999999999989E-002 -0.81000000000000005        0.0000000000000000                      +Infinity
  2.99999999999999989E-002 -0.80600000000000005        0.0000000000000000                      +Infinity
  2.99999999999999989E-002 -0.80200000000000005        0.0000000000000000                      +Infinity
  2.99999999999999989E-002 -0.79800000000000004        0.0000000000000000                      +Infinity
  2.99999999999999989E-002 -0.79400000000000004        0.0000000000000000                      +Infinity
  2.99999999999999989E-002 -0.79000000000000004        0.0000000000000000                      +Infinity
  2.99999999999999989E-002 -0.78600000000000003        0.0000000000000000                      +Infinity
  2.99999999999999989E-002 -0.78200000000000003        0.0000000000000000                      +Infinity
  2.99999999999999989E-002 -0.77800000000000002        0.0000000000000000                      +Infinity
  2.99999999999999989E-002 -0.77400000000000002        0.0000000000000000                      +Infinity
  2.99999999999999989E-002 -0.77000000000000002        0.0000000000000000                      +Infinity
  2.99999999999999989E-002 -0.76600000000000001        0.0000000000000000                      +Infinity
  2.99999999999999989E-002 -0.76200000000000001        0.0000000000000000                      +Infinity
  2.99999999999999989E-002 -0.75800000000000001        0.0000000000000000                      +Infinity
  2.99999999999999989E-002 -0.75400000000000000        0.0000000000000000                      +Infinity
  2.99999999999999989E-002 -0.75000000000000000        0.0000000000000000                      +Infinity
  2.99999999999999989E-002 -0.74600000000000000        0.0000000000000000                      +Infinity
  2.99999999999999989E-002 -0.74199999999999999        0.0000000000000000                      +Infinity
  2.99999999999999989E-002 -0.73799999999999999        0.0000000000000000                      +Infinity
  2.99999999999999989E-002 -0.73399999999999999        0.0000000000000000                      +Infinity
  2.99999999999999989E-002 -0.72999999999999998        0.0000000000000000                      +Infinity
  2.99999999999999989E-002 -0.72599999999999998        0.0000000000000000                      +Infinity
  2.99999999999999989E-002 -0.72199999999999998        0.0000000000000000                      +Infinity
  2.99999999999999989E-002 -0.71799999999999997        0.0000000000000000                      +Infinity
  2.99999999999999989E-002 -0.71399999999999997        0.0000000000000000                      +Infinity
  2.99999999999999989E-002 -0.70999999999999996        0.0000000000000000                      +Infinity
  2.99999999999999989E-002 -0.70599999999999996        0.0000000000000000                      +Infinity
  2.99999999999999989E-002 -0.70199999999999996        0.0000000000000000                      +Infinity
  2.99999999999999989E-002 -0.69799999999999995        0.0000000000000000                      +Infinity
  2.99999999999999989E-002 -0.69399999999999995        0.0000000000000000                      +Infinity
  2.99999999999999989E-002 -0.68999999999999995        0.0000000000000000                      +Infinity
  2.99999999999999989E-002 -0.68600000000000005        0.0000000000000000                      +Infinity
  2.99999999999999989E-002 -0.68200000000000005        0.0000000000000000                      +Infinity
  2.99999999999999989E-002 -0.67800000000000005        0.0000000000000000                      +Infinity
  2.99999999999999989E-002 -0.67400000000000004        0.0000000000000000                      +Infinity
  2.99999999999999989E-002 -0.67000000000000004        0.0000000000000000                      +Infinity
  2.99999999999999989E-002 -0.66600000000000004        0.0000000000000000                      +Infinity
  2.99999999999999989E-002 -0.66200000000000003        0.0000000000000000                      +Infinity
  2.99999999999999989E-002 -0.65800000000000003        0.0000000000000000                      +Infinity
  2.99999999999999989E-002 -0.65400000000000003        0.0000000000000000                      +Infinity
  2.99999999999999989E-002 -0.65000000000000002        0.0000000000000000                      +Infinity
  2.99999999999999989E-002 -0.64600000000000002        0.0000000000000000                      +Infinity
  2.99999999999999989E-002 -0.64200000000000002        0.0000000000000000                      +Infinity
  2.99999999999999989E-002 -0.63800000000000001        0.0000000000000000                      +Infinity
  2.99999999999999989E-002 -0.63400000000000001        0.0000000000000000                      +Infinity
  2.99999999999999989E-002 -0.63000000000000000        0.0000000000000000                      +Infinity
  2.99999999999999989E-002 -0.62600000000000000        0.0000000000000000                      +Infinity
  2.99999999999999989E-002 -0.62200000000000000        0.0000000000000000                      +Infinity
  2.99999999999999989E-002 -0.61799999999999999        0.0000000000000000                      +Infinity
  2.99999999999999989E-002 -0.61399999999999999        0.0000000000000000                      +Infinity
  2.99999999999999989E-002 -0.60999999999999999        0.0000000000000000                      +Infinity
  2.99999999999999989E-002 -0.60599999999999998        0.0000000000000000                      +Infinity
  2.99999999999999989E-002 -0.60199999999999998        0.0000000000000000                      +Infinity
  2.99999999999999989E-002 -0.59799999999999998        0.0000000000000000                      +Infinity
  2.99999999999999989E-002 -0.59399999999999997        0.0000000000000000                      +Infinity
  2.99999999999999989E-002 -0.58999999999999997        0.0000000000000000                      +Infinity
  2.99999999999999989E-002 -0.58599999999999997        0.0000000000000000                      +Infinity
  2.99999999999999989E-002 -0.58199999999999996        0.0000000000000000                      +Infinity
  2.99999999999999989E-002 -0.57799999999999996        0.0000000000000000                      +Infinity
  2.99999999999999989E-002 -0.57399999999999995        0.0000000000000000                      +Infinity
  2.99999999999999989E-002 -0.56999999999999995        0.0000000000000000                      +Infinity
  2.99999999999999989E-002 -0.56599999999999995        0.0000000000000000                      +Infinity
  2.99999999999999989E-002 -0.56200000000000006        0.0000000000000000                      +Infinity
  2.99999999999999989E-002 -0.55800000000000005        0.0000000000000000                      +Infinity
  2.99999999999999989E-002 -0.55400000000000005        0.0000000000000000                      +Infinity
  2.99999999999999989E-002 -0.55000000000000004        0.0000000000000000                      +Infinity
  2.99999999999999989E-002 -0.54600000000000004        0.0000000000000000                      +Infinity
  2.99999999999999989E-002 -0.54200000000000004        0.0000000000000000                      +Infinity
  2.99999999999999989E-002 -0.53800000000000003        0.0000000000000000                      +Infinity
  2.99999999999999989E-002 -0.53400000000000003        0.0000000000000000                      +Infinity
  2.99999999999999989E-002 -0.53000000000000003        0.0000000000000000                      +Infinity
  2.99999999999999989E-002 -0.52600000000000002        0.0000000000000000                      +Infinity
  2.99999999999999989E-002 -0.52200000000000002        0.0000000000000000                      +Infinity
  2.99999999999999989E-002 -0.51800000000000002        0.0000000000000000                      +Infinity
  2.99999999999999989E-002 -0.51400000000000001        0.0000000000000000                      +Infinity
  2.99999999999999989E-002 -0.51000000000000001        0.0000000000000000                      +Infinity
  2.99999999999999989E-002 -0.50600000000000001        0.0000000000000000                      +Infinity
  2.99999999999999989E-002 -0.50200000000000000        0.0000000000000000                      +Infinity
  2.99999999999999989E-002 -0.49800000000000000        0.0000000000000000                      +Infinity
  2.99999999999999989E-002 -0.49399999999999999        0.0000000000000000                      +Infinity
  2.99999999999999989E-002 -0.48999999999999999        0.0000000000000000                      +Infinity
  2.99999999999999989E-002 -0.48599999999999999        0.0000000000000000                      +Infinity
  2.99999999999999989E-002 -0.48199999999999998        0.0000000000000000                      +Infinity
  2.99999999999999989E-002 -0.47799999999999998        0.0000000000000000                      +Infinity
  2.99999999999999989E-002 -0.47399999999999998        0.0000000000000000                      +Infinity
  2.99999999999999989E-002 -0.46999999999999997        0.0000000000000000                      +Infinity
  2.99999999999999989E-002 -0.46600000000000003        0.0000000000000000                      +Infinity
  2.99999999999999989E-002 -0.46200000000000002        0.0000000000000000                      +Infinity
  2.99999999999999989E-002 -0.45800000000000002        0.0000000000000000                      +Infinity
  2.99999999999999989E-002 -0.45400000000000001        0.0000000000000000                      +Infinity
  2.99999999999999989E-002 -0.45000000000000001        0.0000000000000000                      +Infinity
  2.99999999999999989E-002 -0.44600000000000001        0.0000000000000000                      +Infinity
  2.99999999999999989E-002 -0.44200000000000000        0.0000000000000000                      +Infinity
  2.99999999999999989E-002 -0.43800000000000000        0.0000000000000000                      +Infinity
  2.99999999999999989E-002 -0.43400000000000000        0.0000000000000000                      +Infinity
  2.99999999999999989E-002 -0.42999999999999999        0.0000000000000000                      +Infinity
  2.99999999999999989E-002 -0.42599999999999999        0.0000000000000000                      +Infinity
  2.99999999999999989E-002 -0.42199999999999999        0.0000000000000000                      +Infinity
  2.99999999999999989E-002 -0.41799999999999998        0.0000000000000000                      +Infinity
  2.99999999999999989E-002 -0.41399999999999998        0.0000000000000000                      +Infinity
  2.99999999999999989E-002 -0.40999999999999998        0.0000000000000000                      +Infinity
  2.99999999999999989E-002 -0.40600000000000003        0.0000000000000000                      +Infinity
  2.99999999999999989E-002 -0.40200000000000002        0.0000000000000000                      +Infinity
  2.99999999999999989E-002 -0.39800000000000002        0.0000000000000000                      +Infinity
  2.99999999999999989E-002 -0.39400000000000002        0.0000000000000000                      +Infinity
  2.99999999999999989E-002 -0.39000000000000001        0.0000000000000000                      +Infinity
  2.99999999999999989E-002 -0.38600000000000001       1.14949999999999997E-008   18.281353678731268
  2.99999999999999989E-002 -0.38200000000000001       1.18969999999999986E-007   15.944394476457976
  2.99999999999999989E-002 -0.37800000000000000       2.70719999999999978E-007   15.122180760528552
  2.99999999999999989E-002 -0.37400000000000000       2.97115000000000024E-007   15.029146567701167
  2.99999999999999989E-002 -0.37000000000000000       1.52684999999999994E-007   15.694888861373999
  2.99999999999999989E-002 -0.36599999999999999       1.74850000000000007E-007   15.559337373437026
  2.99999999999999989E-002 -0.36199999999999999       2.70869999999999990E-007   15.121626835958914
  2.99999999999999989E-002 -0.35799999999999998       4.11945000000000001E-007   14.702375991653787
  2.99999999999999989E-002 -0.35399999999999998       8.00389999999999930E-007   14.038166728068004
  2.99999999999999989E-002 -0.34999999999999998       1.43704499999999994E-006   13.452921636117615
  2.99999999999999989E-002 -0.34599999999999997       1.81050500000000000E-006   13.221904746076481
  2.99999999999999989E-002 -0.34200000000000003       1.93083000000000020E-006   13.157560595679787
  2.99999999999999989E-002 -0.33800000000000002       1.77223500000000007E-006   13.243269096064283
  2.99999999999999989E-002 -0.33400000000000002       2.48747500000000027E-006   12.904242418215423
  2.99999999999999989E-002 -0.33000000000000002       3.81183999999999949E-006   12.477398545770932
  2.99999999999999989E-002 -0.32600000000000001       4.71972999999999945E-006   12.263758963392817
  2.99999999999999989E-002 -0.32200000000000001       5.03592999999999991E-006   12.198912341799350
  2.99999999999999989E-002 -0.31800000000000000       8.23535499999999935E-006   11.707074086581370
  2.99999999999999989E-002 -0.31400000000000000       1.20762449999999994E-005   11.324270258150591
  2.99999999999999989E-002 -0.31000000000000000       1.40894350000000001E-005   11.170085332218935
  2.99999999999999989E-002 -0.30599999999999999       1.66791550000000014E-005   11.001350821789330
  2.99999999999999989E-002 -0.30199999999999999       2.19031599999999978E-005   10.728879639313499
  2.99999999999999989E-002 -0.29799999999999999       2.86048750000000028E-005   10.461933400118738
  2.99999999999999989E-002 -0.29399999999999998       3.52442900000000034E-005   10.253207027642718
  2.99999999999999989E-002 -0.28999999999999998       3.89203350000000032E-005   10.153993693283718
  2.99999999999999989E-002 -0.28599999999999998       4.56184650000000013E-005   9.9951979891971394
  2.99999999999999989E-002 -0.28199999999999997       5.14978300000000022E-005   9.8739708871046563
  2.99999999999999989E-002 -0.27800000000000002       6.48315650000000089E-005   9.6437179590101216
  2.99999999999999989E-002 -0.27400000000000002       7.80978250000000047E-005   9.4575483504180742
  2.99999999999999989E-002 -0.27000000000000002       9.55072899999999988E-005   9.2563079783124298
  2.99999999999999989E-002 -0.26600000000000001       1.17475924999999986E-004   9.0492771389906466
  2.99999999999999989E-002 -0.26200000000000001       1.36121504999999995E-004   8.9019626519718855
  2.99999999999999989E-002 -0.25800000000000001       1.58390389999999993E-004   8.7504477496163169
  2.99999999999999989E-002 -0.25400000000000000       1.87534209999999998E-004   8.5815492758630612
  2.99999999999999989E-002 -0.25000000000000000       2.20633979999999987E-004   8.4190054285554634
  2.99999999999999989E-002 -0.24600000000000000       2.57262285000000018E-004   8.2654144292883132
  2.99999999999999989E-002 -0.24199999999999999       2.98394869999999996E-004   8.1170928814714554
  2.99999999999999989E-002 -0.23799999999999999       3.53541974999999975E-004   7.9475083385169896
  2.99999999999999989E-002 -0.23400000000000001       4.15942744999999987E-004   7.7849629393867312
  2.99999999999999989E-002 -0.23000000000000001       4.75280300000000011E-004   7.6516058227101196
  2.99999999999999989E-002 -0.22600000000000001       5.35866524999999930E-004   7.5316254484266185
  2.99999999999999989E-002 -0.22200000000000000       6.05936620000000078E-004   7.4087351648233550
  2.99999999999999989E-002 -0.21800000000000000       6.93055999999999946E-004   7.2743997539583596
  2.99999999999999989E-002 -0.21400000000000000       7.73423695000000013E-004   7.1646835418153465
  2.99999999999999989E-002 -0.20999999999999999       8.66682285000000075E-004   7.0508381016313431
  2.99999999999999989E-002 -0.20599999999999999       9.79747434999999993E-004   6.9282157389027601
  2.99999999999999989E-002 -0.20200000000000001       1.10811135500000005E-003   6.8050981948043949
  2.99999999999999989E-002 -0.19800000000000001       1.24596947000000006E-003   6.6878413613247689
  2.99999999999999989E-002 -0.19400000000000001       1.38950955999999986E-003   6.5788044286326599
  2.99999999999999989E-002 -0.19000000000000000       1.55073182500000003E-003   6.4690283143151470
  2.99999999999999989E-002 -0.18600000000000000       1.72788994500000016E-003   6.3608542998646298
  2.99999999999999989E-002 -0.18200000000000000       1.91502405000000000E-003   6.2580250976816520
  2.99999999999999989E-002 -0.17799999999999999       2.14914294000000030E-003   6.1426861488757849
  2.99999999999999989E-002 -0.17399999999999999       2.39678752000000014E-003   6.0336259715975196
  2.99999999999999989E-002 -0.17000000000000001       2.62932461999999985E-003   5.9410282642499270
  2.99999999999999989E-002 -0.16600000000000001       2.88493217999999992E-003   5.8482538870973473
  2.99999999999999989E-002 -0.16200000000000001       3.17402192499999973E-003   5.7527557492143169
  2.99999999999999989E-002 -0.15800000000000000       3.43921484000000045E-003   5.6725120778345453
  2.99999999999999989E-002 -0.15400000000000000       3.70618942499999996E-003   5.5977510393652938
  2.99999999999999989E-002 -0.14999999999999999       4.02042407500000001E-003   5.5163678906214901
  2.99999999999999989E-002 -0.14599999999999999       4.34857204000000004E-003   5.4379077544395074
  2.99999999999999989E-002 -0.14199999999999999       4.71225826499999979E-003   5.3575880240754454
  2.99999999999999989E-002 -0.13800000000000001       5.08518280500000041E-003   5.2814243002752868
  2.99999999999999989E-002 -0.13400000000000001       5.51067624499999940E-003   5.2010679328580665
  2.99999999999999989E-002 -0.13000000000000000       5.90758542499999952E-003   5.1315180885761080
  2.99999999999999989E-002 -0.12600000000000000       6.38312367500000043E-003   5.0540976972105085
  2.99999999999999989E-002 -0.12200000000000000       6.83211284999999963E-003   4.9861213047751436
  2.99999999999999989E-002 -0.11799999999999999       7.28799453999999947E-003   4.9215268682014894
  2.99999999999999989E-002 -0.11400000000000000       7.78547883500000076E-003   4.8554949682016781
  2.99999999999999989E-002 -0.11000000000000000       8.29050993000000035E-003   4.7926438002670961
  2.99999999999999989E-002 -0.10600000000000000       8.80998887999999945E-003   4.7318691012368888
  2.99999999999999989E-002 -0.10199999999999999       9.32653672000000045E-003   4.6748915313191235
  2.99999999999999989E-002 -9.80000000000000038E-002  9.84531816500000025E-003   4.6207592499932346
  2.99999999999999989E-002 -9.40000000000000002E-002  1.04048759849999992E-002   4.5654807379966122
  2.99999999999999989E-002 -8.99999999999999967E-002  1.09048619850000000E-002   4.5185465355296790
  2.99999999999999989E-002 -8.59999999999999931E-002  1.13673234549999998E-002   4.4770124030652800
  2.99999999999999989E-002 -8.20000000000000034E-002  1.19208663249999996E-002   4.4294649417140590
  2.99999999999999989E-002 -7.79999999999999999E-002  1.24425312450000009E-002   4.3866347360834217
  2.99999999999999989E-002 -7.39999999999999963E-002  1.29107227099999992E-002   4.3496970950552765
  2.99999999999999989E-002 -7.00000000000000067E-002  1.33627491399999996E-002   4.3152843580900972
  2.99999999999999989E-002 -6.60000000000000031E-002  1.38903113200000011E-002   4.2765637092201176
  2.99999999999999989E-002 -6.19999999999999996E-002  1.43912537600000001E-002   4.2411346347065653
  2.99999999999999989E-002 -5.80000000000000029E-002  1.48261201449999980E-002   4.2113647791112143
  2.99999999999999989E-002 -5.39999999999999994E-002  1.53022735899999984E-002   4.1797538609701359
  2.99999999999999989E-002 -5.00000000000000028E-002  1.57970509600000031E-002   4.1479320044714063
  2.99999999999999989E-002 -4.59999999999999992E-002  1.61965184899999989E-002   4.1229589678645286
  2.99999999999999989E-002 -4.20000000000000026E-002  1.65475095949999991E-002   4.1015196661254665
  2.99999999999999989E-002 -3.79999999999999991E-002  1.69049370500000025E-002   4.0801495665795908
  2.99999999999999989E-002 -3.40000000000000024E-002  1.71479722850000002E-002   4.0658753464711790
  2.99999999999999989E-002 -2.99999999999999989E-002  1.74225797300000020E-002   4.0499882283957485
  2.99999999999999989E-002 -2.59999999999999988E-002  1.77365192449999987E-002   4.0321295307660430
  2.99999999999999989E-002 -2.19999999999999987E-002  1.80121163099999995E-002   4.0167106192019020
  2.99999999999999989E-002 -1.79999999999999986E-002  1.81938017400000013E-002   4.0066743066406501
  2.99999999999999989E-002 -1.40000000000000003E-002  1.82570512049999994E-002   4.0032039061770393
  2.99999999999999989E-002 -1.00000000000000002E-002  1.83489522350000003E-002   3.9981828050218442
  2.99999999999999989E-002 -6.00000000000000012E-003  1.84144257850000007E-002   3.9946209114881901
  2.99999999999999989E-002 -2.00000000000000004E-003  1.84608374100000000E-002   3.9921036874476989
  2.99999999999999989E-002  2.00000000000000004E-003  1.84303607549999998E-002   3.9937559331566570
  2.99999999999999989E-002  6.00000000000000012E-003  1.83586336050000007E-002   3.9976553189448967
  2.99999999999999989E-002  1.00000000000000002E-002  1.83151389649999982E-002   4.0000272952835569
  2.99999999999999989E-002  1.40000000000000003E-002  1.81837457550000012E-002   4.0072271743268253
  2.99999999999999989E-002  1.79999999999999986E-002  1.79890582899999985E-002   4.0179915786933131
  2.99999999999999989E-002  2.19999999999999987E-002  1.77871107249999993E-002   4.0292812005561682
  2.99999999999999989E-002  2.59999999999999988E-002  1.76006771649999984E-002   4.0398179023940948
  2.99999999999999989E-002  2.99999999999999989E-002  1.72912333749999994E-002   4.0575556472446621
  2.99999999999999989E-002  3.40000000000000024E-002  1.69650852800000002E-002   4.0765978539386545
  2.99999999999999989E-002  3.79999999999999991E-002  1.66574242300000022E-002   4.0948992622397133
  2.99999999999999989E-002  4.20000000000000026E-002  1.63455239299999978E-002   4.1138011848687936
  2.99999999999999989E-002  4.59999999999999992E-002  1.59199358600000014E-002   4.1401831274684886
  2.99999999999999989E-002  5.00000000000000028E-002  1.55399729350000002E-002   4.1643396756786437
  2.99999999999999989E-002  5.39999999999999994E-002  1.51719954199999989E-002   4.1883039570273990
  2.99999999999999989E-002  5.80000000000000029E-002  1.47571983649999999E-002   4.2160242904958922
  2.99999999999999989E-002  6.19999999999999996E-002  1.43686742600000004E-002   4.2427048406280496
  2.99999999999999989E-002  6.60000000000000031E-002  1.39432367099999992E-002   4.2727607119356659
  2.99999999999999989E-002  7.00000000000000067E-002  1.34727917149999998E-002   4.3070830557653181
  2.99999999999999989E-002  7.39999999999999963E-002  1.29506364899999987E-002   4.3466103422374527
  2.99999999999999989E-002  7.79999999999999999E-002  1.24348169799999991E-002   4.3872549199693802
  2.99999999999999989E-002  8.20000000000000034E-002  1.18803125149999998E-002   4.4328726594172032
  2.99999999999999989E-002  8.59999999999999931E-002  1.13262952199999992E-002   4.4806282459406646
  2.99999999999999989E-002  8.99999999999999967E-002  1.08275728450000011E-002   4.5256593571216284
  2.99999999999999989E-002  9.40000000000000002E-002  1.02938017350000001E-002   4.5762133381857435
  2.99999999999999989E-002  9.80000000000000038E-002  9.80505630499999871E-003   4.6248570768719883
  2.99999999999999989E-002  0.10199999999999999       9.27640705499999975E-003   4.6802809779514059
  2.99999999999999989E-002  0.10600000000000000       8.72057593000000013E-003   4.7420699962239086
  2.99999999999999989E-002  0.11000000000000000       8.20392457500000033E-003   4.8031426325002720
  2.99999999999999989E-002  0.11400000000000000       7.72548451499999959E-003   4.8632307377768198
  2.99999999999999989E-002  0.11799999999999999       7.28873484500000036E-003   4.9214252946617627
  2.99999999999999989E-002  0.12200000000000000       6.81976243499999961E-003   4.9879306413111824
  2.99999999999999989E-002  0.12600000000000000       6.36726252999999989E-003   5.0565856458775595
  2.99999999999999989E-002  0.13000000000000000       5.96738246499999968E-003   5.1214468957977894
  2.99999999999999989E-002  0.13400000000000001       5.55550517999999979E-003   5.1929659185313213
  2.99999999999999989E-002  0.13800000000000001       5.15261579500000001E-003   5.2682507718956604
  2.99999999999999989E-002  0.14199999999999999       4.79041284000000008E-003   5.3411386833818355
  2.99999999999999989E-002  0.14599999999999999       4.46274813499999978E-003   5.4119905289404588
  2.99999999999999989E-002  0.14999999999999999       4.18428745000000001E-003   5.4764188523805508
  2.99999999999999989E-002  0.15400000000000000       3.85916521999999989E-003   5.5573043831425872
  2.99999999999999989E-002  0.15800000000000000       3.55103593999999984E-003   5.6405159039797539
  2.99999999999999989E-002  0.16200000000000001       3.24430588000000023E-003   5.7308538561753206
  2.99999999999999989E-002  0.16600000000000001       2.97010885999999998E-003   5.8191566736405873
  2.99999999999999989E-002  0.17000000000000001       2.72441860999999988E-003   5.9055002277585995
  2.99999999999999989E-002  0.17399999999999999       2.51251555999999982E-003   5.9864708125812935
  2.99999999999999989E-002  0.17799999999999999       2.29163201000000000E-003   6.0784910471210551
  2.99999999999999989E-002  0.18200000000000000       2.05199525499999988E-003   6.1889426640544549
  2.99999999999999989E-002  0.18600000000000000       1.83497224999999990E-003   6.3007259202057551
  2.99999999999999989E-002  0.19000000000000000       1.64520224500000001E-003   6.4098919570332002
  2.99999999999999989E-002  0.19400000000000001       1.48653532000000001E-003   6.5113071552971302
  2.99999999999999989E-002  0.19800000000000001       1.34528241500000002E-003   6.6111513139920897
  2.99999999999999989E-002  0.20200000000000001       1.19713673000000002E-003   6.7278226316949814
  2.99999999999999989E-002  0.20599999999999999       1.05435784500000000E-003   6.8548233750987162
  2.99999999999999989E-002  0.20999999999999999       9.11450664999999900E-004   7.0004730903789394
  2.99999999999999989E-002  0.21400000000000000       8.14590925000000118E-004   7.1128245032490414
  2.99999999999999989E-002  0.21800000000000000       7.15538134999999941E-004   7.2424756619953454
  2.99999999999999989E-002  0.22200000000000000       6.21067844999999980E-004   7.3840702307905444
  2.99999999999999989E-002  0.22600000000000001       5.45627190000000026E-004   7.5135746176327576
  2.99999999999999989E-002  0.23000000000000001       4.79230915000000062E-004   7.6433279994710031
  2.99999999999999989E-002  0.23400000000000001       4.21558260000000037E-004   7.7715525694333873
  2.99999999999999989E-002  0.23799999999999999       3.59380969999999991E-004   7.9311275343767269
  2.99999999999999989E-002  0.24199999999999999       3.14432739999999985E-004   8.0647403679708294
  2.99999999999999989E-002  0.24600000000000000       2.73976564999999959E-004   8.2024679844311148
  2.99999999999999989E-002  0.25000000000000000       2.45887794999999994E-004   8.3106352439714950
  2.99999999999999989E-002  0.25400000000000000       2.07399974999999991E-004   8.4808613827088735
  2.99999999999999989E-002  0.25800000000000001       1.72038705000000011E-004   8.6677910773962967
  2.99999999999999989E-002  0.26200000000000001       1.41847839999999990E-004   8.8607556241781893
  2.99999999999999989E-002  0.26600000000000001       1.16907380000000010E-004   9.0541285605978263
  2.99999999999999989E-002  0.27000000000000002       9.50017050000000093E-005   9.2616157191563637
  2.99999999999999989E-002  0.27400000000000002       7.56557950000000013E-005   9.4893165178878096
  2.99999999999999989E-002  0.27800000000000002       6.56778750000000018E-005   9.6307484471802827
  2.99999999999999989E-002  0.28199999999999997       5.53640699999999986E-005   9.8015797305711061
  2.99999999999999989E-002  0.28599999999999998       4.52068399999999983E-005   10.004262155141301
  2.99999999999999989E-002  0.28999999999999998       3.87645450000000011E-005   10.158004517754213
  2.99999999999999989E-002  0.29399999999999998       3.08538550000000031E-005   10.386248855938302
  2.99999999999999989E-002  0.29799999999999999       2.30513199999999987E-005   10.677787523350018
  2.99999999999999989E-002  0.30199999999999999       1.58463049999999980E-005   11.052574207846773
  2.99999999999999989E-002  0.30599999999999999       1.46924450000000016E-005   11.128177141873111
  2.99999999999999989E-002  0.31000000000000000       1.29609849999999990E-005   11.253566866841814
  2.99999999999999989E-002  0.31400000000000000       9.79110000000000016E-006   11.534036748183155
  2.99999999999999989E-002  0.31800000000000000       7.25190500000000032E-006   11.834246364992001
  2.99999999999999989E-002  0.32200000000000001       5.07528999999999965E-006   12.191126891811871
  2.99999999999999989E-002  0.32600000000000001       4.13591000000000035E-006   12.395803181149640
  2.99999999999999989E-002  0.33000000000000002       3.68740499999999998E-006   12.510587599342065
  2.99999999999999989E-002  0.33400000000000002       3.40050500000000023E-006   12.591586607959794
  2.99999999999999989E-002  0.33800000000000002       2.69138499999999998E-006   12.825454626962074
  2.99999999999999989E-002  0.34200000000000003       1.84131000000000012E-006   13.205033283142457
  2.99999999999999989E-002  0.34599999999999997       1.79366000000000004E-006   13.231252332913275
  2.99999999999999989E-002  0.34999999999999998       1.78658499999999998E-006   13.235204581549583
  2.99999999999999989E-002  0.35399999999999998       1.80734500000000023E-006   13.223651640394156
  2.99999999999999989E-002  0.35799999999999998       1.10346999999999991E-006   13.717050797844818
  2.99999999999999989E-002  0.36199999999999999       4.48090000000000037E-007   14.618271731850552
  2.99999999999999989E-002  0.36599999999999999       4.79569999999999946E-007   14.550375967876290
  2.99999999999999989E-002  0.37000000000000000       3.15489999999999975E-007   14.969138851188541
  2.99999999999999989E-002  0.37400000000000000       1.65095000000000010E-007   15.616744771154872
  2.99999999999999989E-002  0.37800000000000000       3.90864999999999973E-007   14.754903605122152
  2.99999999999999989E-002  0.38200000000000001       2.37514999999999993E-007   15.253035057571354
  2.99999999999999989E-002  0.38600000000000001       1.83045000000000009E-007   15.513533812694499
  2.99999999999999989E-002  0.39000000000000001       1.73924999999999991E-007   15.564641665136707
  2.99999999999999989E-002  0.39400000000000002       1.77395000000000008E-007   15.544886952361031
  2.99999999999999989E-002  0.39800000000000002       1.09169999999999991E-007   16.030359536654235
  2.99999999999999989E-002  0.40200000000000002        0.0000000000000000                      +Infinity
  2.99999999999999989E-002  0.40600000000000003        0.0000000000000000                      +Infinity
  2.99999999999999989E-002  0.40999999999999998        0.0000000000000000                      +Infinity
  2.99999999999999989E-002  0.41399999999999998        0.0000000000000000                      +Infinity
  2.99999999999999989E-002  0.41799999999999998        0.0000000000000000                      +Infinity
  2.99999999999999989E-002  0.42199999999999999        0.0000000000000000                      +Infinity
  2.99999999999999989E-002  0.42599999999999999        0.0000000000000000                      +Infinity
  2.99999999999999989E-002  0.42999999999999999        0.0000000000000000                      +Infinity
  2.99999999999999989E-002  0.43400000000000000        0.0000000000000000                      +Infinity
  2.99999999999999989E-002  0.43800000000000000        0.0000000000000000                      +Infinity
  2.99999999999999989E-002  0.44200000000000000        0.0000000000000000                      +Infinity
  2.99999999999999989E-002  0.44600000000000001        0.0000000000000000                      +Infinity
  2.99999999999999989E-002  0.45000000000000001        0.0000000000000000                      +Infinity
  2.99999999999999989E-002  0.45400000000000001        0.0000000000000000                      +Infinity
  2.99999999999999989E-002  0.45800000000000002        0.0000000000000000                      +Infinity
  2.99999999999999989E-002  0.46200000000000002        0.0000000000000000                      +Infinity
  2.99999999999999989E-002  0.46600000000000003        0.0000000000000000                      +Infinity
  2.99999999999999989E-002  0.46999999999999997        0.0000000000000000                      +Infinity
  2.99999999999999989E-002  0.47399999999999998        0.0000000000000000                      +Infinity
  2.99999999999999989E-002  0.47799999999999998        0.0000000000000000                      +Infinity
  2.99999999999999989E-002  0.48199999999999998        0.0000000000000000                      +Infinity
  2.99999999999999989E-002  0.48599999999999999        0.0000000000000000                      +Infinity
  2.99999999999999989E-002  0.48999999999999999        0.0000000000000000                      +Infinity
  2.99999999999999989E-002  0.49399999999999999        0.0000000000000000                      +Infinity
  2.99999999999999989E-002  0.49800000000000000        0.0000000000000000                      +Infinity
  2.99999999999999989E-002  0.50200000000000000        0.0000000000000000                      +Infinity
  2.99999999999999989E-002  0.50600000000000001        0.0000000000000000                      +Infinity
  2.99999999999999989E-002  0.51000000000000001        0.0000000000000000                      +Infinity
  2.99999999999999989E-002  0.51400000000000001        0.0000000000000000                      +Infinity
  2.99999999999999989E-002  0.51800000000000002        0.0000000000000000                      +Infinity
  2.99999999999999989E-002  0.52200000000000002        0.0000000000000000                      +Infinity
  2.99999999999999989E-002  0.52600000000000002        0.0000000000000000                      +Infinity
  2.99999999999999989E-002  0.53000000000000003        0.0000000000000000                      +Infinity
  2.99999999999999989E-002  0.53400000000000003        0.0000000000000000                      +Infinity
  2.99999999999999989E-002  0.53800000000000003        0.0000000000000000                      +Infinity
  2.99999999999999989E-002  0.54200000000000004        0.0000000000000000                      +Infinity
  2.99999999999999989E-002  0.54600000000000004        0.0000000000000000                      +Infinity
  2.99999999999999989E-002  0.55000000000000004        0.0000000000000000                      +Infinity
  2.99999999999999989E-002  0.55400000000000005        0.0000000000000000                      +Infinity
  2.99999999999999989E-002  0.55800000000000005        0.0000000000000000                      +Infinity
  2.99999999999999989E-002  0.56200000000000006        0.0000000000000000                      +Infinity
  2.99999999999999989E-002  0.56599999999999995        0.0000000000000000                      +Infinity
  2.99999999999999989E-002  0.56999999999999995        0.0000000000000000                      +Infinity
  2.99999999999999989E-002  0.57399999999999995        0.0000000000000000                      +Infinity
  2.99999999999999989E-002  0.57799999999999996        0.0000000000000000                      +Infinity
  2.99999999999999989E-002  0.58199999999999996        0.0000000000000000                      +Infinity
  2.99999999999999989E-002  0.58599999999999997        0.0000000000000000                      +Infinity
  2.99999999999999989E-002  0.58999999999999997        0.0000000000000000                      +Infinity
  2.99999999999999989E-002  0.59399999999999997        0.0000000000000000                      +Infinity
  2.99999999999999989E-002  0.59799999999999998        0.0000000000000000                      +Infinity
  2.99999999999999989E-002  0.60199999999999998        0.0000000000000000                      +Infinity
  2.99999999999999989E-002  0.60599999999999998        0.0000000000000000                      +Infinity
  2.99999999999999989E-002  0.60999999999999999        0.0000000000000000                      +Infinity
  2.99999999999999989E-002  0.61399999999999999        0.0000000000000000                      +Infinity
  2.99999999999999989E-002  0.61799999999999999        0.0000000000000000                      +Infinity
  2.99999999999999989E-002  0.62200000000000000        0.0000000000000000                      +Infinity
  2.99999999999999989E-002  0.62600000000000000        0.0000000000000000                      +Infinity
  2.99999999999999989E-002  0.63000000000000000        0.0000000000000000                      +Infinity
  2.99999999999999989E-002  0.63400000000000001        0.0000000000000000                      +Infinity
  2.99999999999999989E-002  0.63800000000000001        0.0000000000000000                      +Infinity
  2.99999999999999989E-002  0.64200000000000002        0.0000000000000000                      +Infinity
  2.99999999999999989E-002  0.64600000000000002        0.0000000000000000                      +Infinity
  2.99999999999999989E-002  0.65000000000000002        0.0000000000000000                      +Infinity
  2.99999999999999989E-002  0.65400000000000003        0.0000000000000000                      +Infinity
  2.99999999999999989E-002  0.65800000000000003        0.0000000000000000                      +Infinity
  2.99999999999999989E-002  0.66200000000000003        0.0000000000000000                      +Infinity
  2.99999999999999989E-002  0.66600000000000004        0.0000000000000000                      +Infinity
  2.99999999999999989E-002  0.67000000000000004        0.0000000000000000                      +Infinity
  2.99999999999999989E-002  0.67400000000000004        0.0000000000000000                      +Infinity
  2.99999999999999989E-002  0.67800000000000005        0.0000000000000000                      +Infinity
  2.99999999999999989E-002  0.68200000000000005        0.0000000000000000                      +Infinity
  2.99999999999999989E-002  0.68600000000000005        0.0000000000000000                      +Infinity
  2.99999999999999989E-002  0.68999999999999995        0.0000000000000000                      +Infinity
  2.99999999999999989E-002  0.69399999999999995        0.0000000000000000                      +Infinity
  2.99999999999999989E-002  0.69799999999999995        0.0000000000000000                      +Infinity
  2.99999999999999989E-002  0.70199999999999996        0.0000000000000000                      +Infinity
  2.99999999999999989E-002  0.70599999999999996        0.0000000000000000                      +Infinity
  2.99999999999999989E-002  0.70999999999999996        0.0000000000000000                      +Infinity
  2.99999999999999989E-002  0.71399999999999997        0.0000000000000000                      +Infinity
  2.99999999999999989E-002  0.71799999999999997        0.0000000000000000                      +Infinity
  2.99999999999999989E-002  0.72199999999999998        0.0000000000000000                      +Infinity
  2.99999999999999989E-002  0.72599999999999998        0.0000000000000000                      +Infinity
  2.99999999999999989E-002  0.72999999999999998        0.0000000000000000                      +Infinity
  2.99999999999999989E-002  0.73399999999999999        0.0000000000000000                      +Infinity
  2.99999999999999989E-002  0.73799999999999999        0.0000000000000000                      +Infinity
  2.99999999999999989E-002  0.74199999999999999        0.0000000000000000                      +Infinity
  2.99999999999999989E-002  0.74600000000000000        0.0000000000000000                      +Infinity
  2.99999999999999989E-002  0.75000000000000000        0.0000000000000000                      +Infinity
  2.99999999999999989E-002  0.75400000000000000        0.0000000000000000                      +Infinity
  2.99999999999999989E-002  0.75800000000000001        0.0000000000000000                      +Infinity
  2.99999999999999989E-002  0.76200000000000001        0.0000000000000000                      +Infinity
  2.99999999999999989E-002  0.76600000000000001        0.0000000000000000                      +Infinity
  2.99999999999999989E-002  0.77000000000000002        0.0000000000000000                      +Infinity
  2.99999999999999989E-002  0.77400000000000002        0.0000000000000000                      +Infinity
  2.99999999999999989E-002  0.77800000000000002        0.0000000000000000                      +Infinity
  2.99999999999999989E-002  0.78200000000000003        0.0000000000000000                      +Infinity
  2.99999999999999989E-002  0.78600000000000003        0.0000000000000000                      +Infinity
  2.99999999999999989E-002  0.79000000000000004        0.0000000000000000                      +Infinity
  2.99999999999999989E-002  0.79400000000000004        0.0000000000000000                      +Infinity
  2.99999999999999989E-002  0.79800000000000004        0.0000000000000000                      +Infinity
  2.99999999999999989E-002  0.80200000000000005        0.0000000000000000                      +Infinity
  2.99999999999999989E-002  0.80600000000000005        0.0000000000000000                      +Infinity
  2.99999999999999989E-002  0.81000000000000005        0.0000000000000000                      +Infinity
  2.99999999999999989E-002  0.81399999999999995        0.0000000000000000                      +Infinity
  2.99999999999999989E-002  0.81799999999999995        0.0000000000000000                      +Infinity
  2.99999999999999989E-002  0.82199999999999995        0.0000000000000000                      +Infinity
  2.99999999999999989E-002  0.82599999999999996        0.0000000000000000                      +Infinity
  2.99999999999999989E-002  0.82999999999999996        0.0000000000000000                      +Infinity
  2.99999999999999989E-002  0.83399999999999996        0.0000000000000000                      +Infinity
  2.99999999999999989E-002  0.83799999999999997        0.0000000000000000                      +Infinity
  2.99999999999999989E-002  0.84199999999999997        0.0000000000000000                      +Infinity
  2.99999999999999989E-002  0.84599999999999997        0.0000000000000000                      +Infinity
  2.99999999999999989E-002  0.84999999999999998        0.0000000000000000                      +Infinity
  2.99999999999999989E-002  0.85399999999999998        0.0000000000000000                      +Infinity
  2.99999999999999989E-002  0.85799999999999998        0.0000000000000000                      +Infinity
  2.99999999999999989E-002  0.86199999999999999        0.0000000000000000                      +Infinity
  2.99999999999999989E-002  0.86599999999999999        0.0000000000000000                      +Infinity
  2.99999999999999989E-002  0.87000000000000000        0.0000000000000000                      +Infinity
  2.99999999999999989E-002  0.87400000000000000        0.0000000000000000                      +Infinity
  2.99999999999999989E-002  0.87800000000000000        0.0000000000000000                      +Infinity
  2.99999999999999989E-002  0.88200000000000001        0.0000000000000000                      +Infinity
  2.99999999999999989E-002  0.88600000000000001        0.0000000000000000                      +Infinity
  2.99999999999999989E-002  0.89000000000000001        0.0000000000000000                      +Infinity
  2.99999999999999989E-002  0.89400000000000002        0.0000000000000000                      +Infinity
  2.99999999999999989E-002  0.89800000000000002        0.0000000000000000                      +Infinity
  2.99999999999999989E-002  0.90200000000000002        0.0000000000000000                      +Infinity
  2.99999999999999989E-002  0.90600000000000003        0.0000000000000000                      +Infinity
  2.99999999999999989E-002  0.91000000000000003        0.0000000000000000                      +Infinity
  2.99999999999999989E-002  0.91400000000000003        0.0000000000000000                      +Infinity
  2.99999999999999989E-002  0.91800000000000004        0.0000000000000000                      +Infinity
  2.99999999999999989E-002  0.92200000000000004        0.0000000000000000                      +Infinity
  2.99999999999999989E-002  0.92600000000000005        0.0000000000000000                      +Infinity
  2.99999999999999989E-002  0.93000000000000005        0.0000000000000000                      +Infinity
  2.99999999999999989E-002  0.93400000000000005        0.0000000000000000                      +Infinity
  2.99999999999999989E-002  0.93799999999999994        0.0000000000000000                      +Infinity
  2.99999999999999989E-002  0.94199999999999995        0.0000000000000000                      +Infinity
  2.99999999999999989E-002  0.94599999999999995        0.0000000000000000                      +Infinity
  2.99999999999999989E-002  0.94999999999999996        0.0000000000000000                      +Infinity
  2.99999999999999989E-002  0.95399999999999996        0.0000000000000000                      +Infinity
  2.99999999999999989E-002  0.95799999999999996        0.0000000000000000                      +Infinity
  2.99999999999999989E-002  0.96199999999999997        0.0000000000000000                      +Infinity
  2.99999999999999989E-002  0.96599999999999997        0.0000000000000000                      +Infinity
  2.99999999999999989E-002  0.96999999999999997        0.0000000000000000                      +Infinity
  2.99999999999999989E-002  0.97399999999999998        0.0000000000000000                      +Infinity
  2.99999999999999989E-002  0.97799999999999998        0.0000000000000000                      +Infinity
  2.99999999999999989E-002  0.98199999999999998        0.0000000000000000                      +Infinity
  2.99999999999999989E-002  0.98599999999999999        0.0000000000000000                      +Infinity
  2.99999999999999989E-002  0.98999999999999999        0.0000000000000000                      +Infinity
  2.99999999999999989E-002  0.99399999999999999        0.0000000000000000                      +Infinity
  2.99999999999999989E-002  0.99800000000000000        0.0000000000000000                      +Infinity
