 -1.41253754462275401E-002 -0.99800000000000000        0.0000000000000000                      +Infinity
 -1.41253754462275401E-002 -0.99399999999999999        0.0000000000000000                      +Infinity
 -1.41253754462275401E-002 -0.98999999999999999        0.0000000000000000                      +Infinity
 -1.41253754462275401E-002 -0.98599999999999999        0.0000000000000000                      +Infinity
 -1.41253754462275401E-002 -0.98199999999999998        0.0000000000000000                      +Infinity
 -1.41253754462275401E-002 -0.97799999999999998        0.0000000000000000                      +Infinity
 -1.41253754462275401E-002 -0.97399999999999998        0.0000000000000000                      +Infinity
 -1.41253754462275401E-002 -0.96999999999999997        0.0000000000000000                      +Infinity
 -1.41253754462275401E-002 -0.96599999999999997        0.0000000000000000                      +Infinity
 -1.41253754462275401E-002 -0.96199999999999997        0.0000000000000000                      +Infinity
 -1.41253754462275401E-002 -0.95799999999999996        0.0000000000000000                      +Infinity
 -1.41253754462275401E-002 -0.95399999999999996        0.0000000000000000                      +Infinity
 -1.41253754462275401E-002 -0.94999999999999996        0.0000000000000000                      +Infinity
 -1.41253754462275401E-002 -0.94599999999999995        0.0000000000000000                      +Infinity
 -1.41253754462275401E-002 -0.94199999999999995        0.0000000000000000                      +Infinity
 -1.41253754462275401E-002 -0.93799999999999994        0.0000000000000000                      +Infinity
 -1.41253754462275401E-002 -0.93400000000000005        0.0000000000000000                      +Infinity
 -1.41253754462275401E-002 -0.93000000000000005        0.0000000000000000                      +Infinity
 -1.41253754462275401E-002 -0.92600000000000005        0.0000000000000000                      +Infinity
 -1.41253754462275401E-002 -0.92200000000000004        0.0000000000000000                      +Infinity
 -1.41253754462275401E-002 -0.91800000000000004        0.0000000000000000                      +Infinity
 -1.41253754462275401E-002 -0.91400000000000003        0.0000000000000000                      +Infinity
 -1.41253754462275401E-002 -0.91000000000000003        0.0000000000000000                      +Infinity
 -1.41253754462275401E-002 -0.90600000000000003        0.0000000000000000                      +Infinity
 -1.41253754462275401E-002 -0.90200000000000002        0.0000000000000000                      +Infinity
 -1.41253754462275401E-002 -0.89800000000000002        0.0000000000000000                      +Infinity
 -1.41253754462275401E-002 -0.89400000000000002        0.0000000000000000                      +Infinity
 -1.41253754462275401E-002 -0.89000000000000001        0.0000000000000000                      +Infinity
 -1.41253754462275401E-002 -0.88600000000000001        0.0000000000000000                      +Infinity
 -1.41253754462275401E-002 -0.88200000000000001        0.0000000000000000                      +Infinity
 -1.41253754462275401E-002 -0.87800000000000000        0.0000000000000000                      +Infinity
 -1.41253754462275401E-002 -0.87400000000000000        0.0000000000000000                      +Infinity
 -1.41253754462275401E-002 -0.87000000000000000        0.0000000000000000                      +Infinity
 -1.41253754462275401E-002 -0.86599999999999999        0.0000000000000000                      +Infinity
 -1.41253754462275401E-002 -0.86199999999999999        0.0000000000000000                      +Infinity
 -1.41253754462275401E-002 -0.85799999999999998        0.0000000000000000                      +Infinity
 -1.41253754462275401E-002 -0.85399999999999998        0.0000000000000000                      +Infinity
 -1.41253754462275401E-002 -0.84999999999999998        0.0000000000000000                      +Infinity
 -1.41253754462275401E-002 -0.84599999999999997        0.0000000000000000                      +Infinity
 -1.41253754462275401E-002 -0.84199999999999997        0.0000000000000000                      +Infinity
 -1.41253754462275401E-002 -0.83799999999999997        0.0000000000000000                      +Infinity
 -1.41253754462275401E-002 -0.83399999999999996        0.0000000000000000                      +Infinity
 -1.41253754462275401E-002 -0.82999999999999996        0.0000000000000000                      +Infinity
 -1.41253754462275401E-002 -0.82599999999999996        0.0000000000000000                      +Infinity
 -1.41253754462275401E-002 -0.82199999999999995        0.0000000000000000                      +Infinity
 -1.41253754462275401E-002 -0.81799999999999995        0.0000000000000000                      +Infinity
 -1.41253754462275401E-002 -0.81399999999999995        0.0000000000000000                      +Infinity
 -1.41253754462275401E-002 -0.81000000000000005        0.0000000000000000                      +Infinity
 -1.41253754462275401E-002 -0.80600000000000005        0.0000000000000000                      +Infinity
 -1.41253754462275401E-002 -0.80200000000000005        0.0000000000000000                      +Infinity
 -1.41253754462275401E-002 -0.79800000000000004        0.0000000000000000                      +Infinity
 -1.41253754462275401E-002 -0.79400000000000004        0.0000000000000000                      +Infinity
 -1.41253754462275401E-002 -0.79000000000000004        0.0000000000000000                      +Infinity
 -1.41253754462275401E-002 -0.78600000000000003        0.0000000000000000                      +Infinity
 -1.41253754462275401E-002 -0.78200000000000003        0.0000000000000000                      +Infinity
 -1.41253754462275401E-002 -0.77800000000000002        0.0000000000000000                      +Infinity
 -1.41253754462275401E-002 -0.77400000000000002        0.0000000000000000                      +Infinity
 -1.41253754462275401E-002 -0.77000000000000002        0.0000000000000000                      +Infinity
 -1.41253754462275401E-002 -0.76600000000000001        0.0000000000000000                      +Infinity
 -1.41253754462275401E-002 -0.76200000000000001        0.0000000000000000                      +Infinity
 -1.41253754462275401E-002 -0.75800000000000001        0.0000000000000000                      +Infinity
 -1.41253754462275401E-002 -0.75400000000000000        0.0000000000000000                      +Infinity
 -1.41253754462275401E-002 -0.75000000000000000        0.0000000000000000                      +Infinity
 -1.41253754462275401E-002 -0.74600000000000000        0.0000000000000000                      +Infinity
 -1.41253754462275401E-002 -0.74199999999999999        0.0000000000000000                      +Infinity
 -1.41253754462275401E-002 -0.73799999999999999        0.0000000000000000                      +Infinity
 -1.41253754462275401E-002 -0.73399999999999999        0.0000000000000000                      +Infinity
 -1.41253754462275401E-002 -0.72999999999999998        0.0000000000000000                      +Infinity
 -1.41253754462275401E-002 -0.72599999999999998        0.0000000000000000                      +Infinity
 -1.41253754462275401E-002 -0.72199999999999998        0.0000000000000000                      +Infinity
 -1.41253754462275401E-002 -0.71799999999999997        0.0000000000000000                      +Infinity
 -1.41253754462275401E-002 -0.71399999999999997        0.0000000000000000                      +Infinity
 -1.41253754462275401E-002 -0.70999999999999996        0.0000000000000000                      +Infinity
 -1.41253754462275401E-002 -0.70599999999999996        0.0000000000000000                      +Infinity
 -1.41253754462275401E-002 -0.70199999999999996        0.0000000000000000                      +Infinity
 -1.41253754462275401E-002 -0.69799999999999995        0.0000000000000000                      +Infinity
 -1.41253754462275401E-002 -0.69399999999999995        0.0000000000000000                      +Infinity
 -1.41253754462275401E-002 -0.68999999999999995        0.0000000000000000                      +Infinity
 -1.41253754462275401E-002 -0.68600000000000005        0.0000000000000000                      +Infinity
 -1.41253754462275401E-002 -0.68200000000000005        0.0000000000000000                      +Infinity
 -1.41253754462275401E-002 -0.67800000000000005        0.0000000000000000                      +Infinity
 -1.41253754462275401E-002 -0.67400000000000004        0.0000000000000000                      +Infinity
 -1.41253754462275401E-002 -0.67000000000000004        0.0000000000000000                      +Infinity
 -1.41253754462275401E-002 -0.66600000000000004        0.0000000000000000                      +Infinity
 -1.41253754462275401E-002 -0.66200000000000003        0.0000000000000000                      +Infinity
 -1.41253754462275401E-002 -0.65800000000000003        0.0000000000000000                      +Infinity
 -1.41253754462275401E-002 -0.65400000000000003        0.0000000000000000                      +Infinity
 -1.41253754462275401E-002 -0.65000000000000002        0.0000000000000000                      +Infinity
 -1.41253754462275401E-002 -0.64600000000000002        0.0000000000000000                      +Infinity
 -1.41253754462275401E-002 -0.64200000000000002        0.0000000000000000                      +Infinity
 -1.41253754462275401E-002 -0.63800000000000001        0.0000000000000000                      +Infinity
 -1.41253754462275401E-002 -0.63400000000000001        0.0000000000000000                      +Infinity
 -1.41253754462275401E-002 -0.63000000000000000        0.0000000000000000                      +Infinity
 -1.41253754462275401E-002 -0.62600000000000000        0.0000000000000000                      +Infinity
 -1.41253754462275401E-002 -0.62200000000000000        0.0000000000000000                      +Infinity
 -1.41253754462275401E-002 -0.61799999999999999        0.0000000000000000                      +Infinity
 -1.41253754462275401E-002 -0.61399999999999999        0.0000000000000000                      +Infinity
 -1.41253754462275401E-002 -0.60999999999999999        0.0000000000000000                      +Infinity
 -1.41253754462275401E-002 -0.60599999999999998        0.0000000000000000                      +Infinity
 -1.41253754462275401E-002 -0.60199999999999998        0.0000000000000000                      +Infinity
 -1.41253754462275401E-002 -0.59799999999999998        0.0000000000000000                      +Infinity
 -1.41253754462275401E-002 -0.59399999999999997        0.0000000000000000                      +Infinity
 -1.41253754462275401E-002 -0.58999999999999997        0.0000000000000000                      +Infinity
 -1.41253754462275401E-002 -0.58599999999999997        0.0000000000000000                      +Infinity
 -1.41253754462275401E-002 -0.58199999999999996        0.0000000000000000                      +Infinity
 -1.41253754462275401E-002 -0.57799999999999996        0.0000000000000000                      +Infinity
 -1.41253754462275401E-002 -0.57399999999999995        0.0000000000000000                      +Infinity
 -1.41253754462275401E-002 -0.56999999999999995        0.0000000000000000                      +Infinity
 -1.41253754462275401E-002 -0.56599999999999995        0.0000000000000000                      +Infinity
 -1.41253754462275401E-002 -0.56200000000000006        0.0000000000000000                      +Infinity
 -1.41253754462275401E-002 -0.55800000000000005        0.0000000000000000                      +Infinity
 -1.41253754462275401E-002 -0.55400000000000005        0.0000000000000000                      +Infinity
 -1.41253754462275401E-002 -0.55000000000000004        0.0000000000000000                      +Infinity
 -1.41253754462275401E-002 -0.54600000000000004        0.0000000000000000                      +Infinity
 -1.41253754462275401E-002 -0.54200000000000004        0.0000000000000000                      +Infinity
 -1.41253754462275401E-002 -0.53800000000000003        0.0000000000000000                      +Infinity
 -1.41253754462275401E-002 -0.53400000000000003        0.0000000000000000                      +Infinity
 -1.41253754462275401E-002 -0.53000000000000003        0.0000000000000000                      +Infinity
 -1.41253754462275401E-002 -0.52600000000000002        0.0000000000000000                      +Infinity
 -1.41253754462275401E-002 -0.52200000000000002        0.0000000000000000                      +Infinity
 -1.41253754462275401E-002 -0.51800000000000002        0.0000000000000000                      +Infinity
 -1.41253754462275401E-002 -0.51400000000000001        0.0000000000000000                      +Infinity
 -1.41253754462275401E-002 -0.51000000000000001        0.0000000000000000                      +Infinity
 -1.41253754462275401E-002 -0.50600000000000001        0.0000000000000000                      +Infinity
 -1.41253754462275401E-002 -0.50200000000000000        0.0000000000000000                      +Infinity
 -1.41253754462275401E-002 -0.49800000000000000        0.0000000000000000                      +Infinity
 -1.41253754462275401E-002 -0.49399999999999999        0.0000000000000000                      +Infinity
 -1.41253754462275401E-002 -0.48999999999999999        0.0000000000000000                      +Infinity
 -1.41253754462275401E-002 -0.48599999999999999        0.0000000000000000                      +Infinity
 -1.41253754462275401E-002 -0.48199999999999998        0.0000000000000000                      +Infinity
 -1.41253754462275401E-002 -0.47799999999999998        0.0000000000000000                      +Infinity
 -1.41253754462275401E-002 -0.47399999999999998        0.0000000000000000                      +Infinity
 -1.41253754462275401E-002 -0.46999999999999997        0.0000000000000000                      +Infinity
 -1.41253754462275401E-002 -0.46600000000000003        0.0000000000000000                      +Infinity
 -1.41253754462275401E-002 -0.46200000000000002        0.0000000000000000                      +Infinity
 -1.41253754462275401E-002 -0.45800000000000002        0.0000000000000000                      +Infinity
 -1.41253754462275401E-002 -0.45400000000000001        0.0000000000000000                      +Infinity
 -1.41253754462275401E-002 -0.45000000000000001        0.0000000000000000                      +Infinity
 -1.41253754462275401E-002 -0.44600000000000001        0.0000000000000000                      +Infinity
 -1.41253754462275401E-002 -0.44200000000000000        0.0000000000000000                      +Infinity
 -1.41253754462275401E-002 -0.43800000000000000        0.0000000000000000                      +Infinity
 -1.41253754462275401E-002 -0.43400000000000000        0.0000000000000000                      +Infinity
 -1.41253754462275401E-002 -0.42999999999999999        0.0000000000000000                      +Infinity
 -1.41253754462275401E-002 -0.42599999999999999        0.0000000000000000                      +Infinity
 -1.41253754462275401E-002 -0.42199999999999999        0.0000000000000000                      +Infinity
 -1.41253754462275401E-002 -0.41799999999999998        0.0000000000000000                      +Infinity
 -1.41253754462275401E-002 -0.41399999999999998        0.0000000000000000                      +Infinity
 -1.41253754462275401E-002 -0.40999999999999998        0.0000000000000000                      +Infinity
 -1.41253754462275401E-002 -0.40600000000000003        0.0000000000000000                      +Infinity
 -1.41253754462275401E-002 -0.40200000000000002        0.0000000000000000                      +Infinity
 -1.41253754462275401E-002 -0.39800000000000002        0.0000000000000000                      +Infinity
 -1.41253754462275401E-002 -0.39400000000000002        0.0000000000000000                      +Infinity
 -1.41253754462275401E-002 -0.39000000000000001        0.0000000000000000                      +Infinity
 -1.41253754462275401E-002 -0.38600000000000001        0.0000000000000000                      +Infinity
 -1.41253754462275401E-002 -0.38200000000000001        0.0000000000000000                      +Infinity
 -1.41253754462275401E-002 -0.37800000000000000        0.0000000000000000                      +Infinity
 -1.41253754462275401E-002 -0.37400000000000000        0.0000000000000000                      +Infinity
 -1.41253754462275401E-002 -0.37000000000000000        0.0000000000000000                      +Infinity
 -1.41253754462275401E-002 -0.36599999999999999        0.0000000000000000                      +Infinity
 -1.41253754462275401E-002 -0.36199999999999999        0.0000000000000000                      +Infinity
 -1.41253754462275401E-002 -0.35799999999999998        0.0000000000000000                      +Infinity
 -1.41253754462275401E-002 -0.35399999999999998        0.0000000000000000                      +Infinity
 -1.41253754462275401E-002 -0.34999999999999998        0.0000000000000000                      +Infinity
 -1.41253754462275401E-002 -0.34599999999999997        0.0000000000000000                      +Infinity
 -1.41253754462275401E-002 -0.34200000000000003        0.0000000000000000                      +Infinity
 -1.41253754462275401E-002 -0.33800000000000002        0.0000000000000000                      +Infinity
 -1.41253754462275401E-002 -0.33400000000000002        0.0000000000000000                      +Infinity
 -1.41253754462275401E-002 -0.33000000000000002        0.0000000000000000                      +Infinity
 -1.41253754462275401E-002 -0.32600000000000001        0.0000000000000000                      +Infinity
 -1.41253754462275401E-002 -0.32200000000000001        0.0000000000000000                      +Infinity
 -1.41253754462275401E-002 -0.31800000000000000        0.0000000000000000                      +Infinity
 -1.41253754462275401E-002 -0.31400000000000000        0.0000000000000000                      +Infinity
 -1.41253754462275401E-002 -0.31000000000000000        0.0000000000000000                      +Infinity
 -1.41253754462275401E-002 -0.30599999999999999        0.0000000000000000                      +Infinity
 -1.41253754462275401E-002 -0.30199999999999999        0.0000000000000000                      +Infinity
 -1.41253754462275401E-002 -0.29799999999999999        0.0000000000000000                      +Infinity
 -1.41253754462275401E-002 -0.29399999999999998        0.0000000000000000                      +Infinity
 -1.41253754462275401E-002 -0.28999999999999998        0.0000000000000000                      +Infinity
 -1.41253754462275401E-002 -0.28599999999999998        0.0000000000000000                      +Infinity
 -1.41253754462275401E-002 -0.28199999999999997        0.0000000000000000                      +Infinity
 -1.41253754462275401E-002 -0.27800000000000002        0.0000000000000000                      +Infinity
 -1.41253754462275401E-002 -0.27400000000000002        0.0000000000000000                      +Infinity
 -1.41253754462275401E-002 -0.27000000000000002        0.0000000000000000                      +Infinity
 -1.41253754462275401E-002 -0.26600000000000001        0.0000000000000000                      +Infinity
 -1.41253754462275401E-002 -0.26200000000000001        0.0000000000000000                      +Infinity
 -1.41253754462275401E-002 -0.25800000000000001        0.0000000000000000                      +Infinity
 -1.41253754462275401E-002 -0.25400000000000000        0.0000000000000000                      +Infinity
 -1.41253754462275401E-002 -0.25000000000000000        0.0000000000000000                      +Infinity
 -1.41253754462275401E-002 -0.24600000000000000        0.0000000000000000                      +Infinity
 -1.41253754462275401E-002 -0.24199999999999999        0.0000000000000000                      +Infinity
 -1.41253754462275401E-002 -0.23799999999999999        0.0000000000000000                      +Infinity
 -1.41253754462275401E-002 -0.23400000000000001        0.0000000000000000                      +Infinity
 -1.41253754462275401E-002 -0.23000000000000001        0.0000000000000000                      +Infinity
 -1.41253754462275401E-002 -0.22600000000000001        0.0000000000000000                      +Infinity
 -1.41253754462275401E-002 -0.22200000000000000        0.0000000000000000                      +Infinity
 -1.41253754462275401E-002 -0.21800000000000000        0.0000000000000000                      +Infinity
 -1.41253754462275401E-002 -0.21400000000000000        0.0000000000000000                      +Infinity
 -1.41253754462275401E-002 -0.20999999999999999        0.0000000000000000                      +Infinity
 -1.41253754462275401E-002 -0.20599999999999999        0.0000000000000000                      +Infinity
 -1.41253754462275401E-002 -0.20200000000000001        0.0000000000000000                      +Infinity
 -1.41253754462275401E-002 -0.19800000000000001        0.0000000000000000                      +Infinity
 -1.41253754462275401E-002 -0.19400000000000001        0.0000000000000000                      +Infinity
 -1.41253754462275401E-002 -0.19000000000000000        0.0000000000000000                      +Infinity
 -1.41253754462275401E-002 -0.18600000000000000        0.0000000000000000                      +Infinity
 -1.41253754462275401E-002 -0.18200000000000000        0.0000000000000000                      +Infinity
 -1.41253754462275401E-002 -0.17799999999999999        0.0000000000000000                      +Infinity
 -1.41253754462275401E-002 -0.17399999999999999        0.0000000000000000                      +Infinity
 -1.41253754462275401E-002 -0.17000000000000001        0.0000000000000000                      +Infinity
 -1.41253754462275401E-002 -0.16600000000000001        0.0000000000000000                      +Infinity
 -1.41253754462275401E-002 -0.16200000000000001        0.0000000000000000                      +Infinity
 -1.41253754462275401E-002 -0.15800000000000000        0.0000000000000000                      +Infinity
 -1.41253754462275401E-002 -0.15400000000000000        0.0000000000000000                      +Infinity
 -1.41253754462275401E-002 -0.14999999999999999        0.0000000000000000                      +Infinity
 -1.41253754462275401E-002 -0.14599999999999999        0.0000000000000000                      +Infinity
 -1.41253754462275401E-002 -0.14199999999999999        0.0000000000000000                      +Infinity
 -1.41253754462275401E-002 -0.13800000000000001        0.0000000000000000                      +Infinity
 -1.41253754462275401E-002 -0.13400000000000001        0.0000000000000000                      +Infinity
 -1.41253754462275401E-002 -0.13000000000000000        0.0000000000000000                      +Infinity
 -1.41253754462275401E-002 -0.12600000000000000        0.0000000000000000                      +Infinity
 -1.41253754462275401E-002 -0.12200000000000000        0.0000000000000000                      +Infinity
 -1.41253754462275401E-002 -0.11799999999999999        0.0000000000000000                      +Infinity
 -1.41253754462275401E-002 -0.11400000000000000        0.0000000000000000                      +Infinity
 -1.41253754462275401E-002 -0.11000000000000000        0.0000000000000000                      +Infinity
 -1.41253754462275401E-002 -0.10600000000000000        0.0000000000000000                      +Infinity
 -1.41253754462275401E-002 -0.10199999999999999        0.0000000000000000                      +Infinity
 -1.41253754462275401E-002 -9.80000000000000038E-002   0.0000000000000000                      +Infinity
 -1.41253754462275401E-002 -9.40000000000000002E-002   0.0000000000000000                      +Infinity
 -1.41253754462275401E-002 -8.99999999999999967E-002   0.0000000000000000                      +Infinity
 -1.41253754462275401E-002 -8.59999999999999931E-002   0.0000000000000000                      +Infinity
 -1.41253754462275401E-002 -8.20000000000000034E-002   0.0000000000000000                      +Infinity
 -1.41253754462275401E-002 -7.79999999999999999E-002   0.0000000000000000                      +Infinity
 -1.41253754462275401E-002 -7.39999999999999963E-002   0.0000000000000000                      +Infinity
 -1.41253754462275401E-002 -7.00000000000000067E-002   0.0000000000000000                      +Infinity
 -1.41253754462275401E-002 -6.60000000000000031E-002   0.0000000000000000                      +Infinity
 -1.41253754462275401E-002 -6.19999999999999996E-002   0.0000000000000000                      +Infinity
 -1.41253754462275401E-002 -5.80000000000000029E-002   0.0000000000000000                      +Infinity
 -1.41253754462275401E-002 -5.39999999999999994E-002   0.0000000000000000                      +Infinity
 -1.41253754462275401E-002 -5.00000000000000028E-002   0.0000000000000000                      +Infinity
 -1.41253754462275401E-002 -4.59999999999999992E-002   0.0000000000000000                      +Infinity
 -1.41253754462275401E-002 -4.20000000000000026E-002   0.0000000000000000                      +Infinity
 -1.41253754462275401E-002 -3.79999999999999991E-002   0.0000000000000000                      +Infinity
 -1.41253754462275401E-002 -3.40000000000000024E-002   0.0000000000000000                      +Infinity
 -1.41253754462275401E-002 -2.99999999999999989E-002   0.0000000000000000                      +Infinity
 -1.41253754462275401E-002 -2.59999999999999988E-002   0.0000000000000000                      +Infinity
 -1.41253754462275401E-002 -2.19999999999999987E-002   0.0000000000000000                      +Infinity
 -1.41253754462275401E-002 -1.79999999999999986E-002   0.0000000000000000                      +Infinity
 -1.41253754462275401E-002 -1.40000000000000003E-002   0.0000000000000000                      +Infinity
 -1.41253754462275401E-002 -1.00000000000000002E-002   0.0000000000000000                      +Infinity
 -1.41253754462275401E-002 -6.00000000000000012E-003   0.0000000000000000                      +Infinity
 -1.41253754462275401E-002 -2.00000000000000004E-003   0.0000000000000000                      +Infinity
 -1.41253754462275401E-002  2.00000000000000004E-003   0.0000000000000000                      +Infinity
 -1.41253754462275401E-002  6.00000000000000012E-003   0.0000000000000000                      +Infinity
 -1.41253754462275401E-002  1.00000000000000002E-002   0.0000000000000000                      +Infinity
 -1.41253754462275401E-002  1.40000000000000003E-002   0.0000000000000000                      +Infinity
 -1.41253754462275401E-002  1.79999999999999986E-002   0.0000000000000000                      +Infinity
 -1.41253754462275401E-002  2.19999999999999987E-002   0.0000000000000000                      +Infinity
 -1.41253754462275401E-002  2.59999999999999988E-002   0.0000000000000000                      +Infinity
 -1.41253754462275401E-002  2.99999999999999989E-002   0.0000000000000000                      +Infinity
 -1.41253754462275401E-002  3.40000000000000024E-002   0.0000000000000000                      +Infinity
 -1.41253754462275401E-002  3.79999999999999991E-002   0.0000000000000000                      +Infinity
 -1.41253754462275401E-002  4.20000000000000026E-002   0.0000000000000000                      +Infinity
 -1.41253754462275401E-002  4.59999999999999992E-002   0.0000000000000000                      +Infinity
 -1.41253754462275401E-002  5.00000000000000028E-002   0.0000000000000000                      +Infinity
 -1.41253754462275401E-002  5.39999999999999994E-002   0.0000000000000000                      +Infinity
 -1.41253754462275401E-002  5.80000000000000029E-002   0.0000000000000000                      +Infinity
 -1.41253754462275401E-002  6.19999999999999996E-002   0.0000000000000000                      +Infinity
 -1.41253754462275401E-002  6.60000000000000031E-002   0.0000000000000000                      +Infinity
 -1.41253754462275401E-002  7.00000000000000067E-002   0.0000000000000000                      +Infinity
 -1.41253754462275401E-002  7.39999999999999963E-002   0.0000000000000000                      +Infinity
 -1.41253754462275401E-002  7.79999999999999999E-002   0.0000000000000000                      +Infinity
 -1.41253754462275401E-002  8.20000000000000034E-002   0.0000000000000000                      +Infinity
 -1.41253754462275401E-002  8.59999999999999931E-002   0.0000000000000000                      +Infinity
 -1.41253754462275401E-002  8.99999999999999967E-002   0.0000000000000000                      +Infinity
 -1.41253754462275401E-002  9.40000000000000002E-002   0.0000000000000000                      +Infinity
 -1.41253754462275401E-002  9.80000000000000038E-002   0.0000000000000000                      +Infinity
 -1.41253754462275401E-002  0.10199999999999999        0.0000000000000000                      +Infinity
 -1.41253754462275401E-002  0.10600000000000000        0.0000000000000000                      +Infinity
 -1.41253754462275401E-002  0.11000000000000000        0.0000000000000000                      +Infinity
 -1.41253754462275401E-002  0.11400000000000000        0.0000000000000000                      +Infinity
 -1.41253754462275401E-002  0.11799999999999999        0.0000000000000000                      +Infinity
 -1.41253754462275401E-002  0.12200000000000000        0.0000000000000000                      +Infinity
 -1.41253754462275401E-002  0.12600000000000000        0.0000000000000000                      +Infinity
 -1.41253754462275401E-002  0.13000000000000000        0.0000000000000000                      +Infinity
 -1.41253754462275401E-002  0.13400000000000001        0.0000000000000000                      +Infinity
 -1.41253754462275401E-002  0.13800000000000001       9.07049999999999907E-008   16.215653354553126
 -1.41253754462275401E-002  0.14199999999999999       1.04279999999999991E-007   16.076186247881111
 -1.41253754462275401E-002  0.14599999999999999       1.31790000000000017E-007   15.842056090290614
 -1.41253754462275401E-002  0.14999999999999999       4.76749999999999978E-007   14.556273592465883
 -1.41253754462275401E-002  0.15400000000000000       1.09665000000000012E-006   13.723250479538976
 -1.41253754462275401E-002  0.15800000000000000       2.03170499999999989E-006   13.106635215952618
 -1.41253754462275401E-002  0.16200000000000001       2.46123500000000016E-006   12.914847301475842
 -1.41253754462275401E-002  0.16600000000000001       2.89564500000000004E-006   12.752302673827627
 -1.41253754462275401E-002  0.17000000000000001       3.51119999999999994E-006   12.559552698572388
 -1.41253754462275401E-002  0.17399999999999999       3.56973999999999972E-006   12.543017793956549
 -1.41253754462275401E-002  0.17799999999999999       4.59468999999999954E-006   12.290609269067938
 -1.41253754462275401E-002  0.18200000000000000       5.14730999999999968E-006   12.177036309847603
 -1.41253754462275401E-002  0.18600000000000000       6.09873500000000049E-006   12.007429185339783
 -1.41253754462275401E-002  0.19000000000000000       8.02886499999999957E-006   11.732467384952157
 -1.41253754462275401E-002  0.19400000000000001       9.56841499999999909E-006   11.557042987950792
 -1.41253754462275401E-002  0.19800000000000001       9.43549500000000104E-006   11.571031916291025
 -1.41253754462275401E-002  0.20200000000000001       1.07681150000000005E-005   11.438921105326955
 -1.41253754462275401E-002  0.20599999999999999       1.12300999999999994E-005   11.396912884534068
 -1.41253754462275401E-002  0.20999999999999999       1.36625100000000008E-005   11.200854972531419
 -1.41253754462275401E-002  0.21400000000000000       1.60614950000000016E-005   11.039085765359685
 -1.41253754462275401E-002  0.21800000000000000       1.47568349999999981E-005   11.123804192679849
 -1.41253754462275401E-002  0.22200000000000000       1.46074399999999995E-005   11.133979570005289
 -1.41253754462275401E-002  0.22600000000000001       1.45914249999999990E-005   11.135076530562211
 -1.41253754462275401E-002  0.23000000000000001       1.82841899999999995E-005   10.909473805949556
 -1.41253754462275401E-002  0.23400000000000001       2.29476199999999983E-005   10.682296330539025
 -1.41253754462275401E-002  0.23799999999999999       2.30706450000000021E-005   10.676949527781924
 -1.41253754462275401E-002  0.24199999999999999       2.46757149999999993E-005   10.609690996367483
 -1.41253754462275401E-002  0.24600000000000000       2.42514249999999980E-005   10.627035179420655
 -1.41253754462275401E-002  0.25000000000000000       2.30224000000000017E-005   10.679042902937258
 -1.41253754462275401E-002  0.25400000000000000       2.37938499999999992E-005   10.646083414040090
 -1.41253754462275401E-002  0.25800000000000001       2.46481599999999995E-005   10.610808305292080
 -1.41253754462275401E-002  0.26200000000000001       2.58882249999999989E-005   10.561722325840424
 -1.41253754462275401E-002  0.26600000000000001       2.59399749999999972E-005   10.559725342838970
 -1.41253754462275401E-002  0.27000000000000002       2.55091599999999968E-005   10.576472954616127
 -1.41253754462275401E-002  0.27400000000000002       2.32858949999999998E-005   10.667662745506743
 -1.41253754462275401E-002  0.27800000000000002       2.51386600000000010E-005   10.591103657734283
 -1.41253754462275401E-002  0.28199999999999997       2.72025349999999982E-005   10.512200390475623
 -1.41253754462275401E-002  0.28599999999999998       2.87634749999999982E-005   10.456404204872239
 -1.41253754462275401E-002  0.28999999999999998       2.81668399999999988E-005   10.477365158442037
 -1.41253754462275401E-002  0.29399999999999998       2.76154699999999980E-005   10.497134435020307
 -1.41253754462275401E-002  0.29799999999999999       2.84263700000000007E-005   10.468193322479438
 -1.41253754462275401E-002  0.30199999999999999       2.78716200000000040E-005   10.487901591141428
 -1.41253754462275401E-002  0.30599999999999999       2.90753250000000010E-005   10.445620681634058
 -1.41253754462275401E-002  0.31000000000000000       2.90438750000000032E-005   10.446702940270436
 -1.41253754462275401E-002  0.31400000000000000       2.99457750000000021E-005   10.416122311801317
 -1.41253754462275401E-002  0.31800000000000000       3.40390999999999974E-005   10.288000694091592
 -1.41253754462275401E-002  0.32200000000000001       3.57756999999999970E-005   10.238241665976638
 -1.41253754462275401E-002  0.32600000000000001       3.67208350000000050E-005   10.212166252819110
 -1.41253754462275401E-002  0.33000000000000002       3.88274349999999960E-005   10.156383473574859
 -1.41253754462275401E-002  0.33400000000000002       3.94391849999999991E-005   10.140750692743552
 -1.41253754462275401E-002  0.33800000000000002       3.86870400000000002E-005   10.160005897735543
 -1.41253754462275401E-002  0.34200000000000003       3.85877800000000021E-005   10.162574911926495
 -1.41253754462275401E-002  0.34599999999999997       3.87748950000000000E-005   10.157737556835706
 -1.41253754462275401E-002  0.34999999999999998       4.05243599999999984E-005   10.113607283187784
 -1.41253754462275401E-002  0.35399999999999998       4.23183299999999998E-005   10.070290232440483
 -1.41253754462275401E-002  0.35799999999999998       5.17599049999999925E-005   9.8688947431674396
 -1.41253754462275401E-002  0.36199999999999999       5.63632750000000012E-005   9.7836927640343827
 -1.41253754462275401E-002  0.36599999999999999       5.97815399999999995E-005   9.7248136403161727
 -1.41253754462275401E-002  0.37000000000000000       6.32788349999999970E-005   9.6679596449145482
 -1.41253754462275401E-002  0.37400000000000000       6.56670899999999995E-005   9.6309126712146682
 -1.41253754462275401E-002  0.37800000000000000       6.90256200000000000E-005   9.5810328179355899
 -1.41253754462275401E-002  0.38200000000000001       7.42200399999999935E-005   9.5084763633936760
 -1.41253754462275401E-002  0.38600000000000001       7.56110699999999964E-005   9.4899078569269744
 -1.41253754462275401E-002  0.39000000000000001       7.33181099999999993E-005   9.5207029127390879
 -1.41253754462275401E-002  0.39400000000000002       7.27441250000000089E-005   9.5285624111873606
 -1.41253754462275401E-002  0.39800000000000002       7.55558399999999952E-005   9.4906385724315445
 -1.41253754462275401E-002  0.40200000000000002       7.55105399999999975E-005   9.4912383088038315
 -1.41253754462275401E-002  0.40600000000000003       7.86229549999999995E-005   9.4508468528208738
 -1.41253754462275401E-002  0.40999999999999998       7.49472849999999988E-005   9.4987255582212100
 -1.41253754462275401E-002  0.41399999999999998       7.86698400000000064E-005   9.4502507034373178
 -1.41253754462275401E-002  0.41799999999999998       8.61720000000000010E-005   9.3591652590480940
 -1.41253754462275401E-002  0.42199999999999999       9.38705699999999932E-005   9.2735936394062612
 -1.41253754462275401E-002  0.42599999999999999       9.80028449999999993E-005   9.2305140491028368
 -1.41253754462275401E-002  0.42999999999999999       1.11662924999999993E-004   9.1000258228313911
 -1.41253754462275401E-002  0.43400000000000000       1.20402174999999996E-004   9.0246729604686671
 -1.41253754462275401E-002  0.43800000000000000       1.27114970000000003E-004   8.9704186054299484
 -1.41253754462275401E-002  0.44200000000000000       1.37944270000000011E-004   8.8886607949523473
 -1.41253754462275401E-002  0.44600000000000001       1.40397144999999994E-004   8.8710354013371528
 -1.41253754462275401E-002  0.45000000000000001       1.51036924999999999E-004   8.7979862146196659
 -1.41253754462275401E-002  0.45400000000000001       1.61547849999999995E-004   8.7307091743555247
 -1.41253754462275401E-002  0.45800000000000002       1.83217040000000007E-004   8.6048390969492576
 -1.41253754462275401E-002  0.46200000000000002       1.94422484999999990E-004   8.5454770090462056
 -1.41253754462275401E-002  0.46600000000000003       2.06927059999999983E-004   8.4831441939445558
 -1.41253754462275401E-002  0.46999999999999997       2.06580535000000021E-004   8.4848202215934201
 -1.41253754462275401E-002  0.47399999999999998       2.19032705000000001E-004   8.4262895013980241
 -1.41253754462275401E-002  0.47799999999999998       2.27208895000000012E-004   8.3896407213554713
 -1.41253754462275401E-002  0.48199999999999998       2.51537100000000008E-004   8.2879200643931981
 -1.41253754462275401E-002  0.48599999999999999       2.74710819999999980E-004   8.1997915772150147
 -1.41253754462275401E-002  0.48999999999999999       2.86586155000000001E-004   8.1574713514830464
 -1.41253754462275401E-002  0.49399999999999999       3.04299415000000031E-004   8.0974984235081529
 -1.41253754462275401E-002  0.49800000000000000       3.22924459999999992E-004   8.0380921320625038
 -1.41253754462275401E-002  0.50200000000000000       3.36315469999999973E-004   7.9974609396813383
 -1.41253754462275401E-002  0.50600000000000001       3.57064904999999998E-004   7.9375929859867851
 -1.41253754462275401E-002  0.51000000000000001       3.88939030000000027E-004   7.8520879618485848
 -1.41253754462275401E-002  0.51400000000000001       4.34864425000000066E-004   7.7404762421204056
 -1.41253754462275401E-002  0.51800000000000002       4.80167490000000033E-004   7.6413755774268690
 -1.41253754462275401E-002  0.52200000000000002       5.37237990000000035E-004   7.5290693772750492
 -1.41253754462275401E-002  0.52600000000000002       5.94250985000000019E-004   7.4282087941738091
 -1.41253754462275401E-002  0.53000000000000003       6.58807189999999969E-004   7.3250796459377083
 -1.41253754462275401E-002  0.53400000000000003       7.42918955000000051E-004   7.2049235972578707
 -1.41253754462275401E-002  0.53800000000000003       8.12001079999999918E-004   7.1160088877542194
 -1.41253754462275401E-002  0.54200000000000004       8.95148460000000021E-004   7.0185209763505307
 -1.41253754462275401E-002  0.54600000000000004       9.89392580000000030E-004   6.9184193586934306
 -1.41253754462275401E-002  0.55000000000000004       1.07367260000000011E-003   6.8366701710823659
 -1.41253754462275401E-002  0.55400000000000005       1.18949870000000001E-003   6.7342233211180336
 -1.41253754462275401E-002  0.55800000000000005       1.29628612999999992E-003   6.6482519260992339
 -1.41253754462275401E-002  0.56200000000000006       1.44435510500000005E-003   6.5400923511542493
 -1.41253754462275401E-002  0.56599999999999995       1.60488391999999988E-003   6.4347038490032027
 -1.41253754462275401E-002  0.56999999999999995       1.75654437500000009E-003   6.3444068232697903
 -1.41253754462275401E-002  0.57399999999999995       1.94369137999999999E-003   6.2431663406908546
 -1.41253754462275401E-002  0.57799999999999996       2.12432384500000010E-003   6.1543017178273587
 -1.41253754462275401E-002  0.58199999999999996       2.36092222499999964E-003   6.0487029629715368
 -1.41253754462275401E-002  0.58599999999999997       2.59509682000000005E-003   5.9541314528483475
 -1.41253754462275401E-002  0.58999999999999997       2.94068153499999971E-003   5.8291139098705553
 -1.41253754462275401E-002  0.59399999999999997       3.28784024500000010E-003   5.7175243902557087
 -1.41253754462275401E-002  0.59799999999999998       3.68388455500000007E-003   5.6037874979421929
 -1.41253754462275401E-002  0.60199999999999998       4.16926871000000004E-003   5.4800146278549775
 -1.41253754462275401E-002  0.60599999999999998       4.66292276499999988E-003   5.3681128246643475
 -1.41253754462275401E-002  0.60999999999999999       5.20338899500000056E-003   5.2584451358707049
 -1.41253754462275401E-002  0.61399999999999999       5.84688007499999975E-003   5.1418470805171621
 -1.41253754462275401E-002  0.61799999999999999       6.59497289499999962E-003   5.0214476027530717
 -1.41253754462275401E-002  0.62200000000000000       7.40458402000000043E-003   4.9056560083973366
 -1.41253754462275401E-002  0.62600000000000000       8.34724950999999986E-003   4.7858231943834699
 -1.41253754462275401E-002  0.63000000000000000       9.48374696499999954E-003   4.6581757913331296
 -1.41253754462275401E-002  0.63400000000000001       1.06659154900000004E-002   4.5407020901428226
 -1.41253754462275401E-002  0.63800000000000001       1.20328089099999997E-002   4.4201182841475122
 -1.41253754462275401E-002  0.64200000000000002       1.34751119100000004E-002   4.3069108572122863
 -1.41253754462275401E-002  0.64600000000000002       1.51927531899999999E-002   4.1869367286337003
 -1.41253754462275401E-002  0.65000000000000002       1.71301961549999993E-002   4.0669125157484478
 -1.41253754462275401E-002  0.65400000000000003       1.92504550650000016E-002   3.9502205787874982
 -1.41253754462275401E-002  0.65800000000000003       2.15094078800000012E-002   3.8392648637429443
 -1.41253754462275401E-002  0.66200000000000003       2.39044092650000026E-002   3.7336923489851905
 -1.41253754462275401E-002  0.66600000000000004       2.64796888400000013E-002   3.6313772987376574
 -1.41253754462275401E-002  0.67000000000000004       2.92690153150000007E-002   3.5312258202859779
 -1.41253754462275401E-002  0.67400000000000004       3.21187772249999989E-002   3.4383144595883670
 -1.41253754462275401E-002  0.67800000000000005       3.49769786150000012E-002   3.3530651877648383
 -1.41253754462275401E-002  0.68200000000000005       3.77730499200000028E-002   3.2761593957164314
 -1.41253754462275401E-002  0.68600000000000005       4.05440166149999975E-002   3.2053670650417958
 -1.41253754462275401E-002  0.68999999999999995       4.30447286400000018E-002   3.1455155029924500
 -1.41253754462275401E-002  0.69399999999999995       4.51977656149999962E-002   3.0967076266622775
 -1.41253754462275401E-002  0.69799999999999995       4.69311497250000029E-002   3.0590736507543994
 -1.41253754462275401E-002  0.70199999999999996       4.78657730949999943E-002   3.0393545791421261
 -1.41253754462275401E-002  0.70599999999999996       4.81395884249999975E-002   3.0336503962067582
 -1.41253754462275401E-002  0.70999999999999996       4.75628800450000055E-002   3.0457026529585156
 -1.41253754462275401E-002  0.71399999999999997       4.58328407399999985E-002   3.0827543980922845
 -1.41253754462275401E-002  0.71799999999999997       4.34361080150000023E-002   3.1364642018684421
 -1.41253754462275401E-002  0.72199999999999998       3.99708724199999976E-002   3.2196042796269548
 -1.41253754462275401E-002  0.72599999999999998       3.58599631199999977E-002   3.3281338392496278
 -1.41253754462275401E-002  0.72999999999999998       3.11486183400000033E-002   3.4689853897885690
 -1.41253754462275401E-002  0.73399999999999999       2.61677392950000025E-002   3.6432279515364345
 -1.41253754462275401E-002  0.73799999999999999       2.12115727900000009E-002   3.8532083599251519
 -1.41253754462275401E-002  0.74199999999999999       1.65095362200000026E-002   4.1038171122986835
 -1.41253754462275401E-002  0.74600000000000000       1.22520507649999996E-002   4.4020619466150341
 -1.41253754462275401E-002  0.75000000000000000       8.64704263499999938E-003   4.7505379084042261
 -1.41253754462275401E-002  0.75400000000000000       5.77786468500000004E-003   5.1537210962154383
 -1.41253754462275401E-002  0.75800000000000001       3.62000007500000009E-003   5.6212812324262256
 -1.41253754462275401E-002  0.76200000000000001       2.09485424500000005E-003   6.1682713008206980
 -1.41253754462275401E-002  0.76600000000000001       1.13448254000000004E-003   6.7815786439024706
 -1.41253754462275401E-002  0.77000000000000002       5.58351500000000070E-004   7.4905218655891108
 -1.41253754462275401E-002  0.77400000000000002       2.51792095000000031E-004   8.2869068308102918
 -1.41253754462275401E-002  0.77800000000000002       1.05394269999999993E-004   9.1578022876611822
 -1.41253754462275401E-002  0.78200000000000003       3.89956800000000020E-005   10.152059687200762
 -1.41253754462275401E-002  0.78600000000000003       1.38806700000000004E-005   11.185013333157245
 -1.41253754462275401E-002  0.79000000000000004       4.38688500000000010E-006   12.336891149937324
 -1.41253754462275401E-002  0.79400000000000004       1.07777499999999982E-006   13.740611827114066
 -1.41253754462275401E-002  0.79800000000000004       4.06760000000000024E-007   14.715042506023474
 -1.41253754462275401E-002  0.80200000000000005       3.71999999999999956E-008   17.106957075667310
 -1.41253754462275401E-002  0.80600000000000005        0.0000000000000000                      +Infinity
 -1.41253754462275401E-002  0.81000000000000005        0.0000000000000000                      +Infinity
 -1.41253754462275401E-002  0.81399999999999995        0.0000000000000000                      +Infinity
 -1.41253754462275401E-002  0.81799999999999995        0.0000000000000000                      +Infinity
 -1.41253754462275401E-002  0.82199999999999995        0.0000000000000000                      +Infinity
 -1.41253754462275401E-002  0.82599999999999996        0.0000000000000000                      +Infinity
 -1.41253754462275401E-002  0.82999999999999996        0.0000000000000000                      +Infinity
 -1.41253754462275401E-002  0.83399999999999996        0.0000000000000000                      +Infinity
 -1.41253754462275401E-002  0.83799999999999997        0.0000000000000000                      +Infinity
 -1.41253754462275401E-002  0.84199999999999997        0.0000000000000000                      +Infinity
 -1.41253754462275401E-002  0.84599999999999997        0.0000000000000000                      +Infinity
 -1.41253754462275401E-002  0.84999999999999998        0.0000000000000000                      +Infinity
 -1.41253754462275401E-002  0.85399999999999998        0.0000000000000000                      +Infinity
 -1.41253754462275401E-002  0.85799999999999998        0.0000000000000000                      +Infinity
 -1.41253754462275401E-002  0.86199999999999999        0.0000000000000000                      +Infinity
 -1.41253754462275401E-002  0.86599999999999999        0.0000000000000000                      +Infinity
 -1.41253754462275401E-002  0.87000000000000000        0.0000000000000000                      +Infinity
 -1.41253754462275401E-002  0.87400000000000000        0.0000000000000000                      +Infinity
 -1.41253754462275401E-002  0.87800000000000000        0.0000000000000000                      +Infinity
 -1.41253754462275401E-002  0.88200000000000001        0.0000000000000000                      +Infinity
 -1.41253754462275401E-002  0.88600000000000001        0.0000000000000000                      +Infinity
 -1.41253754462275401E-002  0.89000000000000001        0.0000000000000000                      +Infinity
 -1.41253754462275401E-002  0.89400000000000002        0.0000000000000000                      +Infinity
 -1.41253754462275401E-002  0.89800000000000002        0.0000000000000000                      +Infinity
 -1.41253754462275401E-002  0.90200000000000002        0.0000000000000000                      +Infinity
 -1.41253754462275401E-002  0.90600000000000003        0.0000000000000000                      +Infinity
 -1.41253754462275401E-002  0.91000000000000003        0.0000000000000000                      +Infinity
 -1.41253754462275401E-002  0.91400000000000003        0.0000000000000000                      +Infinity
 -1.41253754462275401E-002  0.91800000000000004        0.0000000000000000                      +Infinity
 -1.41253754462275401E-002  0.92200000000000004        0.0000000000000000                      +Infinity
 -1.41253754462275401E-002  0.92600000000000005        0.0000000000000000                      +Infinity
 -1.41253754462275401E-002  0.93000000000000005        0.0000000000000000                      +Infinity
 -1.41253754462275401E-002  0.93400000000000005        0.0000000000000000                      +Infinity
 -1.41253754462275401E-002  0.93799999999999994        0.0000000000000000                      +Infinity
 -1.41253754462275401E-002  0.94199999999999995        0.0000000000000000                      +Infinity
 -1.41253754462275401E-002  0.94599999999999995        0.0000000000000000                      +Infinity
 -1.41253754462275401E-002  0.94999999999999996        0.0000000000000000                      +Infinity
 -1.41253754462275401E-002  0.95399999999999996        0.0000000000000000                      +Infinity
 -1.41253754462275401E-002  0.95799999999999996        0.0000000000000000                      +Infinity
 -1.41253754462275401E-002  0.96199999999999997        0.0000000000000000                      +Infinity
 -1.41253754462275401E-002  0.96599999999999997        0.0000000000000000                      +Infinity
 -1.41253754462275401E-002  0.96999999999999997        0.0000000000000000                      +Infinity
 -1.41253754462275401E-002  0.97399999999999998        0.0000000000000000                      +Infinity
 -1.41253754462275401E-002  0.97799999999999998        0.0000000000000000                      +Infinity
 -1.41253754462275401E-002  0.98199999999999998        0.0000000000000000                      +Infinity
 -1.41253754462275401E-002  0.98599999999999999        0.0000000000000000                      +Infinity
 -1.41253754462275401E-002  0.98999999999999999        0.0000000000000000                      +Infinity
 -1.41253754462275401E-002  0.99399999999999999        0.0000000000000000                      +Infinity
 -1.41253754462275401E-002  0.99800000000000000        0.0000000000000000                      +Infinity
