 -3.98107170553497342E-003 -0.99800000000000000        0.0000000000000000                      +Infinity
 -3.98107170553497342E-003 -0.99399999999999999        0.0000000000000000                      +Infinity
 -3.98107170553497342E-003 -0.98999999999999999        0.0000000000000000                      +Infinity
 -3.98107170553497342E-003 -0.98599999999999999        0.0000000000000000                      +Infinity
 -3.98107170553497342E-003 -0.98199999999999998        0.0000000000000000                      +Infinity
 -3.98107170553497342E-003 -0.97799999999999998        0.0000000000000000                      +Infinity
 -3.98107170553497342E-003 -0.97399999999999998        0.0000000000000000                      +Infinity
 -3.98107170553497342E-003 -0.96999999999999997        0.0000000000000000                      +Infinity
 -3.98107170553497342E-003 -0.96599999999999997        0.0000000000000000                      +Infinity
 -3.98107170553497342E-003 -0.96199999999999997        0.0000000000000000                      +Infinity
 -3.98107170553497342E-003 -0.95799999999999996        0.0000000000000000                      +Infinity
 -3.98107170553497342E-003 -0.95399999999999996        0.0000000000000000                      +Infinity
 -3.98107170553497342E-003 -0.94999999999999996        0.0000000000000000                      +Infinity
 -3.98107170553497342E-003 -0.94599999999999995        0.0000000000000000                      +Infinity
 -3.98107170553497342E-003 -0.94199999999999995        0.0000000000000000                      +Infinity
 -3.98107170553497342E-003 -0.93799999999999994        0.0000000000000000                      +Infinity
 -3.98107170553497342E-003 -0.93400000000000005        0.0000000000000000                      +Infinity
 -3.98107170553497342E-003 -0.93000000000000005        0.0000000000000000                      +Infinity
 -3.98107170553497342E-003 -0.92600000000000005        0.0000000000000000                      +Infinity
 -3.98107170553497342E-003 -0.92200000000000004        0.0000000000000000                      +Infinity
 -3.98107170553497342E-003 -0.91800000000000004        0.0000000000000000                      +Infinity
 -3.98107170553497342E-003 -0.91400000000000003        0.0000000000000000                      +Infinity
 -3.98107170553497342E-003 -0.91000000000000003        0.0000000000000000                      +Infinity
 -3.98107170553497342E-003 -0.90600000000000003        0.0000000000000000                      +Infinity
 -3.98107170553497342E-003 -0.90200000000000002        0.0000000000000000                      +Infinity
 -3.98107170553497342E-003 -0.89800000000000002        0.0000000000000000                      +Infinity
 -3.98107170553497342E-003 -0.89400000000000002        0.0000000000000000                      +Infinity
 -3.98107170553497342E-003 -0.89000000000000001        0.0000000000000000                      +Infinity
 -3.98107170553497342E-003 -0.88600000000000001        0.0000000000000000                      +Infinity
 -3.98107170553497342E-003 -0.88200000000000001        0.0000000000000000                      +Infinity
 -3.98107170553497342E-003 -0.87800000000000000        0.0000000000000000                      +Infinity
 -3.98107170553497342E-003 -0.87400000000000000        0.0000000000000000                      +Infinity
 -3.98107170553497342E-003 -0.87000000000000000        0.0000000000000000                      +Infinity
 -3.98107170553497342E-003 -0.86599999999999999        0.0000000000000000                      +Infinity
 -3.98107170553497342E-003 -0.86199999999999999        0.0000000000000000                      +Infinity
 -3.98107170553497342E-003 -0.85799999999999998        0.0000000000000000                      +Infinity
 -3.98107170553497342E-003 -0.85399999999999998        0.0000000000000000                      +Infinity
 -3.98107170553497342E-003 -0.84999999999999998        0.0000000000000000                      +Infinity
 -3.98107170553497342E-003 -0.84599999999999997        0.0000000000000000                      +Infinity
 -3.98107170553497342E-003 -0.84199999999999997        0.0000000000000000                      +Infinity
 -3.98107170553497342E-003 -0.83799999999999997        0.0000000000000000                      +Infinity
 -3.98107170553497342E-003 -0.83399999999999996        0.0000000000000000                      +Infinity
 -3.98107170553497342E-003 -0.82999999999999996        0.0000000000000000                      +Infinity
 -3.98107170553497342E-003 -0.82599999999999996        0.0000000000000000                      +Infinity
 -3.98107170553497342E-003 -0.82199999999999995        0.0000000000000000                      +Infinity
 -3.98107170553497342E-003 -0.81799999999999995        0.0000000000000000                      +Infinity
 -3.98107170553497342E-003 -0.81399999999999995        0.0000000000000000                      +Infinity
 -3.98107170553497342E-003 -0.81000000000000005        0.0000000000000000                      +Infinity
 -3.98107170553497342E-003 -0.80600000000000005        0.0000000000000000                      +Infinity
 -3.98107170553497342E-003 -0.80200000000000005        0.0000000000000000                      +Infinity
 -3.98107170553497342E-003 -0.79800000000000004        0.0000000000000000                      +Infinity
 -3.98107170553497342E-003 -0.79400000000000004        0.0000000000000000                      +Infinity
 -3.98107170553497342E-003 -0.79000000000000004        0.0000000000000000                      +Infinity
 -3.98107170553497342E-003 -0.78600000000000003        0.0000000000000000                      +Infinity
 -3.98107170553497342E-003 -0.78200000000000003        0.0000000000000000                      +Infinity
 -3.98107170553497342E-003 -0.77800000000000002        0.0000000000000000                      +Infinity
 -3.98107170553497342E-003 -0.77400000000000002        0.0000000000000000                      +Infinity
 -3.98107170553497342E-003 -0.77000000000000002        0.0000000000000000                      +Infinity
 -3.98107170553497342E-003 -0.76600000000000001        0.0000000000000000                      +Infinity
 -3.98107170553497342E-003 -0.76200000000000001        0.0000000000000000                      +Infinity
 -3.98107170553497342E-003 -0.75800000000000001        0.0000000000000000                      +Infinity
 -3.98107170553497342E-003 -0.75400000000000000       5.02300000000000005E-008   16.806653379184457
 -3.98107170553497342E-003 -0.75000000000000000       4.78180000000000011E-007   14.553278606301623
 -3.98107170553497342E-003 -0.74600000000000000       1.95724999999999977E-006   13.143970131158389
 -3.98107170553497342E-003 -0.74199999999999999       5.70721500000000038E-006   12.073779394086197
 -3.98107170553497342E-003 -0.73799999999999999       1.21773150000000005E-005   11.315935763333483
 -3.98107170553497342E-003 -0.73399999999999999       3.18168700000000015E-005   10.355513905700535
 -3.98107170553497342E-003 -0.72999999999999998       6.37170050000000071E-005   9.6610590765380646
 -3.98107170553497342E-003 -0.72599999999999998       1.12821060000000000E-004   9.0897075341993290
 -3.98107170553497342E-003 -0.72199999999999998       1.93258034999999994E-004   8.5514842930946013
 -3.98107170553497342E-003 -0.71799999999999997       3.09784950000000013E-004   8.0796322108903968
 -3.98107170553497342E-003 -0.71399999999999997       4.58894975000000008E-004   7.6866891867214999
 -3.98107170553497342E-003 -0.70999999999999996       6.95753309999999972E-004   7.2705154001136076
 -3.98107170553497342E-003 -0.70599999999999996       9.77899685000000038E-004   6.9301034647649224
 -3.98107170553497342E-003 -0.70199999999999996       1.32218663000000002E-003   6.6284683750505771
 -3.98107170553497342E-003 -0.69799999999999995       1.71872465000000004E-003   6.3661727457490702
 -3.98107170553497342E-003 -0.69399999999999995       2.20145681999999983E-003   6.1186359468604348
 -3.98107170553497342E-003 -0.68999999999999995       2.75539493500000015E-003   5.8941944945640738
 -3.98107170553497342E-003 -0.68600000000000005       3.39421571000000010E-003   5.6856825579139363
 -3.98107170553497342E-003 -0.68200000000000005       4.09827451499999995E-003   5.4971892438540904
 -3.98107170553497342E-003 -0.67800000000000005       4.82554394000000043E-003   5.3338318168663950
 -3.98107170553497342E-003 -0.67400000000000004       5.56375047499999952E-003   5.1914828522601404
 -3.98107170553497342E-003 -0.67000000000000004       6.36274569500000064E-003   5.0572952817410588
 -3.98107170553497342E-003 -0.66600000000000004       7.10222464999999900E-003   4.9473472130268537
 -3.98107170553497342E-003 -0.66200000000000003       7.90329385500000009E-003   4.8404756627351340
 -3.98107170553497342E-003 -0.65800000000000003       8.66694552999999930E-003   4.7482388536079574
 -3.98107170553497342E-003 -0.65400000000000003       9.42446944499999995E-003   4.6644458395402264
 -3.98107170553497342E-003 -0.65000000000000002       1.00951735099999995E-002   4.5956978396483521
 -3.98107170553497342E-003 -0.64600000000000002       1.07141928049999998E-002   4.5361859860720708
 -3.98107170553497342E-003 -0.64200000000000002       1.12917577450000004E-002   4.4836822225050517
 -3.98107170553497342E-003 -0.63800000000000001       1.17187085800000007E-002   4.4465686903243657
 -3.98107170553497342E-003 -0.63400000000000001       1.21040675250000014E-002   4.4142137237773404
 -3.98107170553497342E-003 -0.63000000000000000       1.24997610300000006E-002   4.3820457524566256
 -3.98107170553497342E-003 -0.62600000000000000       1.27540539950000004E-002   4.3619060975242379
 -3.98107170553497342E-003 -0.62200000000000000       1.28785628699999988E-002   4.3521911429474134
 -3.98107170553497342E-003 -0.61799999999999999       1.29814353549999994E-002   4.3442349917706302
 -3.98107170553497342E-003 -0.61399999999999999       1.30058883949999999E-002   4.3423530706115141
 -3.98107170553497342E-003 -0.60999999999999999       1.29833741749999995E-002   4.3440856496388225
 -3.98107170553497342E-003 -0.60599999999999998       1.28745666050000020E-002   4.3525014947464795
 -3.98107170553497342E-003 -0.60199999999999998       1.27842527450000003E-002   4.3595411197375054
 -3.98107170553497342E-003 -0.59799999999999998       1.26589215849999999E-002   4.3693930487537722
 -3.98107170553497342E-003 -0.59399999999999997       1.25137184999999998E-002   4.3809297564647949
 -3.98107170553497342E-003 -0.58999999999999997       1.22969293400000002E-002   4.3984056949252750
 -3.98107170553497342E-003 -0.58599999999999997       1.20368064949999999E-002   4.4197861155632214
 -3.98107170553497342E-003 -0.58199999999999996       1.17991929450000001E-002   4.4397241443410529
 -3.98107170553497342E-003 -0.57799999999999996       1.15778144650000008E-002   4.4586645582421145
 -3.98107170553497342E-003 -0.57399999999999995       1.13127991649999999E-002   4.4818205247809075
 -3.98107170553497342E-003 -0.56999999999999995       1.10365092250000012E-002   4.5065464815205383
 -3.98107170553497342E-003 -0.56599999999999995       1.07578679199999989E-002   4.5321178925814305
 -3.98107170553497342E-003 -0.56200000000000006       1.04789954050000002E-002   4.5583824629854686
 -3.98107170553497342E-003 -0.55800000000000005       1.01476072049999991E-002   4.5905173446359262
 -3.98107170553497342E-003 -0.55400000000000005       9.74785190500000037E-003   4.6307083356817298
 -3.98107170553497342E-003 -0.55000000000000004       9.43223850000000051E-003   4.6636218298072176
 -3.98107170553497342E-003 -0.54600000000000004       9.12951690000000059E-003   4.6962424992472975
 -3.98107170553497342E-003 -0.54200000000000004       8.86242775500000086E-003   4.7259345389201632
 -3.98107170553497342E-003 -0.53800000000000003       8.54499667999999990E-003   4.7624093509459628
 -3.98107170553497342E-003 -0.53400000000000003       8.26547233999999978E-003   4.7956683999168286
 -3.98107170553497342E-003 -0.53000000000000003       7.99813951000000016E-003   4.8285463255988619
 -3.98107170553497342E-003 -0.52600000000000002       7.75844795500000000E-003   4.8589729705898055
 -3.98107170553497342E-003 -0.52200000000000002       7.45999601999999991E-003   4.8982003982786742
 -3.98107170553497342E-003 -0.51800000000000002       7.16678273999999966E-003   4.9382984363687186
 -3.98107170553497342E-003 -0.51400000000000001       6.88172530500000008E-003   4.9788858873991142
 -3.98107170553497342E-003 -0.51000000000000001       6.60832261500000039E-003   5.0194254220726426
 -3.98107170553497342E-003 -0.50600000000000001       6.39610043500000048E-003   5.0520667813507272
 -3.98107170553497342E-003 -0.50200000000000000       6.18305981000000053E-003   5.0859420151547399
 -3.98107170553497342E-003 -0.49800000000000000       5.92469990999999925E-003   5.1286252413448663
 -3.98107170553497342E-003 -0.49399999999999999       5.69807250999999990E-003   5.1676273174696634
 -3.98107170553497342E-003 -0.48999999999999999       5.49392471999999958E-003   5.2041123936235358
 -3.98107170553497342E-003 -0.48599999999999999       5.28472209999999998E-003   5.2429352438239158
 -3.98107170553497342E-003 -0.48199999999999998       5.12873751000000010E-003   5.2728957495020943
 -3.98107170553497342E-003 -0.47799999999999998       4.96975520499999979E-003   5.3043846946138071
 -3.98107170553497342E-003 -0.47399999999999998       4.77918066000000002E-003   5.3434861572129932
 -3.98107170553497342E-003 -0.46999999999999997       4.59360422499999980E-003   5.3830903288399732
 -3.98107170553497342E-003 -0.46600000000000003       4.42950508999999989E-003   5.4194674189989520
 -3.98107170553497342E-003 -0.46200000000000002       4.30252972500000039E-003   5.4485521211284764
 -3.98107170553497342E-003 -0.45800000000000002       4.15314272000000002E-003   5.4838899494050999
 -3.98107170553497342E-003 -0.45400000000000001       3.99532933000000014E-003   5.5226292676170914
 -3.98107170553497342E-003 -0.45000000000000001       3.82868457000000006E-003   5.5652339890916158
 -3.98107170553497342E-003 -0.44600000000000001       3.66653844499999996E-003   5.6085072650087797
 -3.98107170553497342E-003 -0.44200000000000000       3.55337749999999966E-003   5.6398567193462688
 -3.98107170553497342E-003 -0.43800000000000000       3.42435948499999988E-003   5.6768408364356446
 -3.98107170553497342E-003 -0.43400000000000000       3.34586422999999999E-003   5.7000302540488947
 -3.98107170553497342E-003 -0.42999999999999999       3.23432702999999983E-003   5.7339344004907726
 -3.98107170553497342E-003 -0.42599999999999999       3.14808094999999982E-003   5.7609622340180815
 -3.98107170553497342E-003 -0.42199999999999999       3.07162835500000017E-003   5.7855474492052670
 -3.98107170553497342E-003 -0.41799999999999998       2.98351922499999998E-003   5.8146517272488074
 -3.98107170553497342E-003 -0.41399999999999998       2.84777579000000019E-003   5.8612170139527642
 -3.98107170553497342E-003 -0.40999999999999998       2.75453022499999979E-003   5.8945083681583563
 -3.98107170553497342E-003 -0.40600000000000003       2.68121811999999992E-003   5.9214840653353233
 -3.98107170553497342E-003 -0.40200000000000002       2.61230068999999997E-003   5.9475239555105981
 -3.98107170553497342E-003 -0.39800000000000002       2.56798642000000002E-003   5.9646331813303988
 -3.98107170553497342E-003 -0.39400000000000002       2.48551665000000012E-003   5.9972747335986343
 -3.98107170553497342E-003 -0.39000000000000001       2.37587390000000001E-003   6.0423899512807004
 -3.98107170553497342E-003 -0.38600000000000001       2.25521444000000015E-003   6.0945102152050898
 -3.98107170553497342E-003 -0.38200000000000001       2.18761472499999976E-003   6.1249434953934472
 -3.98107170553497342E-003 -0.37800000000000000       2.10220579000000010E-003   6.1647681093213684
 -3.98107170553497342E-003 -0.37400000000000000       2.00519509000000005E-003   6.2120139212114767
 -3.98107170553497342E-003 -0.37000000000000000       1.95433331499999998E-003   6.2377061590490319
 -3.98107170553497342E-003 -0.36599999999999999       1.91084006000000000E-003   6.2602123116274102
 -3.98107170553497342E-003 -0.36199999999999999       1.84030217000000001E-003   6.2978254980182484
 -3.98107170553497342E-003 -0.35799999999999998       1.76785587000000003E-003   6.3379878395829552
 -3.98107170553497342E-003 -0.35399999999999998       1.71482492999999996E-003   6.3684442852075716
 -3.98107170553497342E-003 -0.34999999999999998       1.64812664999999998E-003   6.4081159997195680
 -3.98107170553497342E-003 -0.34599999999999997       1.58083907499999982E-003   6.4497995127792045
 -3.98107170553497342E-003 -0.34200000000000003       1.55170800999999991E-003   6.4683990128078603
 -3.98107170553497342E-003 -0.33800000000000002       1.53007828499999998E-003   6.4824363782200951
 -3.98107170553497342E-003 -0.33400000000000002       1.47829573000000003E-003   6.5168653885143542
 -3.98107170553497342E-003 -0.33000000000000002       1.43420148499999998E-003   6.5471470410958919
 -3.98107170553497342E-003 -0.32600000000000001       1.40164435499999995E-003   6.5701091923068429
 -3.98107170553497342E-003 -0.32200000000000001       1.36228868999999997E-003   6.5985891333628155
 -3.98107170553497342E-003 -0.31800000000000000       1.30770534499999986E-003   6.6394813227312728
 -3.98107170553497342E-003 -0.31400000000000000       1.25243520999999990E-003   6.6826654548861359
 -3.98107170553497342E-003 -0.31000000000000000       1.21280777999999991E-003   6.7148171281890905
 -3.98107170553497342E-003 -0.30599999999999999       1.18319048000000001E-003   6.7395406925770649
 -3.98107170553497342E-003 -0.30199999999999999       1.14555231500000003E-003   6.7718683871004721
 -3.98107170553497342E-003 -0.29799999999999999       1.11930050500000009E-003   6.7950513378943125
 -3.98107170553497342E-003 -0.29399999999999998       1.09070611999999983E-003   6.8209299759698627
 -3.98107170553497342E-003 -0.28999999999999998       1.06964060499999992E-003   6.8404325701072812
 -3.98107170553497342E-003 -0.28599999999999998       1.05852996000000018E-003   6.8508741635858481
 -3.98107170553497342E-003 -0.28199999999999997       1.04504104500000006E-003   6.8636991168247423
 -3.98107170553497342E-003 -0.27800000000000002       1.01067339500000007E-003   6.8971384425703812
 -3.98107170553497342E-003 -0.27400000000000002       9.98613415000000051E-004   6.9091428261806680
 -3.98107170553497342E-003 -0.27000000000000002       9.65547044999999905E-004   6.9428157312341012
 -3.98107170553497342E-003 -0.26600000000000001       9.42417184999999992E-004   6.9670625098766772
 -3.98107170553497342E-003 -0.26200000000000001       9.24400760000000025E-004   6.9863648574094750
 -3.98107170553497342E-003 -0.25800000000000001       9.06321815000000076E-004   7.0061161107971097
 -3.98107170553497342E-003 -0.25400000000000000       9.02764939999999949E-004   7.0100483485113569
 -3.98107170553497342E-003 -0.25000000000000000       8.90496280000000026E-004   7.0237316326716943
 -3.98107170553497342E-003 -0.24600000000000000       8.76537994999999968E-004   7.0395305059971554
 -3.98107170553497342E-003 -0.24199999999999999       8.56604180000000107E-004   7.0625346130377302
 -3.98107170553497342E-003 -0.23799999999999999       8.37771790000000054E-004   7.0847648215388874
 -3.98107170553497342E-003 -0.23400000000000001       8.14194344999999995E-004   7.1133114673874598
 -3.98107170553497342E-003 -0.23000000000000001       7.98433255000000042E-004   7.1328591817803346
 -3.98107170553497342E-003 -0.22600000000000001       7.92426740000000017E-004   7.1404104981262089
 -3.98107170553497342E-003 -0.22200000000000000       7.77529299999999996E-004   7.1593892297334829
 -3.98107170553497342E-003 -0.21800000000000000       7.61896480000000004E-004   7.1796998645248573
 -3.98107170553497342E-003 -0.21400000000000000       7.68442655000000025E-004   7.1711446171582072
 -3.98107170553497342E-003 -0.20999999999999999       7.47303305000000025E-004   7.1990394244498255
 -3.98107170553497342E-003 -0.20599999999999999       7.24624625000000098E-004   7.2298567958135678
 -3.98107170553497342E-003 -0.20200000000000001       7.15788159999999982E-004   7.2421263007023731
 -3.98107170553497342E-003 -0.19800000000000001       7.02575500000000050E-004   7.2607576892216068
 -3.98107170553497342E-003 -0.19400000000000001       6.87440304999999965E-004   7.2825355612843206
 -3.98107170553497342E-003 -0.19000000000000000       6.66087320000000017E-004   7.3140897849070843
 -3.98107170553497342E-003 -0.18600000000000000       6.34399039999999957E-004   7.3628324008856385
 -3.98107170553497342E-003 -0.18200000000000000       6.15717819999999976E-004   7.3927217837990575
 -3.98107170553497342E-003 -0.17799999999999999       5.87436025000000000E-004   7.4397432114923214
 -3.98107170553497342E-003 -0.17399999999999999       5.82589405000000010E-004   7.4480278993234919
 -3.98107170553497342E-003 -0.17000000000000001       5.84447004999999963E-004   7.4448444483996283
 -3.98107170553497342E-003 -0.16600000000000001       5.84701915000000001E-004   7.4444083876041578
 -3.98107170553497342E-003 -0.16200000000000001       5.68682164999999924E-004   7.4721888651420558
 -3.98107170553497342E-003 -0.15800000000000000       5.53313815000000043E-004   7.4995852400003260
 -3.98107170553497342E-003 -0.15400000000000000       5.49845124999999912E-004   7.5058739103010126
 -3.98107170553497342E-003 -0.14999999999999999       5.34478725000000045E-004   7.5342186318460804
 -3.98107170553497342E-003 -0.14599999999999999       5.32379155000000065E-004   7.5381546251023739
 -3.98107170553497342E-003 -0.14199999999999999       5.45400334999999992E-004   7.5139904733248848
 -3.98107170553497342E-003 -0.13800000000000001       5.61283729999999996E-004   7.4852840227180764
 -3.98107170553497342E-003 -0.13400000000000001       5.45811585000000044E-004   7.5132367241915903
 -3.98107170553497342E-003 -0.13000000000000000       5.34435714999999950E-004   7.5342991060139166
 -3.98107170553497342E-003 -0.12600000000000000       5.27623845000000052E-004   7.5471269429187338
 -3.98107170553497342E-003 -0.12200000000000000       5.25392099999999994E-004   7.5513657169888022
 -3.98107170553497342E-003 -0.11799999999999999       5.25347535000000041E-004   7.5514505429505192
 -3.98107170553497342E-003 -0.11400000000000000       5.39637515000000040E-004   7.5246129123260603
 -3.98107170553497342E-003 -0.11000000000000000       5.40142669999999999E-004   7.5236772495979025
 -3.98107170553497342E-003 -0.10600000000000000       5.34979929999999959E-004   7.5332813257906279
 -3.98107170553497342E-003 -0.10199999999999999       5.19280920000000012E-004   7.5630655495567600
 -3.98107170553497342E-003 -9.80000000000000038E-002  5.07084299999999979E-004   7.5868332960054303
 -3.98107170553497342E-003 -9.40000000000000002E-002  4.92585210000000056E-004   7.6158430970891127
 -3.98107170553497342E-003 -8.99999999999999967E-002  4.71574890000000017E-004   7.6594326349933937
 -3.98107170553497342E-003 -8.59999999999999931E-002  4.61742064999999969E-004   7.6805041236562959
 -3.98107170553497342E-003 -8.20000000000000034E-002  4.58067569999999935E-004   7.6884938519808834
 -3.98107170553497342E-003 -7.79999999999999999E-002  4.57838435000000013E-004   7.6889941980939769
 -3.98107170553497342E-003 -7.39999999999999963E-002  4.53931515000000031E-004   7.6975642193192542
 -3.98107170553497342E-003 -7.00000000000000067E-002  4.56631485000000054E-004   7.6916338709239431
 -3.98107170553497342E-003 -6.60000000000000031E-002  4.50369479999999977E-004   7.7054422454240834
 -3.98107170553497342E-003 -6.19999999999999996E-002  4.43755439999999972E-004   7.7202369580948620
 -3.98107170553497342E-003 -5.80000000000000029E-002  4.46515479999999956E-004   7.7140364885958430
 -3.98107170553497342E-003 -5.39999999999999994E-002  4.37997625000000025E-004   7.7332970699769579
 -3.98107170553497342E-003 -5.00000000000000028E-002  4.40772400000000002E-004   7.7269819155159993
 -3.98107170553497342E-003 -4.59999999999999992E-002  4.36344275000000008E-004   7.7370790046426974
 -3.98107170553497342E-003 -4.20000000000000026E-002  4.31395830000000043E-004   7.7484844902589955
 -3.98107170553497342E-003 -3.79999999999999991E-002  4.27860490000000061E-004   7.7567133734622402
 -3.98107170553497342E-003 -3.40000000000000024E-002  4.30122010000000027E-004   7.7514416453383879
 -3.98107170553497342E-003 -2.99999999999999989E-002  4.24928959999999994E-004   7.7635885559526434
 -3.98107170553497342E-003 -2.59999999999999988E-002  4.32778360000000007E-004   7.7452848316820440
 -3.98107170553497342E-003 -2.19999999999999987E-002  4.20784079999999953E-004   7.7733907299560689
 -3.98107170553497342E-003 -1.79999999999999986E-002  4.10895134999999991E-004   7.7971725220087160
 -3.98107170553497342E-003 -1.40000000000000003E-002  4.08054565000000053E-004   7.8041096547571094
 -3.98107170553497342E-003 -1.00000000000000002E-002  4.13287404999999983E-004   7.7913673111427295
 -3.98107170553497342E-003 -6.00000000000000012E-003  3.98605635000000020E-004   7.8275380133060777
 -3.98107170553497342E-003 -2.00000000000000004E-003  3.94674575000000002E-004   7.8374489933824343
 -3.98107170553497342E-003  2.00000000000000004E-003  3.94059744999999994E-004   7.8390080231062393
 -3.98107170553497342E-003  6.00000000000000012E-003  3.86959570000000033E-004   7.8571903406761301
 -3.98107170553497342E-003  1.00000000000000002E-002  3.82142564999999994E-004   7.8697168121757537
 -3.98107170553497342E-003  1.40000000000000003E-002  3.70420844999999979E-004   7.9008707797779003
 -3.98107170553497342E-003  1.79999999999999986E-002  3.58576945000000009E-004   7.9333672905499464
 -3.98107170553497342E-003  2.19999999999999987E-002  3.50498814999999973E-004   7.9561532323797950
 -3.98107170553497342E-003  2.59999999999999988E-002  3.48488465000000027E-004   7.9619054273071752
 -3.98107170553497342E-003  2.99999999999999989E-002  3.45061710000000004E-004   7.9717872873629503
 -3.98107170553497342E-003  3.40000000000000024E-002  3.48634889999999977E-004   7.9614853438281088
 -3.98107170553497342E-003  3.79999999999999991E-002  3.54756379999999962E-004   7.9440792575897170
 -3.98107170553497342E-003  4.20000000000000026E-002  3.46781834999999969E-004   7.9668146933224433
 -3.98107170553497342E-003  4.59999999999999992E-002  3.34762920000000015E-004   8.0020879781706569
 -3.98107170553497342E-003  5.00000000000000028E-002  3.35131509999999982E-004   8.0009875360093581
 -3.98107170553497342E-003  5.39999999999999994E-002  3.48833449999999990E-004   7.9609159702982248
 -3.98107170553497342E-003  5.80000000000000029E-002  3.55855029999999962E-004   7.9409871291495815
 -3.98107170553497342E-003  6.19999999999999996E-002  3.57155934999999955E-004   7.9373380788337178
 -3.98107170553497342E-003  6.60000000000000031E-002  3.49546525000000020E-004   7.9588738864088642
 -3.98107170553497342E-003  7.00000000000000067E-002  3.35962429999999996E-004   7.9985112197290764
 -3.98107170553497342E-003  7.39999999999999963E-002  3.28803669999999995E-004   8.0200497330440559
 -3.98107170553497342E-003  7.79999999999999999E-002  3.29492230000000025E-004   8.0179577854833646
 -3.98107170553497342E-003  8.20000000000000034E-002  3.36177424999999986E-004   7.9978714867754865
 -3.98107170553497342E-003  8.59999999999999931E-002  3.38377500000000011E-004   7.9913484218044237
 -3.98107170553497342E-003  8.99999999999999967E-002  3.44636080000000004E-004   7.9730215382484948
 -3.98107170553497342E-003  9.40000000000000002E-002  3.51671990000000016E-004   7.9528116633960284
 -3.98107170553497342E-003  9.80000000000000038E-002  3.54483230000000003E-004   7.9448495191759392
 -3.98107170553497342E-003  0.10199999999999999       3.67486759999999983E-004   7.9088232671712628
 -3.98107170553497342E-003  0.10600000000000000       3.66767660000000013E-004   7.9107819894079165
 -3.98107170553497342E-003  0.11000000000000000       3.64861044999999998E-004   7.9159939754960398
 -3.98107170553497342E-003  0.11400000000000000       3.54619469999999993E-004   7.9444652588941027
 -3.98107170553497342E-003  0.11799999999999999       3.41617150000000003E-004   7.9818198923920516
 -3.98107170553497342E-003  0.12200000000000000       3.34431504999999985E-004   8.0030784676747952
 -3.98107170553497342E-003  0.12600000000000000       3.33771144999999976E-004   8.0050549944514664
 -3.98107170553497342E-003  0.13000000000000000       3.35222519999999965E-004   8.0007160078421915
 -3.98107170553497342E-003  0.13400000000000001       3.34648890000000020E-004   8.0024286653213750
 -3.98107170553497342E-003  0.13800000000000001       3.27076050000000001E-004   8.0253178452996146
 -3.98107170553497342E-003  0.14199999999999999       3.28077934999999974E-004   8.0222593710968155
 -3.98107170553497342E-003  0.14599999999999999       3.36753479999999999E-004   7.9961594086514731
 -3.98107170553497342E-003  0.14999999999999999       3.36499674999999991E-004   7.9969133747046239
 -3.98107170553497342E-003  0.15400000000000000       3.46000585000000001E-004   7.9690700921565343
 -3.98107170553497342E-003  0.15800000000000000       3.56421875000000022E-004   7.9393954865856076
 -3.98107170553497342E-003  0.16200000000000001       3.61513615000000029E-004   7.9252108545573803
 -3.98107170553497342E-003  0.16600000000000001       3.84913940000000004E-004   7.8624907811311280
 -3.98107170553497342E-003  0.17000000000000001       3.91929825000000018E-004   7.8444277520565633
 -3.98107170553497342E-003  0.17399999999999999       4.01900109999999951E-004   7.8193069828092305
 -3.98107170553497342E-003  0.17799999999999999       4.13670995000000024E-004   7.7904395981464978
 -3.98107170553497342E-003  0.18200000000000000       4.12652284999999951E-004   7.7929052445605658
 -3.98107170553497342E-003  0.18600000000000000       4.21969439999999988E-004   7.7705776636121158
 -3.98107170553497342E-003  0.19000000000000000       4.23636404999999975E-004   7.7666350060034732
 -3.98107170553497342E-003  0.19400000000000001       4.25492664999999970E-004   7.7622628486423215
 -3.98107170553497342E-003  0.19800000000000001       4.20196524999999976E-004   7.7747880394590592
 -3.98107170553497342E-003  0.20200000000000001       4.26934230000000018E-004   7.7588805847022408
 -3.98107170553497342E-003  0.20599999999999999       4.51163564999999941E-004   7.7036806123707766
 -3.98107170553497342E-003  0.20999999999999999       4.76218955000000019E-004   7.6496328199997921
 -3.98107170553497342E-003  0.21400000000000000       4.83034095000000024E-004   7.6354233167409511
 -3.98107170553497342E-003  0.21800000000000000       4.81497289999999981E-004   7.6386099549870004
 -3.98107170553497342E-003  0.22200000000000000       4.80852295000000051E-004   7.6399504140190029
 -3.98107170553497342E-003  0.22600000000000001       4.84318799999999968E-004   7.6327671903946293
 -3.98107170553497342E-003  0.23000000000000001       4.94542614999999978E-004   7.6118772326570809
 -3.98107170553497342E-003  0.23400000000000001       5.09334084999999944E-004   7.5824064011216672
 -3.98107170553497342E-003  0.23799999999999999       5.16947314999999957E-004   7.5675695938709717
 -3.98107170553497342E-003  0.24199999999999999       5.30010520000000012E-004   7.5426137025584925
 -3.98107170553497342E-003  0.24600000000000000       5.46194285000000009E-004   7.5125358121797019
 -3.98107170553497342E-003  0.25000000000000000       5.49008309999999980E-004   7.5073969799572788
 -3.98107170553497342E-003  0.25400000000000000       5.58669945000000046E-004   7.4899516974691478
 -3.98107170553497342E-003  0.25800000000000001       5.68920759999999993E-004   7.4717693953986943
 -3.98107170553497342E-003  0.26200000000000001       5.94285859999999985E-004   7.4281501085720008
 -3.98107170553497342E-003  0.26600000000000001       6.09812685000000023E-004   7.4023587217242133
 -3.98107170553497342E-003  0.27000000000000002       6.17372485000000052E-004   7.3900380128109120
 -3.98107170553497342E-003  0.27400000000000002       6.32124144999999930E-004   7.3664247511456233
 -3.98107170553497342E-003  0.27800000000000002       6.37807730000000011E-004   7.3574736836749937
 -3.98107170553497342E-003  0.28199999999999997       6.46466694999999988E-004   7.3439888769339507
 -3.98107170553497342E-003  0.28599999999999998       6.49106420000000045E-004   7.3399138793559846
 -3.98107170553497342E-003  0.28999999999999998       6.54870814999999992E-004   7.3310725707888542
 -3.98107170553497342E-003  0.29399999999999998       6.47671279999999911E-004   7.3421272742746506
 -3.98107170553497342E-003  0.29799999999999999       6.76896990000000020E-004   7.2979914532021013
 -3.98107170553497342E-003  0.30199999999999999       7.07680349999999930E-004   7.2535180492705615
 -3.98107170553497342E-003  0.30599999999999999       7.29050475000000021E-004   7.2237675896693752
 -3.98107170553497342E-003  0.31000000000000000       7.37832549999999977E-004   7.2117936561277949
 -3.98107170553497342E-003  0.31400000000000000       7.62515619999999976E-004   7.1788875644466259
 -3.98107170553497342E-003  0.31800000000000000       7.72914625000000084E-004   7.1653419617895615
 -3.98107170553497342E-003  0.32200000000000001       7.81540440000000032E-004   7.1542436628004795
 -3.98107170553497342E-003  0.32600000000000001       7.83886485000000036E-004   7.1512463376376996
 -3.98107170553497342E-003  0.33000000000000002       7.94921644999999999E-004   7.1372670079157015
 -3.98107170553497342E-003  0.33400000000000002       8.04488459999999910E-004   7.1253039359479553
 -3.98107170553497342E-003  0.33800000000000002       8.45511349999999973E-004   7.0755689657062781
 -3.98107170553497342E-003  0.34200000000000003       8.69130799999999915E-004   7.0480169261889616
 -3.98107170553497342E-003  0.34599999999999997       8.88103219999999993E-004   7.0264225829885643
 -3.98107170553497342E-003  0.34999999999999998       9.14111325000000006E-004   6.9975581941459337
 -3.98107170553497342E-003  0.35399999999999998       9.58220969999999997E-004   6.9504321489707506
 -3.98107170553497342E-003  0.35799999999999998       9.99817445000000023E-004   6.9079378506473290
 -3.98107170553497342E-003  0.36199999999999999       1.02193902500000004E-003   6.8860534514071121
 -3.98107170553497342E-003  0.36599999999999999       1.03658864999999997E-003   6.8718201015257980
 -3.98107170553497342E-003  0.37000000000000000       1.06291867000000008E-003   6.8467366924270605
 -3.98107170553497342E-003  0.37400000000000000       1.08608842500000006E-003   6.8251726381331039
 -3.98107170553497342E-003  0.37800000000000000       1.12721455500000003E-003   6.7880056849365547
 -3.98107170553497342E-003  0.38200000000000001       1.17055613999999999E-003   6.7502763097742413
 -3.98107170553497342E-003  0.38600000000000001       1.20458801999999985E-003   6.7216176626141353
 -3.98107170553497342E-003  0.39000000000000001       1.24285844500000007E-003   6.6903413546763115
 -3.98107170553497342E-003  0.39400000000000002       1.29696059500000000E-003   6.6477317557593230
 -3.98107170553497342E-003  0.39800000000000002       1.33434854499999995E-003   6.6193120875049418
 -3.98107170553497342E-003  0.40200000000000002       1.36341439000000004E-003   6.5977631445951745
 -3.98107170553497342E-003  0.40600000000000003       1.42104514999999995E-003   6.5563626569729223
 -3.98107170553497342E-003  0.40999999999999998       1.46390713500000008E-003   6.5266462978319844
 -3.98107170553497342E-003  0.41399999999999998       1.49421649500000001E-003   6.5061532931313444
 -3.98107170553497342E-003  0.41799999999999998       1.53949231499999999E-003   6.4763025824926590
 -3.98107170553497342E-003  0.42199999999999999       1.60856561000000012E-003   6.4324124225615780
 -3.98107170553497342E-003  0.42599999999999999       1.67213537999999994E-003   6.3936537986979101
 -3.98107170553497342E-003  0.42999999999999999       1.73499755000000003E-003   6.3567492776880581
 -3.98107170553497342E-003  0.43400000000000000       1.78370169499999999E-003   6.3290644701285608
 -3.98107170553497342E-003  0.43800000000000000       1.84883358000000010E-003   6.2932003360362074
 -3.98107170553497342E-003  0.44200000000000000       1.90776031500000014E-003   6.2618253349162121
 -3.98107170553497342E-003  0.44600000000000001       1.94673462999999996E-003   6.2416018587483117
 -3.98107170553497342E-003  0.45000000000000001       2.01462274999999981E-003   6.2073233219551733
 -3.98107170553497342E-003  0.45400000000000001       2.10278826499999977E-003   6.1644910696889186
 -3.98107170553497342E-003  0.45800000000000002       2.16988465999999993E-003   6.1330812649161235
 -3.98107170553497342E-003  0.46200000000000002       2.23141752999999991E-003   6.1051182317815584
 -3.98107170553497342E-003  0.46600000000000003       2.29538182000000018E-003   6.0768560789372730
 -3.98107170553497342E-003  0.46999999999999997       2.38940935500000021E-003   6.0367090753799761
 -3.98107170553497342E-003  0.47399999999999998       2.48968385499999997E-003   5.9955995424298223
 -3.98107170553497342E-003  0.47799999999999998       2.56011396500000019E-003   5.9677035039034187
 -3.98107170553497342E-003  0.48199999999999998       2.63978401999999997E-003   5.9370581757766434
 -3.98107170553497342E-003  0.48599999999999999       2.75798262500000007E-003   5.8932557994858383
 -3.98107170553497342E-003  0.48999999999999999       2.87291704000000028E-003   5.8524273751415414
 -3.98107170553497342E-003  0.49399999999999999       2.98440407999999964E-003   5.8143551902588824
 -3.98107170553497342E-003  0.49800000000000000       3.05180061500000006E-003   5.7920234969862454
 -3.98107170553497342E-003  0.50200000000000000       3.18029911000000014E-003   5.7507800268649643
 -3.98107170553497342E-003  0.50600000000000001       3.27023854999999994E-003   5.7228923456634382
 -3.98107170553497342E-003  0.51000000000000001       3.36467834999999976E-003   5.6944229073783870
 -3.98107170553497342E-003  0.51400000000000001       3.49306754500000030E-003   5.6569749760984838
 -3.98107170553497342E-003  0.51800000000000002       3.60099996000000019E-003   5.6265437054234244
 -3.98107170553497342E-003  0.52200000000000002       3.73556134000000047E-003   5.5898571798560397
 -3.98107170553497342E-003  0.52600000000000002       3.88056404000000025E-003   5.5517747647782940
 -3.98107170553497342E-003  0.53000000000000003       4.05850867999999962E-003   5.5069396930441288
 -3.98107170553497342E-003  0.53400000000000003       4.23908315999999962E-003   5.4634082689696690
 -3.98107170553497342E-003  0.53800000000000003       4.39231259000000002E-003   5.4278994047210354
 -3.98107170553497342E-003  0.54200000000000004       4.55612113499999968E-003   5.3912836457348527
 -3.98107170553497342E-003  0.54600000000000004       4.69949534499999964E-003   5.3603001494353162
 -3.98107170553497342E-003  0.55000000000000004       4.86835526500000067E-003   5.3249991268566363
 -3.98107170553497342E-003  0.55400000000000005       4.99932481500000008E-003   5.2984524126663528
 -3.98107170553497342E-003  0.55800000000000005       5.15278315999999955E-003   5.2682182908630013
 -3.98107170553497342E-003  0.56200000000000006       5.30976548999999992E-003   5.2382076085453484
 -3.98107170553497342E-003  0.56599999999999995       5.44031582499999999E-003   5.2139181637332976
 -3.98107170553497342E-003  0.56999999999999995       5.59402556000000023E-003   5.1860561150315423
 -3.98107170553497342E-003  0.57399999999999995       5.67636479499999957E-003   5.1714442520173458
 -3.98107170553497342E-003  0.57799999999999996       5.79394681999999966E-003   5.1509415581375775
 -3.98107170553497342E-003  0.58199999999999996       5.89018352499999943E-003   5.1344681230604321
 -3.98107170553497342E-003  0.58599999999999997       5.99697335999999949E-003   5.1165003770267417
 -3.98107170553497342E-003  0.58999999999999997       6.14031955999999948E-003   5.0928784925748056
 -3.98107170553497342E-003  0.59399999999999997       6.27709137500000007E-003   5.0708485626394255
 -3.98107170553497342E-003  0.59799999999999998       6.34992641500000017E-003   5.0593120543336569
 -3.98107170553497342E-003  0.60199999999999998       6.42874916500000074E-003   5.0469752907604377
 -3.98107170553497342E-003  0.60599999999999998       6.43619889999999962E-003   5.0458171460411503
 -3.98107170553497342E-003  0.60999999999999999       6.52793333500000048E-003   5.0316648735354654
 -3.98107170553497342E-003  0.61399999999999999       6.56186599499999912E-003   5.0264802660171837
 -3.98107170553497342E-003  0.61799999999999999       6.57490813499999986E-003   5.0244946728790341
 -3.98107170553497342E-003  0.62200000000000000       6.55228467000000016E-003   5.0279414855729989
 -3.98107170553497342E-003  0.62600000000000000       6.48337765000000024E-003   5.0385136621335747
 -3.98107170553497342E-003  0.63000000000000000       6.34440410000000014E-003   5.0601820986958748
 -3.98107170553497342E-003  0.63400000000000001       6.17973578999999988E-003   5.0864797608536332
 -3.98107170553497342E-003  0.63800000000000001       6.04337935499999965E-003   5.1087919276339395
 -3.98107170553497342E-003  0.64200000000000002       5.82691133000000014E-003   5.1452682080298251
 -3.98107170553497342E-003  0.64600000000000002       5.53133074500000016E-003   5.1973268513484818
 -3.98107170553497342E-003  0.65000000000000002       5.20970628000000033E-003   5.2572318010056751
 -3.98107170553497342E-003  0.65400000000000003       4.86895002499999983E-003   5.3248769657488086
 -3.98107170553497342E-003  0.65800000000000003       4.49015633999999986E-003   5.4058677582350532
 -3.98107170553497342E-003  0.66200000000000003       4.11492030999999984E-003   5.4931358107757378
 -3.98107170553497342E-003  0.66600000000000004       3.74394692500000037E-003   5.5876148964822292
 -3.98107170553497342E-003  0.67000000000000004       3.38969358000000033E-003   5.6870157510556751
 -3.98107170553497342E-003  0.67400000000000004       2.99346261499999983E-003   5.8113244964024240
 -3.98107170553497342E-003  0.67800000000000005       2.56967522999999995E-003   5.9639757577101307
 -3.98107170553497342E-003  0.68200000000000005       2.16793569500000000E-003   6.1339798568224921
 -3.98107170553497342E-003  0.68600000000000005       1.81450453500000002E-003   6.3119428320031670
 -3.98107170553497342E-003  0.68999999999999995       1.49447532499999989E-003   6.5059800869152236
 -3.98107170553497342E-003  0.69399999999999995       1.21293816999999996E-003   6.7147096231141052
 -3.98107170553497342E-003  0.69799999999999995       9.68013305000000072E-004   6.9402647259474453
 -3.98107170553497342E-003  0.70199999999999996       7.48733435000000012E-004   7.1971275323185759
 -3.98107170553497342E-003  0.70599999999999996       5.64333569999999978E-004   7.4798650451254440
 -3.98107170553497342E-003  0.70999999999999996       4.13032045000000009E-004   7.7919853772142202
 -3.98107170553497342E-003  0.71399999999999997       2.90924845000000007E-004   8.1424455887536382
 -3.98107170553497342E-003  0.71799999999999997       1.91964199999999994E-004   8.5582016616553425
 -3.98107170553497342E-003  0.72199999999999998       1.22969285000000008E-004   9.0035759492231051
 -3.98107170553497342E-003  0.72599999999999998       7.81504950000000030E-005   9.4568741671437202
 -3.98107170553497342E-003  0.72999999999999998       4.55145150000000004E-005   9.9974792718915442
 -3.98107170553497342E-003  0.73399999999999999       2.44752949999999989E-005   10.617846316504915
 -3.98107170553497342E-003  0.73799999999999999       1.35149250000000000E-005   11.211715927640828
 -3.98107170553497342E-003  0.74199999999999999       7.41091499999999984E-006   11.812556644498150
 -3.98107170553497342E-003  0.74600000000000000       3.05326500000000015E-006   12.699299048109443
 -3.98107170553497342E-003  0.75000000000000000       1.43827500000000001E-006   13.452066079118723
 -3.98107170553497342E-003  0.75400000000000000       7.39599999999999979E-007   14.117156337433441
 -3.98107170553497342E-003  0.75800000000000001       7.86050000000000080E-008   16.358830526302935
 -3.98107170553497342E-003  0.76200000000000001        0.0000000000000000                      +Infinity
 -3.98107170553497342E-003  0.76600000000000001        0.0000000000000000                      +Infinity
 -3.98107170553497342E-003  0.77000000000000002        0.0000000000000000                      +Infinity
 -3.98107170553497342E-003  0.77400000000000002        0.0000000000000000                      +Infinity
 -3.98107170553497342E-003  0.77800000000000002        0.0000000000000000                      +Infinity
 -3.98107170553497342E-003  0.78200000000000003        0.0000000000000000                      +Infinity
 -3.98107170553497342E-003  0.78600000000000003        0.0000000000000000                      +Infinity
 -3.98107170553497342E-003  0.79000000000000004        0.0000000000000000                      +Infinity
 -3.98107170553497342E-003  0.79400000000000004        0.0000000000000000                      +Infinity
 -3.98107170553497342E-003  0.79800000000000004        0.0000000000000000                      +Infinity
 -3.98107170553497342E-003  0.80200000000000005        0.0000000000000000                      +Infinity
 -3.98107170553497342E-003  0.80600000000000005        0.0000000000000000                      +Infinity
 -3.98107170553497342E-003  0.81000000000000005        0.0000000000000000                      +Infinity
 -3.98107170553497342E-003  0.81399999999999995        0.0000000000000000                      +Infinity
 -3.98107170553497342E-003  0.81799999999999995        0.0000000000000000                      +Infinity
 -3.98107170553497342E-003  0.82199999999999995        0.0000000000000000                      +Infinity
 -3.98107170553497342E-003  0.82599999999999996        0.0000000000000000                      +Infinity
 -3.98107170553497342E-003  0.82999999999999996        0.0000000000000000                      +Infinity
 -3.98107170553497342E-003  0.83399999999999996        0.0000000000000000                      +Infinity
 -3.98107170553497342E-003  0.83799999999999997        0.0000000000000000                      +Infinity
 -3.98107170553497342E-003  0.84199999999999997        0.0000000000000000                      +Infinity
 -3.98107170553497342E-003  0.84599999999999997        0.0000000000000000                      +Infinity
 -3.98107170553497342E-003  0.84999999999999998        0.0000000000000000                      +Infinity
 -3.98107170553497342E-003  0.85399999999999998        0.0000000000000000                      +Infinity
 -3.98107170553497342E-003  0.85799999999999998        0.0000000000000000                      +Infinity
 -3.98107170553497342E-003  0.86199999999999999        0.0000000000000000                      +Infinity
 -3.98107170553497342E-003  0.86599999999999999        0.0000000000000000                      +Infinity
 -3.98107170553497342E-003  0.87000000000000000        0.0000000000000000                      +Infinity
 -3.98107170553497342E-003  0.87400000000000000        0.0000000000000000                      +Infinity
 -3.98107170553497342E-003  0.87800000000000000        0.0000000000000000                      +Infinity
 -3.98107170553497342E-003  0.88200000000000001        0.0000000000000000                      +Infinity
 -3.98107170553497342E-003  0.88600000000000001        0.0000000000000000                      +Infinity
 -3.98107170553497342E-003  0.89000000000000001        0.0000000000000000                      +Infinity
 -3.98107170553497342E-003  0.89400000000000002        0.0000000000000000                      +Infinity
 -3.98107170553497342E-003  0.89800000000000002        0.0000000000000000                      +Infinity
 -3.98107170553497342E-003  0.90200000000000002        0.0000000000000000                      +Infinity
 -3.98107170553497342E-003  0.90600000000000003        0.0000000000000000                      +Infinity
 -3.98107170553497342E-003  0.91000000000000003        0.0000000000000000                      +Infinity
 -3.98107170553497342E-003  0.91400000000000003        0.0000000000000000                      +Infinity
 -3.98107170553497342E-003  0.91800000000000004        0.0000000000000000                      +Infinity
 -3.98107170553497342E-003  0.92200000000000004        0.0000000000000000                      +Infinity
 -3.98107170553497342E-003  0.92600000000000005        0.0000000000000000                      +Infinity
 -3.98107170553497342E-003  0.93000000000000005        0.0000000000000000                      +Infinity
 -3.98107170553497342E-003  0.93400000000000005        0.0000000000000000                      +Infinity
 -3.98107170553497342E-003  0.93799999999999994        0.0000000000000000                      +Infinity
 -3.98107170553497342E-003  0.94199999999999995        0.0000000000000000                      +Infinity
 -3.98107170553497342E-003  0.94599999999999995        0.0000000000000000                      +Infinity
 -3.98107170553497342E-003  0.94999999999999996        0.0000000000000000                      +Infinity
 -3.98107170553497342E-003  0.95399999999999996        0.0000000000000000                      +Infinity
 -3.98107170553497342E-003  0.95799999999999996        0.0000000000000000                      +Infinity
 -3.98107170553497342E-003  0.96199999999999997        0.0000000000000000                      +Infinity
 -3.98107170553497342E-003  0.96599999999999997        0.0000000000000000                      +Infinity
 -3.98107170553497342E-003  0.96999999999999997        0.0000000000000000                      +Infinity
 -3.98107170553497342E-003  0.97399999999999998        0.0000000000000000                      +Infinity
 -3.98107170553497342E-003  0.97799999999999998        0.0000000000000000                      +Infinity
 -3.98107170553497342E-003  0.98199999999999998        0.0000000000000000                      +Infinity
 -3.98107170553497342E-003  0.98599999999999999        0.0000000000000000                      +Infinity
 -3.98107170553497342E-003  0.98999999999999999        0.0000000000000000                      +Infinity
 -3.98107170553497342E-003  0.99399999999999999        0.0000000000000000                      +Infinity
 -3.98107170553497342E-003  0.99800000000000000        0.0000000000000000                      +Infinity
