 -3.16227766016837939E-003 -0.99800000000000000        0.0000000000000000                      +Infinity
 -3.16227766016837939E-003 -0.99399999999999999        0.0000000000000000                      +Infinity
 -3.16227766016837939E-003 -0.98999999999999999        0.0000000000000000                      +Infinity
 -3.16227766016837939E-003 -0.98599999999999999        0.0000000000000000                      +Infinity
 -3.16227766016837939E-003 -0.98199999999999998        0.0000000000000000                      +Infinity
 -3.16227766016837939E-003 -0.97799999999999998        0.0000000000000000                      +Infinity
 -3.16227766016837939E-003 -0.97399999999999998        0.0000000000000000                      +Infinity
 -3.16227766016837939E-003 -0.96999999999999997        0.0000000000000000                      +Infinity
 -3.16227766016837939E-003 -0.96599999999999997        0.0000000000000000                      +Infinity
 -3.16227766016837939E-003 -0.96199999999999997        0.0000000000000000                      +Infinity
 -3.16227766016837939E-003 -0.95799999999999996        0.0000000000000000                      +Infinity
 -3.16227766016837939E-003 -0.95399999999999996        0.0000000000000000                      +Infinity
 -3.16227766016837939E-003 -0.94999999999999996        0.0000000000000000                      +Infinity
 -3.16227766016837939E-003 -0.94599999999999995        0.0000000000000000                      +Infinity
 -3.16227766016837939E-003 -0.94199999999999995        0.0000000000000000                      +Infinity
 -3.16227766016837939E-003 -0.93799999999999994        0.0000000000000000                      +Infinity
 -3.16227766016837939E-003 -0.93400000000000005        0.0000000000000000                      +Infinity
 -3.16227766016837939E-003 -0.93000000000000005        0.0000000000000000                      +Infinity
 -3.16227766016837939E-003 -0.92600000000000005        0.0000000000000000                      +Infinity
 -3.16227766016837939E-003 -0.92200000000000004        0.0000000000000000                      +Infinity
 -3.16227766016837939E-003 -0.91800000000000004        0.0000000000000000                      +Infinity
 -3.16227766016837939E-003 -0.91400000000000003        0.0000000000000000                      +Infinity
 -3.16227766016837939E-003 -0.91000000000000003        0.0000000000000000                      +Infinity
 -3.16227766016837939E-003 -0.90600000000000003        0.0000000000000000                      +Infinity
 -3.16227766016837939E-003 -0.90200000000000002        0.0000000000000000                      +Infinity
 -3.16227766016837939E-003 -0.89800000000000002        0.0000000000000000                      +Infinity
 -3.16227766016837939E-003 -0.89400000000000002        0.0000000000000000                      +Infinity
 -3.16227766016837939E-003 -0.89000000000000001        0.0000000000000000                      +Infinity
 -3.16227766016837939E-003 -0.88600000000000001        0.0000000000000000                      +Infinity
 -3.16227766016837939E-003 -0.88200000000000001        0.0000000000000000                      +Infinity
 -3.16227766016837939E-003 -0.87800000000000000        0.0000000000000000                      +Infinity
 -3.16227766016837939E-003 -0.87400000000000000        0.0000000000000000                      +Infinity
 -3.16227766016837939E-003 -0.87000000000000000        0.0000000000000000                      +Infinity
 -3.16227766016837939E-003 -0.86599999999999999        0.0000000000000000                      +Infinity
 -3.16227766016837939E-003 -0.86199999999999999        0.0000000000000000                      +Infinity
 -3.16227766016837939E-003 -0.85799999999999998        0.0000000000000000                      +Infinity
 -3.16227766016837939E-003 -0.85399999999999998        0.0000000000000000                      +Infinity
 -3.16227766016837939E-003 -0.84999999999999998        0.0000000000000000                      +Infinity
 -3.16227766016837939E-003 -0.84599999999999997        0.0000000000000000                      +Infinity
 -3.16227766016837939E-003 -0.84199999999999997        0.0000000000000000                      +Infinity
 -3.16227766016837939E-003 -0.83799999999999997        0.0000000000000000                      +Infinity
 -3.16227766016837939E-003 -0.83399999999999996        0.0000000000000000                      +Infinity
 -3.16227766016837939E-003 -0.82999999999999996        0.0000000000000000                      +Infinity
 -3.16227766016837939E-003 -0.82599999999999996        0.0000000000000000                      +Infinity
 -3.16227766016837939E-003 -0.82199999999999995        0.0000000000000000                      +Infinity
 -3.16227766016837939E-003 -0.81799999999999995        0.0000000000000000                      +Infinity
 -3.16227766016837939E-003 -0.81399999999999995        0.0000000000000000                      +Infinity
 -3.16227766016837939E-003 -0.81000000000000005        0.0000000000000000                      +Infinity
 -3.16227766016837939E-003 -0.80600000000000005        0.0000000000000000                      +Infinity
 -3.16227766016837939E-003 -0.80200000000000005        0.0000000000000000                      +Infinity
 -3.16227766016837939E-003 -0.79800000000000004        0.0000000000000000                      +Infinity
 -3.16227766016837939E-003 -0.79400000000000004        0.0000000000000000                      +Infinity
 -3.16227766016837939E-003 -0.79000000000000004        0.0000000000000000                      +Infinity
 -3.16227766016837939E-003 -0.78600000000000003        0.0000000000000000                      +Infinity
 -3.16227766016837939E-003 -0.78200000000000003        0.0000000000000000                      +Infinity
 -3.16227766016837939E-003 -0.77800000000000002        0.0000000000000000                      +Infinity
 -3.16227766016837939E-003 -0.77400000000000002        0.0000000000000000                      +Infinity
 -3.16227766016837939E-003 -0.77000000000000002        0.0000000000000000                      +Infinity
 -3.16227766016837939E-003 -0.76600000000000001        0.0000000000000000                      +Infinity
 -3.16227766016837939E-003 -0.76200000000000001        0.0000000000000000                      +Infinity
 -3.16227766016837939E-003 -0.75800000000000001        0.0000000000000000                      +Infinity
 -3.16227766016837939E-003 -0.75400000000000000       1.85630000000000002E-007   15.499510391725279
 -3.16227766016837939E-003 -0.75000000000000000       1.05679999999999999E-006   13.760265083738295
 -3.16227766016837939E-003 -0.74600000000000000       2.24775000000000021E-006   13.005580842081528
 -3.16227766016837939E-003 -0.74199999999999999       5.30887500000000006E-006   12.146130609563640
 -3.16227766016837939E-003 -0.73799999999999999       1.00598950000000014E-005   11.506953830722896
 -3.16227766016837939E-003 -0.73399999999999999       1.68078000000000019E-005   10.993667493588038
 -3.16227766016837939E-003 -0.72999999999999998       3.31048950000000018E-005   10.315829401318821
 -3.16227766016837939E-003 -0.72599999999999998       6.20564299999999929E-005   9.6874664255744953
 -3.16227766016837939E-003 -0.72199999999999998       1.05998304999999998E-004   9.1520874545460948
 -3.16227766016837939E-003 -0.71799999999999997       1.72164885000000001E-004   8.6670579066257520
 -3.16227766016837939E-003 -0.71399999999999997       2.75727909999999967E-004   8.1960960118337400
 -3.16227766016837939E-003 -0.70999999999999996       4.09536130000000026E-004   7.8004854290149179
 -3.16227766016837939E-003 -0.70599999999999996       6.01256364999999942E-004   7.4164891503217509
 -3.16227766016837939E-003 -0.70199999999999996       8.36483905000000023E-004   7.0863032786071418
 -3.16227766016837939E-003 -0.69799999999999995       1.12050362999999999E-003   6.7939770251033726
 -3.16227766016837939E-003 -0.69399999999999995       1.46378447999999991E-003   6.5267300873946859
 -3.16227766016837939E-003 -0.68999999999999995       1.88643652499999987E-003   6.2730656660912603
 -3.16227766016837939E-003 -0.68600000000000005       2.38265662000000005E-003   6.0395391869260289
 -3.16227766016837939E-003 -0.68200000000000005       2.96343997000000003E-003   5.8214045333950635
 -3.16227766016837939E-003 -0.67800000000000005       3.57636320499999999E-003   5.6334088594347520
 -3.16227766016837939E-003 -0.67400000000000004       4.23740529000000022E-003   5.4638041569678215
 -3.16227766016837939E-003 -0.67000000000000004       4.91044080999999966E-003   5.3163915632014387
 -3.16227766016837939E-003 -0.66600000000000004       5.60504996000000047E-003   5.1840873090276229
 -3.16227766016837939E-003 -0.66200000000000003       6.30443550499999988E-003   5.0665018448977683
 -3.16227766016837939E-003 -0.65800000000000003       7.06352789500000033E-003   4.9528106504450147
 -3.16227766016837939E-003 -0.65400000000000003       7.76144008499999975E-003   4.8585873840405522
 -3.16227766016837939E-003 -0.65000000000000002       8.41567029999999890E-003   4.7776597991343861
 -3.16227766016837939E-003 -0.64600000000000002       9.08926171500000143E-003   4.7006615935631766
 -3.16227766016837939E-003 -0.64200000000000002       9.67518314500000025E-003   4.6381911105296938
 -3.16227766016837939E-003 -0.63800000000000001       1.02867611499999987E-002   4.5768975357282500
 -3.16227766016837939E-003 -0.63400000000000001       1.08068669299999989E-002   4.5275735200523615
 -3.16227766016837939E-003 -0.63000000000000000       1.12570298500000009E-002   4.4867624699295892
 -3.16227766016837939E-003 -0.62600000000000000       1.15904737150000006E-002   4.4575717497306275
 -3.16227766016837939E-003 -0.62200000000000000       1.19351467349999990E-002   4.4282677247549813
 -3.16227766016837939E-003 -0.61799999999999999       1.21478909400000012E-002   4.4105997094484168
 -3.16227766016837939E-003 -0.61399999999999999       1.23995544799999999E-002   4.3900947360488667
 -3.16227766016837939E-003 -0.60999999999999999       1.25903344250000004E-002   4.3748258685304515
 -3.16227766016837939E-003 -0.60599999999999998       1.26790193099999993E-002   4.3678066744467134
 -3.16227766016837939E-003 -0.60199999999999998       1.27390213999999998E-002   4.3630854449752166
 -3.16227766016837939E-003 -0.59799999999999998       1.28395480450000012E-002   4.3552251803273601
 -3.16227766016837939E-003 -0.59399999999999997       1.28537657499999992E-002   4.3541184560982753
 -3.16227766016837939E-003 -0.58999999999999997       1.28141502300000015E-002   4.3572052319382921
 -3.16227766016837939E-003 -0.58599999999999997       1.27305347850000007E-002   4.3637518574758856
 -3.16227766016837939E-003 -0.58199999999999996       1.26087619399999993E-002   4.3733633146342417
 -3.16227766016837939E-003 -0.57799999999999996       1.24596206050000009E-002   4.3852622151233298
 -3.16227766016837939E-003 -0.57399999999999995       1.22229514300000001E-002   4.4044398298511283
 -3.16227766016837939E-003 -0.56999999999999995       1.20260341199999992E-002   4.4206814691826883
 -3.16227766016837939E-003 -0.56599999999999995       1.18313038349999993E-002   4.4370063927792760
 -3.16227766016837939E-003 -0.56200000000000006       1.16214558849999997E-002   4.4549022440985828
 -3.16227766016837939E-003 -0.55800000000000005       1.13885700800000003E-002   4.4751450511073143
 -3.16227766016837939E-003 -0.55400000000000005       1.11945220000000002E-002   4.4923307274758608
 -3.16227766016837939E-003 -0.55000000000000004       1.09859802549999996E-002   4.5111353413507800
 -3.16227766016837939E-003 -0.54600000000000004       1.07657024699999992E-002   4.5313898953017926
 -3.16227766016837939E-003 -0.54200000000000004       1.04277549150000003E-002   4.5632842857762546
 -3.16227766016837939E-003 -0.53800000000000003       1.01239376749999999E-002   4.5928525924817807
 -3.16227766016837939E-003 -0.53400000000000003       9.82280699000000028E-003   4.6230483532659115
 -3.16227766016837939E-003 -0.53000000000000003       9.50117553000000108E-003   4.6563397480308044
 -3.16227766016837939E-003 -0.52600000000000002       9.21501494500000067E-003   4.6869210660494032
 -3.16227766016837939E-003 -0.52200000000000002       8.89811830000000054E-003   4.7219154515641666
 -3.16227766016837939E-003 -0.51800000000000002       8.60708130500000002E-003   4.7551700069785632
 -3.16227766016837939E-003 -0.51400000000000001       8.37723471000000053E-003   4.7822374058193029
 -3.16227766016837939E-003 -0.51000000000000001       8.08817545499999901E-003   4.8173521042500038
 -3.16227766016837939E-003 -0.50600000000000001       7.86413173500000000E-003   4.8454431446244763
 -3.16227766016837939E-003 -0.50200000000000000       7.58067838000000063E-003   4.8821525872901725
 -3.16227766016837939E-003 -0.49800000000000000       7.33742196500000027E-003   4.9147677289781724
 -3.16227766016837939E-003 -0.49399999999999999       7.11211433999999962E-003   4.9459557038468995
 -3.16227766016837939E-003 -0.48999999999999999       6.89972231000000012E-003   4.9762741131163084
 -3.16227766016837939E-003 -0.48599999999999999       6.60627778000000103E-003   5.0197349032457694
 -3.16227766016837939E-003 -0.48199999999999998       6.43253227999999923E-003   5.0463869955543519
 -3.16227766016837939E-003 -0.47799999999999998       6.28597577500000001E-003   5.0694341944162868
 -3.16227766016837939E-003 -0.47399999999999998       6.08757796999999986E-003   5.1015049824419014
 -3.16227766016837939E-003 -0.46999999999999997       5.96294279000000003E-003   5.1221911630512036
 -3.16227766016837939E-003 -0.46600000000000003       5.78719200000000003E-003   5.1521080791284684
 -3.16227766016837939E-003 -0.46200000000000002       5.55929699000000041E-003   5.1922836193614206
 -3.16227766016837939E-003 -0.45800000000000002       5.31824342999999942E-003   5.2366122124815986
 -3.16227766016837939E-003 -0.45400000000000001       5.13380336000000045E-003   5.2719084987859937
 -3.16227766016837939E-003 -0.45000000000000001       4.94966821499999952E-003   5.3084347319206939
 -3.16227766016837939E-003 -0.44600000000000001       4.80197394500000031E-003   5.3387282070620188
 -3.16227766016837939E-003 -0.44200000000000000       4.65057627500000022E-003   5.3707641369540466
 -3.16227766016837939E-003 -0.43800000000000000       4.51284202000000034E-003   5.4008281642895337
 -3.16227766016837939E-003 -0.43400000000000000       4.42562066500000028E-003   5.4203447470813817
 -3.16227766016837939E-003 -0.42999999999999999       4.26818915500000017E-003   5.4565656271713765
 -3.16227766016837939E-003 -0.42599999999999999       4.13229289999999996E-003   5.4889228444674192
 -3.16227766016837939E-003 -0.42199999999999999       4.00504941000000021E-003   5.5201993614592642
 -3.16227766016837939E-003 -0.41799999999999998       3.86618085500000036E-003   5.5554881183796887
 -3.16227766016837939E-003 -0.41399999999999998       3.75646106499999974E-003   5.5842779709099570
 -3.16227766016837939E-003 -0.40999999999999998       3.66147259500000004E-003   5.6098898641286032
 -3.16227766016837939E-003 -0.40600000000000003       3.57063814500000040E-003   5.6350109470640017
 -3.16227766016837939E-003 -0.40200000000000002       3.49506744500000010E-003   5.6564026059146046
 -3.16227766016837939E-003 -0.39800000000000002       3.40326505500000015E-003   5.6830199978688487
 -3.16227766016837939E-003 -0.39400000000000002       3.29995643500000015E-003   5.7138460121119952
 -3.16227766016837939E-003 -0.39000000000000001       3.17103552500000007E-003   5.7536970803981733
 -3.16227766016837939E-003 -0.38600000000000001       3.05808080500000017E-003   5.7899677476909570
 -3.16227766016837939E-003 -0.38200000000000001       2.98760483500000017E-003   5.8132832711268012
 -3.16227766016837939E-003 -0.37800000000000000       2.92959163499999968E-003   5.8328922393867169
 -3.16227766016837939E-003 -0.37400000000000000       2.82493125499999999E-003   5.8692712491930958
 -3.16227766016837939E-003 -0.37000000000000000       2.75198466999999978E-003   5.8954329294207408
 -3.16227766016837939E-003 -0.36599999999999999       2.68512468999999995E-003   5.9200281126210035
 -3.16227766016837939E-003 -0.36199999999999999       2.56151882499999978E-003   5.9671549054025750
 -3.16227766016837939E-003 -0.35799999999999998       2.47023376500000004E-003   6.0034424911200892
 -3.16227766016837939E-003 -0.35399999999999998       2.40480770499999991E-003   6.0302853349620475
 -3.16227766016837939E-003 -0.34999999999999998       2.33294013500000025E-003   6.0606259463663692
 -3.16227766016837939E-003 -0.34599999999999997       2.23497935000000012E-003   6.1035232903328902
 -3.16227766016837939E-003 -0.34200000000000003       2.17385851000000000E-003   6.1312515751977843
 -3.16227766016837939E-003 -0.33800000000000002       2.10144631499999991E-003   6.1651294498839526
 -3.16227766016837939E-003 -0.33400000000000002       2.04525620500000012E-003   6.1922322137161272
 -3.16227766016837939E-003 -0.33000000000000002       1.98372478999999996E-003   6.2227789944589746
 -3.16227766016837939E-003 -0.32600000000000001       1.96608024999999969E-003   6.2317134391685638
 -3.16227766016837939E-003 -0.32200000000000001       1.89599115000000013E-003   6.2680135428817199
 -3.16227766016837939E-003 -0.31800000000000000       1.84109265499999989E-003   6.2973960493718923
 -3.16227766016837939E-003 -0.31400000000000000       1.78609903000000007E-003   6.3277213501366774
 -3.16227766016837939E-003 -0.31000000000000000       1.74136571000000013E-003   6.3530855828168056
 -3.16227766016837939E-003 -0.30599999999999999       1.68005477499999999E-003   6.3889288819318075
 -3.16227766016837939E-003 -0.30199999999999999       1.64498980000000019E-003   6.4100210953919285
 -3.16227766016837939E-003 -0.29799999999999999       1.59521213000000006E-003   6.4407485547234247
 -3.16227766016837939E-003 -0.29399999999999998       1.57062434999999997E-003   6.4562820635144940
 -3.16227766016837939E-003 -0.28999999999999998       1.56027135999999987E-003   6.4628955241300670
 -3.16227766016837939E-003 -0.28599999999999998       1.52275016000000003E-003   6.4872372631746273
 -3.16227766016837939E-003 -0.28199999999999997       1.47560635500000007E-003   6.5186862855283385
 -3.16227766016837939E-003 -0.27800000000000002       1.42459933500000010E-003   6.5538646732178272
 -3.16227766016837939E-003 -0.27400000000000002       1.37751973000000013E-003   6.5874706939907766
 -3.16227766016837939E-003 -0.27000000000000002       1.33546437000000000E-003   6.6184762049165400
 -3.16227766016837939E-003 -0.26600000000000001       1.30742410499999997E-003   6.6396964095990256
 -3.16227766016837939E-003 -0.26200000000000001       1.27269812000000001E-003   6.6666161281418743
 -3.16227766016837939E-003 -0.25800000000000001       1.23319132500000002E-003   6.6981498965212962
 -3.16227766016837939E-003 -0.25400000000000000       1.20961105999999995E-003   6.7174564090622884
 -3.16227766016837939E-003 -0.25000000000000000       1.16961408999999988E-003   6.7510814221876974
 -3.16227766016837939E-003 -0.24600000000000000       1.12523819500000006E-003   6.7897605368482621
 -3.16227766016837939E-003 -0.24199999999999999       1.09807798999999998E-003   6.8141939092733503
 -3.16227766016837939E-003 -0.23799999999999999       1.06711562499999988E-003   6.8427959479599663
 -3.16227766016837939E-003 -0.23400000000000001       1.05535934499999999E-003   6.8538739586745852
 -3.16227766016837939E-003 -0.23000000000000001       1.02203297000000000E-003   6.8859615274470034
 -3.16227766016837939E-003 -0.22600000000000001       9.92216164999999966E-004   6.9155695661518299
 -3.16227766016837939E-003 -0.22200000000000000       9.62840394999999903E-004   6.9456228971814244
 -3.16227766016837939E-003 -0.21800000000000000       9.48449944999999990E-004   6.9606815427808950
 -3.16227766016837939E-003 -0.21400000000000000       9.28140130000000064E-004   6.9823278344225788
 -3.16227766016837939E-003 -0.20999999999999999       9.21190304999999982E-004   6.9898439143892341
 -3.16227766016837939E-003 -0.20599999999999999       8.94001600000000050E-004   7.0198029930831893
 -3.16227766016837939E-003 -0.20200000000000001       8.75920505000000018E-004   7.0402352188626010
 -3.16227766016837939E-003 -0.19800000000000001       8.32911604999999949E-004   7.0905830378747590
 -3.16227766016837939E-003 -0.19400000000000001       7.95637889999999993E-004   7.1363663876840748
 -3.16227766016837939E-003 -0.19000000000000000       7.72083730000000024E-004   7.1664175552714786
 -3.16227766016837939E-003 -0.18600000000000000       7.63137169999999966E-004   7.1780727656425185
 -3.16227766016837939E-003 -0.18200000000000000       7.43510894999999962E-004   7.2041271385063306
 -3.16227766016837939E-003 -0.17799999999999999       7.09242194999999990E-004   7.2513134889181696
 -3.16227766016837939E-003 -0.17399999999999999       7.02684384999999949E-004   7.2606027214446431
 -3.16227766016837939E-003 -0.17000000000000001       7.14539399999999957E-004   7.2438724186577339
 -3.16227766016837939E-003 -0.16600000000000001       7.18338690000000068E-004   7.2385693870457732
 -3.16227766016837939E-003 -0.16200000000000001       7.08527634999999985E-004   7.2523214946541978
 -3.16227766016837939E-003 -0.15800000000000000       6.98168285000000041E-004   7.2670503882723301
 -3.16227766016837939E-003 -0.15400000000000000       6.78565815000000002E-004   7.2955290826566976
 -3.16227766016837939E-003 -0.14999999999999999       6.57215659999999913E-004   7.3274983437223007
 -3.16227766016837939E-003 -0.14599999999999999       6.46392134999999976E-004   7.3441042182200258
 -3.16227766016837939E-003 -0.14199999999999999       6.42495764999999959E-004   7.3501503326563116
 -3.16227766016837939E-003 -0.13800000000000001       6.31168130000000008E-004   7.3679382808353395
 -3.16227766016837939E-003 -0.13400000000000001       6.10998440000000051E-004   7.4004161519874279
 -3.16227766016837939E-003 -0.13000000000000000       6.05775620000000036E-004   7.4090009044860121
 -3.16227766016837939E-003 -0.12600000000000000       5.90646730000000020E-004   7.4342924688586676
 -3.16227766016837939E-003 -0.12200000000000000       5.99114024999999992E-004   7.4200586190332345
 -3.16227766016837939E-003 -0.11799999999999999       5.86236460000000075E-004   7.4417873344193275
 -3.16227766016837939E-003 -0.11400000000000000       5.64839104999999937E-004   7.4789696372839884
 -3.16227766016837939E-003 -0.11000000000000000       5.40877225000000014E-004   7.5223182457230413
 -3.16227766016837939E-003 -0.10600000000000000       5.32887909999999951E-004   7.5371994561022317
 -3.16227766016837939E-003 -0.10199999999999999       5.41384915000000036E-004   7.5213800441201650
 -3.16227766016837939E-003 -9.80000000000000038E-002  5.32179355000000020E-004   7.5385299919806981
 -3.16227766016837939E-003 -9.40000000000000002E-002  5.39397455000000079E-004   7.5250578654751887
 -3.16227766016837939E-003 -8.99999999999999967E-002  5.43138290000000010E-004   7.5181465927388125
 -3.16227766016837939E-003 -8.59999999999999931E-002  5.31168394999999988E-004   7.5404314589365464
 -3.16227766016837939E-003 -8.20000000000000034E-002  5.18878494999999934E-004   7.5638408158874251
 -3.16227766016837939E-003 -7.79999999999999999E-002  5.19177934999999957E-004   7.5632638915514230
 -3.16227766016837939E-003 -7.39999999999999963E-002  5.35741564999999971E-004   7.5318586680182449
 -3.16227766016837939E-003 -7.00000000000000067E-002  5.16792129999999990E-004   7.5678698339400077
 -3.16227766016837939E-003 -6.60000000000000031E-002  5.05540054999999958E-004   7.5898832842650990
 -3.16227766016837939E-003 -6.19999999999999996E-002  5.07396690000000081E-004   7.5862174342732676
 -3.16227766016837939E-003 -5.80000000000000029E-002  5.05497085000000028E-004   7.5899682860881290
 -3.16227766016837939E-003 -5.39999999999999994E-002  5.10956399999999938E-004   7.5792262942970572
 -3.16227766016837939E-003 -5.00000000000000028E-002  5.15024924999999984E-004   7.5712952604134340
 -3.16227766016837939E-003 -4.59999999999999992E-002  5.22167050000000047E-004   7.5575230021197557
 -3.16227766016837939E-003 -4.20000000000000026E-002  5.14598979999999996E-004   7.5721226402406314
 -3.16227766016837939E-003 -3.79999999999999991E-002  5.16963555000000009E-004   7.5675381791707839
 -3.16227766016837939E-003 -3.40000000000000024E-002  5.23151884999999953E-004   7.5556387249706232
 -3.16227766016837939E-003 -2.99999999999999989E-002  5.24739429999999995E-004   7.5526087423916053
 -3.16227766016837939E-003 -2.59999999999999988E-002  5.19856264999999989E-004   7.5619581980595818
 -3.16227766016837939E-003 -2.19999999999999987E-002  5.18071445000000005E-004   7.5653974005051046
 -3.16227766016837939E-003 -1.79999999999999986E-002  5.18635964999999977E-004   7.5643083370907780
 -3.16227766016837939E-003 -1.40000000000000003E-002  5.28782909999999935E-004   7.5449325884059339
 -3.16227766016837939E-003 -1.00000000000000002E-002  5.25487575000000025E-004   7.5511840120752254
 -3.16227766016837939E-003 -6.00000000000000012E-003  5.16331284999999919E-004   7.5687619732989164
 -3.16227766016837939E-003 -2.00000000000000004E-003  5.10590270000000008E-004   7.5799431093509932
 -3.16227766016837939E-003  2.00000000000000004E-003  5.10704140000000045E-004   7.5797201178230713
 -3.16227766016837939E-003  6.00000000000000012E-003  5.14818290000000037E-004   7.5716965545128909
 -3.16227766016837939E-003  1.00000000000000002E-002  5.13940605000000024E-004   7.5734028536607498
 -3.16227766016837939E-003  1.40000000000000003E-002  5.11519960000000060E-004   7.5781239508510563
 -3.16227766016837939E-003  1.79999999999999986E-002  5.09547054999999948E-004   7.5819883543157331
 -3.16227766016837939E-003  2.19999999999999987E-002  5.03248024999999985E-004   7.5944274179428835
 -3.16227766016837939E-003  2.59999999999999988E-002  5.00909865000000024E-004   7.5990843832448274
 -3.16227766016837939E-003  2.99999999999999989E-002  5.10880870000000008E-004   7.5793741260553125
 -3.16227766016837939E-003  3.40000000000000024E-002  5.13750154999999915E-004   7.5737734904507121
 -3.16227766016837939E-003  3.79999999999999991E-002  5.24660605000000003E-004   7.5527589710889931
 -3.16227766016837939E-003  4.20000000000000026E-002  5.32156610000000048E-004   7.5385727322445835
 -3.16227766016837939E-003  4.59999999999999992E-002  5.18932114999999918E-004   7.5637374829680448
 -3.16227766016837939E-003  5.00000000000000028E-002  5.07330569999999955E-004   7.5863477550061384
 -3.16227766016837939E-003  5.39999999999999994E-002  5.12593885000000031E-004   7.5760266734850923
 -3.16227766016837939E-003  5.80000000000000029E-002  5.19874055000000028E-004   7.5619239776475009
 -3.16227766016837939E-003  6.19999999999999996E-002  5.16502264999999980E-004   7.5684308841286203
 -3.16227766016837939E-003  6.60000000000000031E-002  5.16670080000000004E-004   7.5681060302893011
 -3.16227766016837939E-003  7.00000000000000067E-002  5.17476364999999955E-004   7.5665467053653090
 -3.16227766016837939E-003  7.39999999999999963E-002  5.08684215000000032E-004   7.5836831366936632
 -3.16227766016837939E-003  7.79999999999999999E-002  4.99094010000000017E-004   7.6027160831636156
 -3.16227766016837939E-003  8.20000000000000034E-002  4.93418549999999996E-004   7.6141527583049653
 -3.16227766016837939E-003  8.59999999999999931E-002  4.90186309999999939E-004   7.6207250146368191
 -3.16227766016837939E-003  8.99999999999999967E-002  4.92324879999999992E-004   7.6163717341874744
 -3.16227766016837939E-003  9.40000000000000002E-002  4.89054145000000014E-004   7.6230373486477001
 -3.16227766016837939E-003  9.80000000000000038E-002  4.90276800000000049E-004   7.6205404283952074
 -3.16227766016837939E-003  0.10199999999999999       4.80873210000000017E-004   7.6399069192798192
 -3.16227766016837939E-003  0.10600000000000000       4.73949335000000002E-004   7.6544101301678005
 -3.16227766016837939E-003  0.11000000000000000       4.70645634999999961E-004   7.6614051144217870
 -3.16227766016837939E-003  0.11400000000000000       4.67236694999999984E-004   7.6686745871544115
 -3.16227766016837939E-003  0.11799999999999999       4.69304614999999960E-004   7.6642585014172395
 -3.16227766016837939E-003  0.12200000000000000       4.72711884999999995E-004   7.6570244776844580
 -3.16227766016837939E-003  0.12600000000000000       4.74380470000000014E-004   7.6535008789190693
 -3.16227766016837939E-003  0.13000000000000000       4.69944064999999983E-004   7.6628968809807958
 -3.16227766016837939E-003  0.13400000000000001       4.88498930000000049E-004   7.6241732768625461
 -3.16227766016837939E-003  0.13800000000000001       4.93832525000000000E-004   7.6133141164746432
 -3.16227766016837939E-003  0.14199999999999999       4.93505404999999993E-004   7.6139767467697625
 -3.16227766016837939E-003  0.14599999999999999       4.89465085000000003E-004   7.6221974264232610
 -3.16227766016837939E-003  0.14999999999999999       4.96517314999999964E-004   7.6078922009683030
 -3.16227766016837939E-003  0.15400000000000000       5.02541760000000011E-004   7.5958318170064167
 -3.16227766016837939E-003  0.15800000000000000       4.89266450000000073E-004   7.6226033293611435
 -3.16227766016837939E-003  0.16200000000000001       4.75045434999999999E-004   7.6521001058724751
 -3.16227766016837939E-003  0.16600000000000001       4.79917854999999951E-004   7.6418956041243407
 -3.16227766016837939E-003  0.17000000000000001       4.73165655000000040E-004   7.6560650087984312
 -3.16227766016837939E-003  0.17399999999999999       4.70917799999999952E-004   7.6608270014716373
 -3.16227766016837939E-003  0.17799999999999999       4.80543559999999982E-004   7.6405926780957767
 -3.16227766016837939E-003  0.18200000000000000       4.81367325000000017E-004   7.6388799098669793
 -3.16227766016837939E-003  0.18600000000000000       4.94954460000000037E-004   7.6110447996278436
 -3.16227766016837939E-003  0.19000000000000000       5.11173274999999951E-004   7.5788019352190279
 -3.16227766016837939E-003  0.19400000000000001       5.20031394999999948E-004   7.5616213732112980
 -3.16227766016837939E-003  0.19800000000000001       5.36543354999999994E-004   7.5303631883477280
 -3.16227766016837939E-003  0.20200000000000001       5.38905400000000033E-004   7.5259705126630765
 -3.16227766016837939E-003  0.20599999999999999       5.44932450000000079E-004   7.5148487159369690
 -3.16227766016837939E-003  0.20999999999999999       5.61875320000000005E-004   7.4842305832168607
 -3.16227766016837939E-003  0.21400000000000000       5.63517769999999992E-004   7.4813116899328600
 -3.16227766016837939E-003  0.21800000000000000       5.69577829999999975E-004   7.4706151206745526
 -3.16227766016837939E-003  0.22200000000000000       5.74605754999999970E-004   7.4618263958061712
 -3.16227766016837939E-003  0.22600000000000001       5.69236924999999973E-004   7.4712138221028335
 -3.16227766016837939E-003  0.23000000000000001       5.77786124999999989E-004   7.4563067837199490
 -3.16227766016837939E-003  0.23400000000000001       6.01840084999999956E-004   7.4155187874787671
 -3.16227766016837939E-003  0.23799999999999999       6.26525034999999924E-004   7.3753218243307641
 -3.16227766016837939E-003  0.24199999999999999       6.19879989999999994E-004   7.3859846631772950
 -3.16227766016837939E-003  0.24600000000000000       6.31190954999999985E-004   7.3679021183831912
 -3.16227766016837939E-003  0.25000000000000000       6.54248750000000000E-004   7.3320229271404829
 -3.16227766016837939E-003  0.25400000000000000       6.64670075000000043E-004   7.3162197682400967
 -3.16227766016837939E-003  0.25800000000000001       6.62936204999999977E-004   7.3188317941274752
 -3.16227766016837939E-003  0.26200000000000001       6.69748319999999980E-004   7.3086085579413584
 -3.16227766016837939E-003  0.26600000000000001       6.69322619999999989E-004   7.3092443719249562
 -3.16227766016837939E-003  0.27000000000000002       6.74135230000000025E-004   7.3020798291948790
 -3.16227766016837939E-003  0.27400000000000002       6.80151369999999972E-004   7.2931951816253040
 -3.16227766016837939E-003  0.27800000000000002       6.97966589999999979E-004   7.2673393216769959
 -3.16227766016837939E-003  0.28199999999999997       7.17562199999999999E-004   7.2396509241923797
 -3.16227766016837939E-003  0.28599999999999998       7.48170394999999981E-004   7.1978798051303210
 -3.16227766016837939E-003  0.28999999999999998       7.65068525000000004E-004   7.1755451529859551
 -3.16227766016837939E-003  0.29399999999999998       7.76986810000000034E-004   7.1600871832876880
 -3.16227766016837939E-003  0.29799999999999999       7.93330629999999945E-004   7.1392704875356943
 -3.16227766016837939E-003  0.30199999999999999       8.15514924999999921E-004   7.1116908344152527
 -3.16227766016837939E-003  0.30599999999999999       8.41335169999999992E-004   7.0805204399308739
 -3.16227766016837939E-003  0.31000000000000000       8.55252935000000089E-004   7.0641133023673444
 -3.16227766016837939E-003  0.31400000000000000       8.81981764999999868E-004   7.0333391767743798
 -3.16227766016837939E-003  0.31800000000000000       8.82042975000000098E-004   7.0332697786546863
 -3.16227766016837939E-003  0.32200000000000001       9.03994340000000029E-004   7.0086874586536450
 -3.16227766016837939E-003  0.32600000000000001       9.22150650000000058E-004   6.9888019529612295
 -3.16227766016837939E-003  0.33000000000000002       9.47591755000000034E-004   6.9615867866461585
 -3.16227766016837939E-003  0.33400000000000002       9.65088355000000005E-004   6.9432909012311192
 -3.16227766016837939E-003  0.33800000000000002       9.97701099999999961E-004   6.9100568255095878
 -3.16227766016837939E-003  0.34200000000000003       1.04515178499999992E-003   6.8635931553091210
 -3.16227766016837939E-003  0.34599999999999997       1.09468162500000001E-003   6.8172917114153027
 -3.16227766016837939E-003  0.34999999999999998       1.11891098500000005E-003   6.7953994015207151
 -3.16227766016837939E-003  0.35399999999999998       1.15895764999999996E-003   6.7602342554129224
 -3.16227766016837939E-003  0.35799999999999998       1.19513648000000011E-003   6.7294948909150172
 -3.16227766016837939E-003  0.36199999999999999       1.20878162000000004E-003   6.7181423522834880
 -3.16227766016837939E-003  0.36599999999999999       1.22559132500000005E-003   6.7043318371687937
 -3.16227766016837939E-003  0.37000000000000000       1.26329602000000004E-003   6.6740310846121496
 -3.16227766016837939E-003  0.37400000000000000       1.29946727000000012E-003   6.6458008908101514
 -3.16227766016837939E-003  0.37800000000000000       1.32975092999999996E-003   6.6227636249625093
 -3.16227766016837939E-003  0.38200000000000001       1.36536872999999995E-003   6.5963307549561261
 -3.16227766016837939E-003  0.38600000000000001       1.38831011500000000E-003   6.5796680160608423
 -3.16227766016837939E-003  0.39000000000000001       1.42725427499999996E-003   6.5520027678537662
 -3.16227766016837939E-003  0.39400000000000002       1.45726803999999990E-003   6.5311918016333390
 -3.16227766016837939E-003  0.39800000000000002       1.49754525499999993E-003   6.5039280080640172
 -3.16227766016837939E-003  0.40200000000000002       1.50464535500000008E-003   6.4991980530681026
 -3.16227766016837939E-003  0.40600000000000003       1.53735690999999997E-003   6.4776906292812386
 -3.16227766016837939E-003  0.40999999999999998       1.58138678499999985E-003   6.4494531048819033
 -3.16227766016837939E-003  0.41399999999999998       1.60494363500000002E-003   6.4346666413968849
 -3.16227766016837939E-003  0.41799999999999998       1.64726137500000014E-003   6.4086411427457124
 -3.16227766016837939E-003  0.42199999999999999       1.71551803999999992E-003   6.3680401798364796
 -3.16227766016837939E-003  0.42599999999999999       1.76880720499999989E-003   6.3374498550462492
 -3.16227766016837939E-003  0.42999999999999999       1.82301170500000003E-003   6.3072653625711714
 -3.16227766016837939E-003  0.43400000000000000       1.86700271999999993E-003   6.2834209575409137
 -3.16227766016837939E-003  0.43800000000000000       1.90200675499999994E-003   6.2648457633405341
 -3.16227766016837939E-003  0.44200000000000000       1.91095405499999986E-003   6.2601526563992094
 -3.16227766016837939E-003  0.44600000000000001       1.91612355000000002E-003   6.2574511182138881
 -3.16227766016837939E-003  0.45000000000000001       1.96622682499999991E-003   6.2316388900566695
 -3.16227766016837939E-003  0.45400000000000001       2.01210876499999984E-003   6.2085719700546402
 -3.16227766016837939E-003  0.45800000000000002       2.07400090500000018E-003   6.1782757328200271
 -3.16227766016837939E-003  0.46200000000000002       2.17376344499999995E-003   6.1312953071510217
 -3.16227766016837939E-003  0.46600000000000003       2.24292515500000003E-003   6.0999743922575975
 -3.16227766016837939E-003  0.46999999999999997       2.30929293999999983E-003   6.0708138878825801
 -3.16227766016837939E-003  0.47399999999999998       2.38798706000000003E-003   6.0373045022269318
 -3.16227766016837939E-003  0.47799999999999998       2.49103673999999994E-003   5.9950562937141125
 -3.16227766016837939E-003  0.48199999999999998       2.51898292499999968E-003   5.9839000601181631
 -3.16227766016837939E-003  0.48599999999999999       2.58661547999999982E-003   5.9574050223107111
 -3.16227766016837939E-003  0.48999999999999999       2.65781693000000010E-003   5.9302501961571377
 -3.16227766016837939E-003  0.49399999999999999       2.71863238500000010E-003   5.9076263247527052
 -3.16227766016837939E-003  0.49800000000000000       2.78442926499999997E-003   5.8837123583816542
 -3.16227766016837939E-003  0.50200000000000000       2.86244891499999989E-003   5.8560777565492357
 -3.16227766016837939E-003  0.50600000000000001       2.91500796499999989E-003   5.8378827267648896
 -3.16227766016837939E-003  0.51000000000000001       3.00125076499999999E-003   5.8087261555350498
 -3.16227766016837939E-003  0.51400000000000001       3.11981534500000010E-003   5.7699814632070776
 -3.16227766016837939E-003  0.51800000000000002       3.18098456499999989E-003   5.7505645184746230
 -3.16227766016837939E-003  0.52200000000000002       3.28532669499999970E-003   5.7182891814577150
 -3.16227766016837939E-003  0.52600000000000002       3.38529126000000017E-003   5.6883153320063524
 -3.16227766016837939E-003  0.53000000000000003       3.45545467500000007E-003   5.6678012312892170
 -3.16227766016837939E-003  0.53400000000000003       3.51438266999999985E-003   5.6508913964553136
 -3.16227766016837939E-003  0.53800000000000003       3.58832666500000013E-003   5.6300692951728513
 -3.16227766016837939E-003  0.54200000000000004       3.67334894999999956E-003   5.6066515125733538
 -3.16227766016837939E-003  0.54600000000000004       3.74942134499999967E-003   5.5861537589065220
 -3.16227766016837939E-003  0.55000000000000004       3.85638564999999994E-003   5.5580248942679962
 -3.16227766016837939E-003  0.55400000000000005       3.97001087000000037E-003   5.5289864462515217
 -3.16227766016837939E-003  0.55800000000000005       4.03404230000000037E-003   5.5129863536349895
 -3.16227766016837939E-003  0.56200000000000006       4.12700448499999945E-003   5.4902034414664627
 -3.16227766016837939E-003  0.56599999999999995       4.19544945999999943E-003   5.4737548029667256
 -3.16227766016837939E-003  0.56999999999999995       4.24073473000000003E-003   5.4630187393730889
 -3.16227766016837939E-003  0.57399999999999995       4.28919234000000021E-003   5.4516568295006955
 -3.16227766016837939E-003  0.57799999999999996       4.37069411000000005E-003   5.4328334472473445
 -3.16227766016837939E-003  0.58199999999999996       4.49307624500000068E-003   5.4052176793074063
 -3.16227766016837939E-003  0.58599999999999997       4.53233045500000056E-003   5.3965190225434583
 -3.16227766016837939E-003  0.58999999999999997       4.53705883499999976E-003   5.3954763105642458
 -3.16227766016837939E-003  0.59399999999999997       4.56288873500000029E-003   5.3897993615112467
 -3.16227766016837939E-003  0.59799999999999998       4.60179061999999982E-003   5.3813097860137455
 -3.16227766016837939E-003  0.60199999999999998       4.59541765000000008E-003   5.3826956350307285
 -3.16227766016837939E-003  0.60599999999999998       4.59735283999999998E-003   5.3822746106984676
 -3.16227766016837939E-003  0.60999999999999999       4.57258889500000015E-003   5.3876757366635184
 -3.16227766016837939E-003  0.61399999999999999       4.44807961500000033E-003   5.4152828231382868
 -3.16227766016837939E-003  0.61799999999999999       4.36151105999999997E-003   5.4349367082693849
 -3.16227766016837939E-003  0.62200000000000000       4.23015117999999985E-003   5.4655175466098891
 -3.16227766016837939E-003  0.62600000000000000       4.13727268500000030E-003   5.4877184799694918
 -3.16227766016837939E-003  0.63000000000000000       4.04519128500000023E-003   5.5102264403438008
 -3.16227766016837939E-003  0.63400000000000001       3.90854940500000043E-003   5.5445889699846482
 -3.16227766016837939E-003  0.63800000000000001       3.72455657499999983E-003   5.5928074745049257
 -3.16227766016837939E-003  0.64200000000000002       3.51318878499999989E-003   5.6512311681727923
 -3.16227766016837939E-003  0.64600000000000002       3.31329174999999993E-003   5.7098130973623302
 -3.16227766016837939E-003  0.65000000000000002       3.08258082999999985E-003   5.7819881010473493
 -3.16227766016837939E-003  0.65400000000000003       2.80870208999999980E-003   5.8750327920200940
 -3.16227766016837939E-003  0.65800000000000003       2.54424298499999991E-003   5.9739221250936367
 -3.16227766016837939E-003  0.66200000000000003       2.28793493999999986E-003   6.0801056411835619
 -3.16227766016837939E-003  0.66600000000000004       2.00831373999999993E-003   6.2104598443377155
 -3.16227766016837939E-003  0.67000000000000004       1.75166147999999988E-003   6.3471905243152502
 -3.16227766016837939E-003  0.67400000000000004       1.50237614000000002E-003   6.5007073308930403
 -3.16227766016837939E-003  0.67800000000000005       1.26753917499999999E-003   6.6706779156787261
 -3.16227766016837939E-003  0.68200000000000005       1.05689891499999994E-003   6.8524162105366884
 -3.16227766016837939E-003  0.68600000000000005       8.61876410000000015E-004   7.0563986734499533
 -3.16227766016837939E-003  0.68999999999999995       7.12478094999999950E-004   7.2467613901537202
 -3.16227766016837939E-003  0.69399999999999995       5.44605769999999940E-004   7.5154483828486809
 -3.16227766016837939E-003  0.69799999999999995       4.13798449999999989E-004   7.7901315384307503
 -3.16227766016837939E-003  0.70199999999999996       3.10229955000000006E-004   8.0781967451529617
 -3.16227766016837939E-003  0.70599999999999996       2.14441255000000013E-004   8.4474747265691619
 -3.16227766016837939E-003  0.70999999999999996       1.48340714999999995E-004   8.8159988016593882
 -3.16227766016837939E-003  0.71399999999999997       1.05838830000000003E-004   9.1535930926404436
 -3.16227766016837939E-003  0.71799999999999997       6.48919249999999894E-005   9.6427873641832935
 -3.16227766016837939E-003  0.72199999999999998       3.94572699999999970E-005   10.140292243746908
 -3.16227766016837939E-003  0.72599999999999998       2.37416800000000020E-005   10.648278404648007
 -3.16227766016837939E-003  0.72999999999999998       1.34312350000000002E-005   11.217927593354725
 -3.16227766016837939E-003  0.73399999999999999       5.91901000000000027E-006   12.037341352782541
 -3.16227766016837939E-003  0.73799999999999999       2.81386499999999995E-006   12.780951574836532
 -3.16227766016837939E-003  0.74199999999999999       1.12228999999999997E-006   13.700139317237443
 -3.16227766016837939E-003  0.74600000000000000       6.67449999999999958E-007   14.219801355844670
 -3.16227766016837939E-003  0.75000000000000000       3.20409999999999995E-007   14.953664411252992
 -3.16227766016837939E-003  0.75400000000000000       1.81909999999999992E-007   15.519753777672287
 -3.16227766016837939E-003  0.75800000000000001       3.31049999999999977E-008   17.223581508569602
 -3.16227766016837939E-003  0.76200000000000001        0.0000000000000000                      +Infinity
 -3.16227766016837939E-003  0.76600000000000001        0.0000000000000000                      +Infinity
 -3.16227766016837939E-003  0.77000000000000002        0.0000000000000000                      +Infinity
 -3.16227766016837939E-003  0.77400000000000002        0.0000000000000000                      +Infinity
 -3.16227766016837939E-003  0.77800000000000002        0.0000000000000000                      +Infinity
 -3.16227766016837939E-003  0.78200000000000003        0.0000000000000000                      +Infinity
 -3.16227766016837939E-003  0.78600000000000003        0.0000000000000000                      +Infinity
 -3.16227766016837939E-003  0.79000000000000004        0.0000000000000000                      +Infinity
 -3.16227766016837939E-003  0.79400000000000004        0.0000000000000000                      +Infinity
 -3.16227766016837939E-003  0.79800000000000004        0.0000000000000000                      +Infinity
 -3.16227766016837939E-003  0.80200000000000005        0.0000000000000000                      +Infinity
 -3.16227766016837939E-003  0.80600000000000005        0.0000000000000000                      +Infinity
 -3.16227766016837939E-003  0.81000000000000005        0.0000000000000000                      +Infinity
 -3.16227766016837939E-003  0.81399999999999995        0.0000000000000000                      +Infinity
 -3.16227766016837939E-003  0.81799999999999995        0.0000000000000000                      +Infinity
 -3.16227766016837939E-003  0.82199999999999995        0.0000000000000000                      +Infinity
 -3.16227766016837939E-003  0.82599999999999996        0.0000000000000000                      +Infinity
 -3.16227766016837939E-003  0.82999999999999996        0.0000000000000000                      +Infinity
 -3.16227766016837939E-003  0.83399999999999996        0.0000000000000000                      +Infinity
 -3.16227766016837939E-003  0.83799999999999997        0.0000000000000000                      +Infinity
 -3.16227766016837939E-003  0.84199999999999997        0.0000000000000000                      +Infinity
 -3.16227766016837939E-003  0.84599999999999997        0.0000000000000000                      +Infinity
 -3.16227766016837939E-003  0.84999999999999998        0.0000000000000000                      +Infinity
 -3.16227766016837939E-003  0.85399999999999998        0.0000000000000000                      +Infinity
 -3.16227766016837939E-003  0.85799999999999998        0.0000000000000000                      +Infinity
 -3.16227766016837939E-003  0.86199999999999999        0.0000000000000000                      +Infinity
 -3.16227766016837939E-003  0.86599999999999999        0.0000000000000000                      +Infinity
 -3.16227766016837939E-003  0.87000000000000000        0.0000000000000000                      +Infinity
 -3.16227766016837939E-003  0.87400000000000000        0.0000000000000000                      +Infinity
 -3.16227766016837939E-003  0.87800000000000000        0.0000000000000000                      +Infinity
 -3.16227766016837939E-003  0.88200000000000001        0.0000000000000000                      +Infinity
 -3.16227766016837939E-003  0.88600000000000001        0.0000000000000000                      +Infinity
 -3.16227766016837939E-003  0.89000000000000001        0.0000000000000000                      +Infinity
 -3.16227766016837939E-003  0.89400000000000002        0.0000000000000000                      +Infinity
 -3.16227766016837939E-003  0.89800000000000002        0.0000000000000000                      +Infinity
 -3.16227766016837939E-003  0.90200000000000002        0.0000000000000000                      +Infinity
 -3.16227766016837939E-003  0.90600000000000003        0.0000000000000000                      +Infinity
 -3.16227766016837939E-003  0.91000000000000003        0.0000000000000000                      +Infinity
 -3.16227766016837939E-003  0.91400000000000003        0.0000000000000000                      +Infinity
 -3.16227766016837939E-003  0.91800000000000004        0.0000000000000000                      +Infinity
 -3.16227766016837939E-003  0.92200000000000004        0.0000000000000000                      +Infinity
 -3.16227766016837939E-003  0.92600000000000005        0.0000000000000000                      +Infinity
 -3.16227766016837939E-003  0.93000000000000005        0.0000000000000000                      +Infinity
 -3.16227766016837939E-003  0.93400000000000005        0.0000000000000000                      +Infinity
 -3.16227766016837939E-003  0.93799999999999994        0.0000000000000000                      +Infinity
 -3.16227766016837939E-003  0.94199999999999995        0.0000000000000000                      +Infinity
 -3.16227766016837939E-003  0.94599999999999995        0.0000000000000000                      +Infinity
 -3.16227766016837939E-003  0.94999999999999996        0.0000000000000000                      +Infinity
 -3.16227766016837939E-003  0.95399999999999996        0.0000000000000000                      +Infinity
 -3.16227766016837939E-003  0.95799999999999996        0.0000000000000000                      +Infinity
 -3.16227766016837939E-003  0.96199999999999997        0.0000000000000000                      +Infinity
 -3.16227766016837939E-003  0.96599999999999997        0.0000000000000000                      +Infinity
 -3.16227766016837939E-003  0.96999999999999997        0.0000000000000000                      +Infinity
 -3.16227766016837939E-003  0.97399999999999998        0.0000000000000000                      +Infinity
 -3.16227766016837939E-003  0.97799999999999998        0.0000000000000000                      +Infinity
 -3.16227766016837939E-003  0.98199999999999998        0.0000000000000000                      +Infinity
 -3.16227766016837939E-003  0.98599999999999999        0.0000000000000000                      +Infinity
 -3.16227766016837939E-003  0.98999999999999999        0.0000000000000000                      +Infinity
 -3.16227766016837939E-003  0.99399999999999999        0.0000000000000000                      +Infinity
 -3.16227766016837939E-003  0.99800000000000000        0.0000000000000000                      +Infinity
