 -4.46683592150962996E-002 -0.99800000000000000        0.0000000000000000                      +Infinity
 -4.46683592150962996E-002 -0.99399999999999999        0.0000000000000000                      +Infinity
 -4.46683592150962996E-002 -0.98999999999999999        0.0000000000000000                      +Infinity
 -4.46683592150962996E-002 -0.98599999999999999        0.0000000000000000                      +Infinity
 -4.46683592150962996E-002 -0.98199999999999998        0.0000000000000000                      +Infinity
 -4.46683592150962996E-002 -0.97799999999999998        0.0000000000000000                      +Infinity
 -4.46683592150962996E-002 -0.97399999999999998        0.0000000000000000                      +Infinity
 -4.46683592150962996E-002 -0.96999999999999997        0.0000000000000000                      +Infinity
 -4.46683592150962996E-002 -0.96599999999999997        0.0000000000000000                      +Infinity
 -4.46683592150962996E-002 -0.96199999999999997        0.0000000000000000                      +Infinity
 -4.46683592150962996E-002 -0.95799999999999996        0.0000000000000000                      +Infinity
 -4.46683592150962996E-002 -0.95399999999999996        0.0000000000000000                      +Infinity
 -4.46683592150962996E-002 -0.94999999999999996        0.0000000000000000                      +Infinity
 -4.46683592150962996E-002 -0.94599999999999995        0.0000000000000000                      +Infinity
 -4.46683592150962996E-002 -0.94199999999999995        0.0000000000000000                      +Infinity
 -4.46683592150962996E-002 -0.93799999999999994        0.0000000000000000                      +Infinity
 -4.46683592150962996E-002 -0.93400000000000005        0.0000000000000000                      +Infinity
 -4.46683592150962996E-002 -0.93000000000000005        0.0000000000000000                      +Infinity
 -4.46683592150962996E-002 -0.92600000000000005        0.0000000000000000                      +Infinity
 -4.46683592150962996E-002 -0.92200000000000004        0.0000000000000000                      +Infinity
 -4.46683592150962996E-002 -0.91800000000000004        0.0000000000000000                      +Infinity
 -4.46683592150962996E-002 -0.91400000000000003        0.0000000000000000                      +Infinity
 -4.46683592150962996E-002 -0.91000000000000003        0.0000000000000000                      +Infinity
 -4.46683592150962996E-002 -0.90600000000000003        0.0000000000000000                      +Infinity
 -4.46683592150962996E-002 -0.90200000000000002        0.0000000000000000                      +Infinity
 -4.46683592150962996E-002 -0.89800000000000002        0.0000000000000000                      +Infinity
 -4.46683592150962996E-002 -0.89400000000000002        0.0000000000000000                      +Infinity
 -4.46683592150962996E-002 -0.89000000000000001        0.0000000000000000                      +Infinity
 -4.46683592150962996E-002 -0.88600000000000001        0.0000000000000000                      +Infinity
 -4.46683592150962996E-002 -0.88200000000000001        0.0000000000000000                      +Infinity
 -4.46683592150962996E-002 -0.87800000000000000        0.0000000000000000                      +Infinity
 -4.46683592150962996E-002 -0.87400000000000000        0.0000000000000000                      +Infinity
 -4.46683592150962996E-002 -0.87000000000000000        0.0000000000000000                      +Infinity
 -4.46683592150962996E-002 -0.86599999999999999        0.0000000000000000                      +Infinity
 -4.46683592150962996E-002 -0.86199999999999999        0.0000000000000000                      +Infinity
 -4.46683592150962996E-002 -0.85799999999999998        0.0000000000000000                      +Infinity
 -4.46683592150962996E-002 -0.85399999999999998        0.0000000000000000                      +Infinity
 -4.46683592150962996E-002 -0.84999999999999998        0.0000000000000000                      +Infinity
 -4.46683592150962996E-002 -0.84599999999999997        0.0000000000000000                      +Infinity
 -4.46683592150962996E-002 -0.84199999999999997        0.0000000000000000                      +Infinity
 -4.46683592150962996E-002 -0.83799999999999997        0.0000000000000000                      +Infinity
 -4.46683592150962996E-002 -0.83399999999999996        0.0000000000000000                      +Infinity
 -4.46683592150962996E-002 -0.82999999999999996        0.0000000000000000                      +Infinity
 -4.46683592150962996E-002 -0.82599999999999996        0.0000000000000000                      +Infinity
 -4.46683592150962996E-002 -0.82199999999999995        0.0000000000000000                      +Infinity
 -4.46683592150962996E-002 -0.81799999999999995        0.0000000000000000                      +Infinity
 -4.46683592150962996E-002 -0.81399999999999995        0.0000000000000000                      +Infinity
 -4.46683592150962996E-002 -0.81000000000000005        0.0000000000000000                      +Infinity
 -4.46683592150962996E-002 -0.80600000000000005        0.0000000000000000                      +Infinity
 -4.46683592150962996E-002 -0.80200000000000005        0.0000000000000000                      +Infinity
 -4.46683592150962996E-002 -0.79800000000000004        0.0000000000000000                      +Infinity
 -4.46683592150962996E-002 -0.79400000000000004        0.0000000000000000                      +Infinity
 -4.46683592150962996E-002 -0.79000000000000004        0.0000000000000000                      +Infinity
 -4.46683592150962996E-002 -0.78600000000000003        0.0000000000000000                      +Infinity
 -4.46683592150962996E-002 -0.78200000000000003        0.0000000000000000                      +Infinity
 -4.46683592150962996E-002 -0.77800000000000002        0.0000000000000000                      +Infinity
 -4.46683592150962996E-002 -0.77400000000000002        0.0000000000000000                      +Infinity
 -4.46683592150962996E-002 -0.77000000000000002        0.0000000000000000                      +Infinity
 -4.46683592150962996E-002 -0.76600000000000001        0.0000000000000000                      +Infinity
 -4.46683592150962996E-002 -0.76200000000000001        0.0000000000000000                      +Infinity
 -4.46683592150962996E-002 -0.75800000000000001        0.0000000000000000                      +Infinity
 -4.46683592150962996E-002 -0.75400000000000000        0.0000000000000000                      +Infinity
 -4.46683592150962996E-002 -0.75000000000000000        0.0000000000000000                      +Infinity
 -4.46683592150962996E-002 -0.74600000000000000        0.0000000000000000                      +Infinity
 -4.46683592150962996E-002 -0.74199999999999999        0.0000000000000000                      +Infinity
 -4.46683592150962996E-002 -0.73799999999999999        0.0000000000000000                      +Infinity
 -4.46683592150962996E-002 -0.73399999999999999        0.0000000000000000                      +Infinity
 -4.46683592150962996E-002 -0.72999999999999998        0.0000000000000000                      +Infinity
 -4.46683592150962996E-002 -0.72599999999999998        0.0000000000000000                      +Infinity
 -4.46683592150962996E-002 -0.72199999999999998        0.0000000000000000                      +Infinity
 -4.46683592150962996E-002 -0.71799999999999997        0.0000000000000000                      +Infinity
 -4.46683592150962996E-002 -0.71399999999999997        0.0000000000000000                      +Infinity
 -4.46683592150962996E-002 -0.70999999999999996        0.0000000000000000                      +Infinity
 -4.46683592150962996E-002 -0.70599999999999996        0.0000000000000000                      +Infinity
 -4.46683592150962996E-002 -0.70199999999999996        0.0000000000000000                      +Infinity
 -4.46683592150962996E-002 -0.69799999999999995        0.0000000000000000                      +Infinity
 -4.46683592150962996E-002 -0.69399999999999995        0.0000000000000000                      +Infinity
 -4.46683592150962996E-002 -0.68999999999999995        0.0000000000000000                      +Infinity
 -4.46683592150962996E-002 -0.68600000000000005        0.0000000000000000                      +Infinity
 -4.46683592150962996E-002 -0.68200000000000005        0.0000000000000000                      +Infinity
 -4.46683592150962996E-002 -0.67800000000000005        0.0000000000000000                      +Infinity
 -4.46683592150962996E-002 -0.67400000000000004        0.0000000000000000                      +Infinity
 -4.46683592150962996E-002 -0.67000000000000004        0.0000000000000000                      +Infinity
 -4.46683592150962996E-002 -0.66600000000000004        0.0000000000000000                      +Infinity
 -4.46683592150962996E-002 -0.66200000000000003        0.0000000000000000                      +Infinity
 -4.46683592150962996E-002 -0.65800000000000003        0.0000000000000000                      +Infinity
 -4.46683592150962996E-002 -0.65400000000000003        0.0000000000000000                      +Infinity
 -4.46683592150962996E-002 -0.65000000000000002        0.0000000000000000                      +Infinity
 -4.46683592150962996E-002 -0.64600000000000002        0.0000000000000000                      +Infinity
 -4.46683592150962996E-002 -0.64200000000000002        0.0000000000000000                      +Infinity
 -4.46683592150962996E-002 -0.63800000000000001        0.0000000000000000                      +Infinity
 -4.46683592150962996E-002 -0.63400000000000001        0.0000000000000000                      +Infinity
 -4.46683592150962996E-002 -0.63000000000000000        0.0000000000000000                      +Infinity
 -4.46683592150962996E-002 -0.62600000000000000        0.0000000000000000                      +Infinity
 -4.46683592150962996E-002 -0.62200000000000000        0.0000000000000000                      +Infinity
 -4.46683592150962996E-002 -0.61799999999999999        0.0000000000000000                      +Infinity
 -4.46683592150962996E-002 -0.61399999999999999        0.0000000000000000                      +Infinity
 -4.46683592150962996E-002 -0.60999999999999999        0.0000000000000000                      +Infinity
 -4.46683592150962996E-002 -0.60599999999999998        0.0000000000000000                      +Infinity
 -4.46683592150962996E-002 -0.60199999999999998        0.0000000000000000                      +Infinity
 -4.46683592150962996E-002 -0.59799999999999998        0.0000000000000000                      +Infinity
 -4.46683592150962996E-002 -0.59399999999999997        0.0000000000000000                      +Infinity
 -4.46683592150962996E-002 -0.58999999999999997        0.0000000000000000                      +Infinity
 -4.46683592150962996E-002 -0.58599999999999997        0.0000000000000000                      +Infinity
 -4.46683592150962996E-002 -0.58199999999999996        0.0000000000000000                      +Infinity
 -4.46683592150962996E-002 -0.57799999999999996        0.0000000000000000                      +Infinity
 -4.46683592150962996E-002 -0.57399999999999995        0.0000000000000000                      +Infinity
 -4.46683592150962996E-002 -0.56999999999999995        0.0000000000000000                      +Infinity
 -4.46683592150962996E-002 -0.56599999999999995        0.0000000000000000                      +Infinity
 -4.46683592150962996E-002 -0.56200000000000006        0.0000000000000000                      +Infinity
 -4.46683592150962996E-002 -0.55800000000000005        0.0000000000000000                      +Infinity
 -4.46683592150962996E-002 -0.55400000000000005        0.0000000000000000                      +Infinity
 -4.46683592150962996E-002 -0.55000000000000004        0.0000000000000000                      +Infinity
 -4.46683592150962996E-002 -0.54600000000000004        0.0000000000000000                      +Infinity
 -4.46683592150962996E-002 -0.54200000000000004        0.0000000000000000                      +Infinity
 -4.46683592150962996E-002 -0.53800000000000003        0.0000000000000000                      +Infinity
 -4.46683592150962996E-002 -0.53400000000000003        0.0000000000000000                      +Infinity
 -4.46683592150962996E-002 -0.53000000000000003        0.0000000000000000                      +Infinity
 -4.46683592150962996E-002 -0.52600000000000002        0.0000000000000000                      +Infinity
 -4.46683592150962996E-002 -0.52200000000000002        0.0000000000000000                      +Infinity
 -4.46683592150962996E-002 -0.51800000000000002        0.0000000000000000                      +Infinity
 -4.46683592150962996E-002 -0.51400000000000001        0.0000000000000000                      +Infinity
 -4.46683592150962996E-002 -0.51000000000000001        0.0000000000000000                      +Infinity
 -4.46683592150962996E-002 -0.50600000000000001        0.0000000000000000                      +Infinity
 -4.46683592150962996E-002 -0.50200000000000000        0.0000000000000000                      +Infinity
 -4.46683592150962996E-002 -0.49800000000000000        0.0000000000000000                      +Infinity
 -4.46683592150962996E-002 -0.49399999999999999        0.0000000000000000                      +Infinity
 -4.46683592150962996E-002 -0.48999999999999999        0.0000000000000000                      +Infinity
 -4.46683592150962996E-002 -0.48599999999999999        0.0000000000000000                      +Infinity
 -4.46683592150962996E-002 -0.48199999999999998        0.0000000000000000                      +Infinity
 -4.46683592150962996E-002 -0.47799999999999998        0.0000000000000000                      +Infinity
 -4.46683592150962996E-002 -0.47399999999999998        0.0000000000000000                      +Infinity
 -4.46683592150962996E-002 -0.46999999999999997        0.0000000000000000                      +Infinity
 -4.46683592150962996E-002 -0.46600000000000003        0.0000000000000000                      +Infinity
 -4.46683592150962996E-002 -0.46200000000000002        0.0000000000000000                      +Infinity
 -4.46683592150962996E-002 -0.45800000000000002        0.0000000000000000                      +Infinity
 -4.46683592150962996E-002 -0.45400000000000001        0.0000000000000000                      +Infinity
 -4.46683592150962996E-002 -0.45000000000000001        0.0000000000000000                      +Infinity
 -4.46683592150962996E-002 -0.44600000000000001        0.0000000000000000                      +Infinity
 -4.46683592150962996E-002 -0.44200000000000000        0.0000000000000000                      +Infinity
 -4.46683592150962996E-002 -0.43800000000000000        0.0000000000000000                      +Infinity
 -4.46683592150962996E-002 -0.43400000000000000        0.0000000000000000                      +Infinity
 -4.46683592150962996E-002 -0.42999999999999999        0.0000000000000000                      +Infinity
 -4.46683592150962996E-002 -0.42599999999999999        0.0000000000000000                      +Infinity
 -4.46683592150962996E-002 -0.42199999999999999        0.0000000000000000                      +Infinity
 -4.46683592150962996E-002 -0.41799999999999998        0.0000000000000000                      +Infinity
 -4.46683592150962996E-002 -0.41399999999999998        0.0000000000000000                      +Infinity
 -4.46683592150962996E-002 -0.40999999999999998        0.0000000000000000                      +Infinity
 -4.46683592150962996E-002 -0.40600000000000003        0.0000000000000000                      +Infinity
 -4.46683592150962996E-002 -0.40200000000000002        0.0000000000000000                      +Infinity
 -4.46683592150962996E-002 -0.39800000000000002        0.0000000000000000                      +Infinity
 -4.46683592150962996E-002 -0.39400000000000002        0.0000000000000000                      +Infinity
 -4.46683592150962996E-002 -0.39000000000000001        0.0000000000000000                      +Infinity
 -4.46683592150962996E-002 -0.38600000000000001        0.0000000000000000                      +Infinity
 -4.46683592150962996E-002 -0.38200000000000001        0.0000000000000000                      +Infinity
 -4.46683592150962996E-002 -0.37800000000000000        0.0000000000000000                      +Infinity
 -4.46683592150962996E-002 -0.37400000000000000        0.0000000000000000                      +Infinity
 -4.46683592150962996E-002 -0.37000000000000000        0.0000000000000000                      +Infinity
 -4.46683592150962996E-002 -0.36599999999999999        0.0000000000000000                      +Infinity
 -4.46683592150962996E-002 -0.36199999999999999        0.0000000000000000                      +Infinity
 -4.46683592150962996E-002 -0.35799999999999998        0.0000000000000000                      +Infinity
 -4.46683592150962996E-002 -0.35399999999999998        0.0000000000000000                      +Infinity
 -4.46683592150962996E-002 -0.34999999999999998        0.0000000000000000                      +Infinity
 -4.46683592150962996E-002 -0.34599999999999997        0.0000000000000000                      +Infinity
 -4.46683592150962996E-002 -0.34200000000000003        0.0000000000000000                      +Infinity
 -4.46683592150962996E-002 -0.33800000000000002        0.0000000000000000                      +Infinity
 -4.46683592150962996E-002 -0.33400000000000002        0.0000000000000000                      +Infinity
 -4.46683592150962996E-002 -0.33000000000000002        0.0000000000000000                      +Infinity
 -4.46683592150962996E-002 -0.32600000000000001        0.0000000000000000                      +Infinity
 -4.46683592150962996E-002 -0.32200000000000001        0.0000000000000000                      +Infinity
 -4.46683592150962996E-002 -0.31800000000000000        0.0000000000000000                      +Infinity
 -4.46683592150962996E-002 -0.31400000000000000        0.0000000000000000                      +Infinity
 -4.46683592150962996E-002 -0.31000000000000000        0.0000000000000000                      +Infinity
 -4.46683592150962996E-002 -0.30599999999999999        0.0000000000000000                      +Infinity
 -4.46683592150962996E-002 -0.30199999999999999        0.0000000000000000                      +Infinity
 -4.46683592150962996E-002 -0.29799999999999999        0.0000000000000000                      +Infinity
 -4.46683592150962996E-002 -0.29399999999999998        0.0000000000000000                      +Infinity
 -4.46683592150962996E-002 -0.28999999999999998        0.0000000000000000                      +Infinity
 -4.46683592150962996E-002 -0.28599999999999998        0.0000000000000000                      +Infinity
 -4.46683592150962996E-002 -0.28199999999999997        0.0000000000000000                      +Infinity
 -4.46683592150962996E-002 -0.27800000000000002        0.0000000000000000                      +Infinity
 -4.46683592150962996E-002 -0.27400000000000002        0.0000000000000000                      +Infinity
 -4.46683592150962996E-002 -0.27000000000000002        0.0000000000000000                      +Infinity
 -4.46683592150962996E-002 -0.26600000000000001        0.0000000000000000                      +Infinity
 -4.46683592150962996E-002 -0.26200000000000001        0.0000000000000000                      +Infinity
 -4.46683592150962996E-002 -0.25800000000000001        0.0000000000000000                      +Infinity
 -4.46683592150962996E-002 -0.25400000000000000        0.0000000000000000                      +Infinity
 -4.46683592150962996E-002 -0.25000000000000000        0.0000000000000000                      +Infinity
 -4.46683592150962996E-002 -0.24600000000000000        0.0000000000000000                      +Infinity
 -4.46683592150962996E-002 -0.24199999999999999        0.0000000000000000                      +Infinity
 -4.46683592150962996E-002 -0.23799999999999999        0.0000000000000000                      +Infinity
 -4.46683592150962996E-002 -0.23400000000000001        0.0000000000000000                      +Infinity
 -4.46683592150962996E-002 -0.23000000000000001        0.0000000000000000                      +Infinity
 -4.46683592150962996E-002 -0.22600000000000001        0.0000000000000000                      +Infinity
 -4.46683592150962996E-002 -0.22200000000000000        0.0000000000000000                      +Infinity
 -4.46683592150962996E-002 -0.21800000000000000        0.0000000000000000                      +Infinity
 -4.46683592150962996E-002 -0.21400000000000000        0.0000000000000000                      +Infinity
 -4.46683592150962996E-002 -0.20999999999999999        0.0000000000000000                      +Infinity
 -4.46683592150962996E-002 -0.20599999999999999        0.0000000000000000                      +Infinity
 -4.46683592150962996E-002 -0.20200000000000001        0.0000000000000000                      +Infinity
 -4.46683592150962996E-002 -0.19800000000000001        0.0000000000000000                      +Infinity
 -4.46683592150962996E-002 -0.19400000000000001        0.0000000000000000                      +Infinity
 -4.46683592150962996E-002 -0.19000000000000000        0.0000000000000000                      +Infinity
 -4.46683592150962996E-002 -0.18600000000000000        0.0000000000000000                      +Infinity
 -4.46683592150962996E-002 -0.18200000000000000        0.0000000000000000                      +Infinity
 -4.46683592150962996E-002 -0.17799999999999999        0.0000000000000000                      +Infinity
 -4.46683592150962996E-002 -0.17399999999999999        0.0000000000000000                      +Infinity
 -4.46683592150962996E-002 -0.17000000000000001        0.0000000000000000                      +Infinity
 -4.46683592150962996E-002 -0.16600000000000001        0.0000000000000000                      +Infinity
 -4.46683592150962996E-002 -0.16200000000000001        0.0000000000000000                      +Infinity
 -4.46683592150962996E-002 -0.15800000000000000        0.0000000000000000                      +Infinity
 -4.46683592150962996E-002 -0.15400000000000000        0.0000000000000000                      +Infinity
 -4.46683592150962996E-002 -0.14999999999999999        0.0000000000000000                      +Infinity
 -4.46683592150962996E-002 -0.14599999999999999        0.0000000000000000                      +Infinity
 -4.46683592150962996E-002 -0.14199999999999999        0.0000000000000000                      +Infinity
 -4.46683592150962996E-002 -0.13800000000000001        0.0000000000000000                      +Infinity
 -4.46683592150962996E-002 -0.13400000000000001        0.0000000000000000                      +Infinity
 -4.46683592150962996E-002 -0.13000000000000000        0.0000000000000000                      +Infinity
 -4.46683592150962996E-002 -0.12600000000000000        0.0000000000000000                      +Infinity
 -4.46683592150962996E-002 -0.12200000000000000        0.0000000000000000                      +Infinity
 -4.46683592150962996E-002 -0.11799999999999999        0.0000000000000000                      +Infinity
 -4.46683592150962996E-002 -0.11400000000000000        0.0000000000000000                      +Infinity
 -4.46683592150962996E-002 -0.11000000000000000        0.0000000000000000                      +Infinity
 -4.46683592150962996E-002 -0.10600000000000000        0.0000000000000000                      +Infinity
 -4.46683592150962996E-002 -0.10199999999999999        0.0000000000000000                      +Infinity
 -4.46683592150962996E-002 -9.80000000000000038E-002   0.0000000000000000                      +Infinity
 -4.46683592150962996E-002 -9.40000000000000002E-002   0.0000000000000000                      +Infinity
 -4.46683592150962996E-002 -8.99999999999999967E-002   0.0000000000000000                      +Infinity
 -4.46683592150962996E-002 -8.59999999999999931E-002   0.0000000000000000                      +Infinity
 -4.46683592150962996E-002 -8.20000000000000034E-002   0.0000000000000000                      +Infinity
 -4.46683592150962996E-002 -7.79999999999999999E-002   0.0000000000000000                      +Infinity
 -4.46683592150962996E-002 -7.39999999999999963E-002   0.0000000000000000                      +Infinity
 -4.46683592150962996E-002 -7.00000000000000067E-002   0.0000000000000000                      +Infinity
 -4.46683592150962996E-002 -6.60000000000000031E-002   0.0000000000000000                      +Infinity
 -4.46683592150962996E-002 -6.19999999999999996E-002   0.0000000000000000                      +Infinity
 -4.46683592150962996E-002 -5.80000000000000029E-002   0.0000000000000000                      +Infinity
 -4.46683592150962996E-002 -5.39999999999999994E-002   0.0000000000000000                      +Infinity
 -4.46683592150962996E-002 -5.00000000000000028E-002   0.0000000000000000                      +Infinity
 -4.46683592150962996E-002 -4.59999999999999992E-002   0.0000000000000000                      +Infinity
 -4.46683592150962996E-002 -4.20000000000000026E-002   0.0000000000000000                      +Infinity
 -4.46683592150962996E-002 -3.79999999999999991E-002   0.0000000000000000                      +Infinity
 -4.46683592150962996E-002 -3.40000000000000024E-002   0.0000000000000000                      +Infinity
 -4.46683592150962996E-002 -2.99999999999999989E-002   0.0000000000000000                      +Infinity
 -4.46683592150962996E-002 -2.59999999999999988E-002   0.0000000000000000                      +Infinity
 -4.46683592150962996E-002 -2.19999999999999987E-002   0.0000000000000000                      +Infinity
 -4.46683592150962996E-002 -1.79999999999999986E-002   0.0000000000000000                      +Infinity
 -4.46683592150962996E-002 -1.40000000000000003E-002   0.0000000000000000                      +Infinity
 -4.46683592150962996E-002 -1.00000000000000002E-002   0.0000000000000000                      +Infinity
 -4.46683592150962996E-002 -6.00000000000000012E-003   0.0000000000000000                      +Infinity
 -4.46683592150962996E-002 -2.00000000000000004E-003   0.0000000000000000                      +Infinity
 -4.46683592150962996E-002  2.00000000000000004E-003   0.0000000000000000                      +Infinity
 -4.46683592150962996E-002  6.00000000000000012E-003   0.0000000000000000                      +Infinity
 -4.46683592150962996E-002  1.00000000000000002E-002   0.0000000000000000                      +Infinity
 -4.46683592150962996E-002  1.40000000000000003E-002   0.0000000000000000                      +Infinity
 -4.46683592150962996E-002  1.79999999999999986E-002   0.0000000000000000                      +Infinity
 -4.46683592150962996E-002  2.19999999999999987E-002   0.0000000000000000                      +Infinity
 -4.46683592150962996E-002  2.59999999999999988E-002   0.0000000000000000                      +Infinity
 -4.46683592150962996E-002  2.99999999999999989E-002   0.0000000000000000                      +Infinity
 -4.46683592150962996E-002  3.40000000000000024E-002   0.0000000000000000                      +Infinity
 -4.46683592150962996E-002  3.79999999999999991E-002   0.0000000000000000                      +Infinity
 -4.46683592150962996E-002  4.20000000000000026E-002   0.0000000000000000                      +Infinity
 -4.46683592150962996E-002  4.59999999999999992E-002   0.0000000000000000                      +Infinity
 -4.46683592150962996E-002  5.00000000000000028E-002   0.0000000000000000                      +Infinity
 -4.46683592150962996E-002  5.39999999999999994E-002   0.0000000000000000                      +Infinity
 -4.46683592150962996E-002  5.80000000000000029E-002   0.0000000000000000                      +Infinity
 -4.46683592150962996E-002  6.19999999999999996E-002   0.0000000000000000                      +Infinity
 -4.46683592150962996E-002  6.60000000000000031E-002   0.0000000000000000                      +Infinity
 -4.46683592150962996E-002  7.00000000000000067E-002   0.0000000000000000                      +Infinity
 -4.46683592150962996E-002  7.39999999999999963E-002   0.0000000000000000                      +Infinity
 -4.46683592150962996E-002  7.79999999999999999E-002   0.0000000000000000                      +Infinity
 -4.46683592150962996E-002  8.20000000000000034E-002   0.0000000000000000                      +Infinity
 -4.46683592150962996E-002  8.59999999999999931E-002   0.0000000000000000                      +Infinity
 -4.46683592150962996E-002  8.99999999999999967E-002   0.0000000000000000                      +Infinity
 -4.46683592150962996E-002  9.40000000000000002E-002   0.0000000000000000                      +Infinity
 -4.46683592150962996E-002  9.80000000000000038E-002   0.0000000000000000                      +Infinity
 -4.46683592150962996E-002  0.10199999999999999        0.0000000000000000                      +Infinity
 -4.46683592150962996E-002  0.10600000000000000        0.0000000000000000                      +Infinity
 -4.46683592150962996E-002  0.11000000000000000        0.0000000000000000                      +Infinity
 -4.46683592150962996E-002  0.11400000000000000        0.0000000000000000                      +Infinity
 -4.46683592150962996E-002  0.11799999999999999        0.0000000000000000                      +Infinity
 -4.46683592150962996E-002  0.12200000000000000        0.0000000000000000                      +Infinity
 -4.46683592150962996E-002  0.12600000000000000        0.0000000000000000                      +Infinity
 -4.46683592150962996E-002  0.13000000000000000        0.0000000000000000                      +Infinity
 -4.46683592150962996E-002  0.13400000000000001        0.0000000000000000                      +Infinity
 -4.46683592150962996E-002  0.13800000000000001        0.0000000000000000                      +Infinity
 -4.46683592150962996E-002  0.14199999999999999        0.0000000000000000                      +Infinity
 -4.46683592150962996E-002  0.14599999999999999        0.0000000000000000                      +Infinity
 -4.46683592150962996E-002  0.14999999999999999        0.0000000000000000                      +Infinity
 -4.46683592150962996E-002  0.15400000000000000        0.0000000000000000                      +Infinity
 -4.46683592150962996E-002  0.15800000000000000        0.0000000000000000                      +Infinity
 -4.46683592150962996E-002  0.16200000000000001        0.0000000000000000                      +Infinity
 -4.46683592150962996E-002  0.16600000000000001        0.0000000000000000                      +Infinity
 -4.46683592150962996E-002  0.17000000000000001        0.0000000000000000                      +Infinity
 -4.46683592150962996E-002  0.17399999999999999        0.0000000000000000                      +Infinity
 -4.46683592150962996E-002  0.17799999999999999        0.0000000000000000                      +Infinity
 -4.46683592150962996E-002  0.18200000000000000        0.0000000000000000                      +Infinity
 -4.46683592150962996E-002  0.18600000000000000        0.0000000000000000                      +Infinity
 -4.46683592150962996E-002  0.19000000000000000        0.0000000000000000                      +Infinity
 -4.46683592150962996E-002  0.19400000000000001        0.0000000000000000                      +Infinity
 -4.46683592150962996E-002  0.19800000000000001        0.0000000000000000                      +Infinity
 -4.46683592150962996E-002  0.20200000000000001        0.0000000000000000                      +Infinity
 -4.46683592150962996E-002  0.20599999999999999        0.0000000000000000                      +Infinity
 -4.46683592150962996E-002  0.20999999999999999        0.0000000000000000                      +Infinity
 -4.46683592150962996E-002  0.21400000000000000        0.0000000000000000                      +Infinity
 -4.46683592150962996E-002  0.21800000000000000        0.0000000000000000                      +Infinity
 -4.46683592150962996E-002  0.22200000000000000        0.0000000000000000                      +Infinity
 -4.46683592150962996E-002  0.22600000000000001        0.0000000000000000                      +Infinity
 -4.46683592150962996E-002  0.23000000000000001        0.0000000000000000                      +Infinity
 -4.46683592150962996E-002  0.23400000000000001        0.0000000000000000                      +Infinity
 -4.46683592150962996E-002  0.23799999999999999        0.0000000000000000                      +Infinity
 -4.46683592150962996E-002  0.24199999999999999        0.0000000000000000                      +Infinity
 -4.46683592150962996E-002  0.24600000000000000        0.0000000000000000                      +Infinity
 -4.46683592150962996E-002  0.25000000000000000        0.0000000000000000                      +Infinity
 -4.46683592150962996E-002  0.25400000000000000        0.0000000000000000                      +Infinity
 -4.46683592150962996E-002  0.25800000000000001        0.0000000000000000                      +Infinity
 -4.46683592150962996E-002  0.26200000000000001        0.0000000000000000                      +Infinity
 -4.46683592150962996E-002  0.26600000000000001        0.0000000000000000                      +Infinity
 -4.46683592150962996E-002  0.27000000000000002        0.0000000000000000                      +Infinity
 -4.46683592150962996E-002  0.27400000000000002        0.0000000000000000                      +Infinity
 -4.46683592150962996E-002  0.27800000000000002        0.0000000000000000                      +Infinity
 -4.46683592150962996E-002  0.28199999999999997        0.0000000000000000                      +Infinity
 -4.46683592150962996E-002  0.28599999999999998        0.0000000000000000                      +Infinity
 -4.46683592150962996E-002  0.28999999999999998        0.0000000000000000                      +Infinity
 -4.46683592150962996E-002  0.29399999999999998        0.0000000000000000                      +Infinity
 -4.46683592150962996E-002  0.29799999999999999        0.0000000000000000                      +Infinity
 -4.46683592150962996E-002  0.30199999999999999        0.0000000000000000                      +Infinity
 -4.46683592150962996E-002  0.30599999999999999        0.0000000000000000                      +Infinity
 -4.46683592150962996E-002  0.31000000000000000        0.0000000000000000                      +Infinity
 -4.46683592150962996E-002  0.31400000000000000        0.0000000000000000                      +Infinity
 -4.46683592150962996E-002  0.31800000000000000        0.0000000000000000                      +Infinity
 -4.46683592150962996E-002  0.32200000000000001        0.0000000000000000                      +Infinity
 -4.46683592150962996E-002  0.32600000000000001        0.0000000000000000                      +Infinity
 -4.46683592150962996E-002  0.33000000000000002        0.0000000000000000                      +Infinity
 -4.46683592150962996E-002  0.33400000000000002        0.0000000000000000                      +Infinity
 -4.46683592150962996E-002  0.33800000000000002        0.0000000000000000                      +Infinity
 -4.46683592150962996E-002  0.34200000000000003        0.0000000000000000                      +Infinity
 -4.46683592150962996E-002  0.34599999999999997        0.0000000000000000                      +Infinity
 -4.46683592150962996E-002  0.34999999999999998        0.0000000000000000                      +Infinity
 -4.46683592150962996E-002  0.35399999999999998        0.0000000000000000                      +Infinity
 -4.46683592150962996E-002  0.35799999999999998        0.0000000000000000                      +Infinity
 -4.46683592150962996E-002  0.36199999999999999        0.0000000000000000                      +Infinity
 -4.46683592150962996E-002  0.36599999999999999        0.0000000000000000                      +Infinity
 -4.46683592150962996E-002  0.37000000000000000        0.0000000000000000                      +Infinity
 -4.46683592150962996E-002  0.37400000000000000        0.0000000000000000                      +Infinity
 -4.46683592150962996E-002  0.37800000000000000        0.0000000000000000                      +Infinity
 -4.46683592150962996E-002  0.38200000000000001        0.0000000000000000                      +Infinity
 -4.46683592150962996E-002  0.38600000000000001        0.0000000000000000                      +Infinity
 -4.46683592150962996E-002  0.39000000000000001        0.0000000000000000                      +Infinity
 -4.46683592150962996E-002  0.39400000000000002        0.0000000000000000                      +Infinity
 -4.46683592150962996E-002  0.39800000000000002        0.0000000000000000                      +Infinity
 -4.46683592150962996E-002  0.40200000000000002        0.0000000000000000                      +Infinity
 -4.46683592150962996E-002  0.40600000000000003        0.0000000000000000                      +Infinity
 -4.46683592150962996E-002  0.40999999999999998        0.0000000000000000                      +Infinity
 -4.46683592150962996E-002  0.41399999999999998        0.0000000000000000                      +Infinity
 -4.46683592150962996E-002  0.41799999999999998        0.0000000000000000                      +Infinity
 -4.46683592150962996E-002  0.42199999999999999        0.0000000000000000                      +Infinity
 -4.46683592150962996E-002  0.42599999999999999        0.0000000000000000                      +Infinity
 -4.46683592150962996E-002  0.42999999999999999        0.0000000000000000                      +Infinity
 -4.46683592150962996E-002  0.43400000000000000        0.0000000000000000                      +Infinity
 -4.46683592150962996E-002  0.43800000000000000        0.0000000000000000                      +Infinity
 -4.46683592150962996E-002  0.44200000000000000        0.0000000000000000                      +Infinity
 -4.46683592150962996E-002  0.44600000000000001        0.0000000000000000                      +Infinity
 -4.46683592150962996E-002  0.45000000000000001        0.0000000000000000                      +Infinity
 -4.46683592150962996E-002  0.45400000000000001        0.0000000000000000                      +Infinity
 -4.46683592150962996E-002  0.45800000000000002        0.0000000000000000                      +Infinity
 -4.46683592150962996E-002  0.46200000000000002        0.0000000000000000                      +Infinity
 -4.46683592150962996E-002  0.46600000000000003        0.0000000000000000                      +Infinity
 -4.46683592150962996E-002  0.46999999999999997        0.0000000000000000                      +Infinity
 -4.46683592150962996E-002  0.47399999999999998        0.0000000000000000                      +Infinity
 -4.46683592150962996E-002  0.47799999999999998        0.0000000000000000                      +Infinity
 -4.46683592150962996E-002  0.48199999999999998        0.0000000000000000                      +Infinity
 -4.46683592150962996E-002  0.48599999999999999        0.0000000000000000                      +Infinity
 -4.46683592150962996E-002  0.48999999999999999        0.0000000000000000                      +Infinity
 -4.46683592150962996E-002  0.49399999999999999        0.0000000000000000                      +Infinity
 -4.46683592150962996E-002  0.49800000000000000        0.0000000000000000                      +Infinity
 -4.46683592150962996E-002  0.50200000000000000        0.0000000000000000                      +Infinity
 -4.46683592150962996E-002  0.50600000000000001        0.0000000000000000                      +Infinity
 -4.46683592150962996E-002  0.51000000000000001        0.0000000000000000                      +Infinity
 -4.46683592150962996E-002  0.51400000000000001        0.0000000000000000                      +Infinity
 -4.46683592150962996E-002  0.51800000000000002        0.0000000000000000                      +Infinity
 -4.46683592150962996E-002  0.52200000000000002        0.0000000000000000                      +Infinity
 -4.46683592150962996E-002  0.52600000000000002        0.0000000000000000                      +Infinity
 -4.46683592150962996E-002  0.53000000000000003        0.0000000000000000                      +Infinity
 -4.46683592150962996E-002  0.53400000000000003        0.0000000000000000                      +Infinity
 -4.46683592150962996E-002  0.53800000000000003        0.0000000000000000                      +Infinity
 -4.46683592150962996E-002  0.54200000000000004        0.0000000000000000                      +Infinity
 -4.46683592150962996E-002  0.54600000000000004        0.0000000000000000                      +Infinity
 -4.46683592150962996E-002  0.55000000000000004        0.0000000000000000                      +Infinity
 -4.46683592150962996E-002  0.55400000000000005        0.0000000000000000                      +Infinity
 -4.46683592150962996E-002  0.55800000000000005        0.0000000000000000                      +Infinity
 -4.46683592150962996E-002  0.56200000000000006        0.0000000000000000                      +Infinity
 -4.46683592150962996E-002  0.56599999999999995        0.0000000000000000                      +Infinity
 -4.46683592150962996E-002  0.56999999999999995        0.0000000000000000                      +Infinity
 -4.46683592150962996E-002  0.57399999999999995        0.0000000000000000                      +Infinity
 -4.46683592150962996E-002  0.57799999999999996        0.0000000000000000                      +Infinity
 -4.46683592150962996E-002  0.58199999999999996        0.0000000000000000                      +Infinity
 -4.46683592150962996E-002  0.58599999999999997        0.0000000000000000                      +Infinity
 -4.46683592150962996E-002  0.58999999999999997        0.0000000000000000                      +Infinity
 -4.46683592150962996E-002  0.59399999999999997        0.0000000000000000                      +Infinity
 -4.46683592150962996E-002  0.59799999999999998        0.0000000000000000                      +Infinity
 -4.46683592150962996E-002  0.60199999999999998        0.0000000000000000                      +Infinity
 -4.46683592150962996E-002  0.60599999999999998        0.0000000000000000                      +Infinity
 -4.46683592150962996E-002  0.60999999999999999        0.0000000000000000                      +Infinity
 -4.46683592150962996E-002  0.61399999999999999        0.0000000000000000                      +Infinity
 -4.46683592150962996E-002  0.61799999999999999        0.0000000000000000                      +Infinity
 -4.46683592150962996E-002  0.62200000000000000        0.0000000000000000                      +Infinity
 -4.46683592150962996E-002  0.62600000000000000        0.0000000000000000                      +Infinity
 -4.46683592150962996E-002  0.63000000000000000        0.0000000000000000                      +Infinity
 -4.46683592150962996E-002  0.63400000000000001        0.0000000000000000                      +Infinity
 -4.46683592150962996E-002  0.63800000000000001        0.0000000000000000                      +Infinity
 -4.46683592150962996E-002  0.64200000000000002        0.0000000000000000                      +Infinity
 -4.46683592150962996E-002  0.64600000000000002        0.0000000000000000                      +Infinity
 -4.46683592150962996E-002  0.65000000000000002        0.0000000000000000                      +Infinity
 -4.46683592150962996E-002  0.65400000000000003        0.0000000000000000                      +Infinity
 -4.46683592150962996E-002  0.65800000000000003        0.0000000000000000                      +Infinity
 -4.46683592150962996E-002  0.66200000000000003        0.0000000000000000                      +Infinity
 -4.46683592150962996E-002  0.66600000000000004        0.0000000000000000                      +Infinity
 -4.46683592150962996E-002  0.67000000000000004        0.0000000000000000                      +Infinity
 -4.46683592150962996E-002  0.67400000000000004        0.0000000000000000                      +Infinity
 -4.46683592150962996E-002  0.67800000000000005        0.0000000000000000                      +Infinity
 -4.46683592150962996E-002  0.68200000000000005        0.0000000000000000                      +Infinity
 -4.46683592150962996E-002  0.68600000000000005        0.0000000000000000                      +Infinity
 -4.46683592150962996E-002  0.68999999999999995        0.0000000000000000                      +Infinity
 -4.46683592150962996E-002  0.69399999999999995        0.0000000000000000                      +Infinity
 -4.46683592150962996E-002  0.69799999999999995        0.0000000000000000                      +Infinity
 -4.46683592150962996E-002  0.70199999999999996        0.0000000000000000                      +Infinity
 -4.46683592150962996E-002  0.70599999999999996       3.06333333333333297E-008   17.301177096252879
 -4.46683592150962996E-002  0.70999999999999996       6.05383333333333252E-007   14.317403970745460
 -4.46683592150962996E-002  0.71399999999999997       2.15934166666666657E-006   13.045707166674886
 -4.46683592150962996E-002  0.71799999999999997       5.19231666666666695E-006   12.168330589153758
 -4.46683592150962996E-002  0.72199999999999998       6.14948333333333346E-006   11.999142490515064
 -4.46683592150962996E-002  0.72599999999999998       1.33871666666666661E-005   11.221214021348816
 -4.46683592150962996E-002  0.72999999999999998       2.38626166666666676E-005   10.643197479802655
 -4.46683592150962996E-002  0.73399999999999999       4.71643583333333335E-005   9.9618720706760175
 -4.46683592150962996E-002  0.73799999999999999       7.59414500000000012E-005   9.4855479093213102
 -4.46683592150962996E-002  0.74199999999999999       1.19149875000000008E-004   9.0351284035178487
 -4.46683592150962996E-002  0.74600000000000000       1.85026400000000001E-004   8.5950120403643080
 -4.46683592150962996E-002  0.75000000000000000       3.06679166666666656E-004   8.0897084165504349
 -4.46683592150962996E-002  0.75400000000000000       4.95275633333333359E-004   7.6103961153538391
 -4.46683592150962996E-002  0.75800000000000001       8.27709091666666702E-004   7.0968488038796966
 -4.46683592150962996E-002  0.76200000000000001       1.41249070833333336E-003   6.5624006731364055
 -4.46683592150962996E-002  0.76600000000000001       2.36972689166666667E-003   6.0449805660589124
 -4.46683592150962996E-002  0.77000000000000002       3.94290349999999994E-003   5.5358378981370855
 -4.46683592150962996E-002  0.77400000000000002       6.50745832500000069E-003   5.0348063252651194
 -4.46683592150962996E-002  0.77800000000000002       1.06088025999999998E-002   4.5460711885213581
 -4.46683592150962996E-002  0.78200000000000003       1.71474742083333326E-002   4.0659043926984557
 -4.46683592150962996E-002  0.78600000000000003       2.69371962833333325E-002   3.6142471860463883
 -4.46683592150962996E-002  0.79000000000000004       4.10358937666666715E-002   3.1933081375438537
 -4.46683592150962996E-002  0.79400000000000004       5.88902980999999950E-002   2.8320789200585068
 -4.46683592150962996E-002  0.79800000000000004       7.96929097250000107E-002   2.5295746591884942
 -4.46683592150962996E-002  0.80200000000000005       0.10112623783333334        2.2913856630521097
 -4.46683592150962996E-002  0.80600000000000005       0.11921805142500000        2.1268010976872889
 -4.46683592150962996E-002  0.81000000000000005       0.12795881760000000        2.0560468043311335
 -4.46683592150962996E-002  0.81399999999999995       0.12341012230833333        2.0922421424444195
 -4.46683592150962996E-002  0.81799999999999995       0.10520832129166667        2.2518128820760746
 -4.46683592150962996E-002  0.82199999999999995       7.80466868666666591E-002   2.5504480817792441
 -4.46683592150962996E-002  0.82599999999999996       4.98590068250000032E-002   2.9985561203590838
 -4.46683592150962996E-002  0.82999999999999996       2.68382252416666696E-002   3.6179280926987993
 -4.46683592150962996E-002  0.83399999999999996       1.18686119083333333E-002   4.4338580183669229
 -4.46683592150962996E-002  0.83799999999999997       4.27279364999999956E-003   5.4554874150847343
 -4.46683592150962996E-002  0.84199999999999997       1.22457732499999992E-003   6.7051595353420517
 -4.46683592150962996E-002  0.84599999999999997       2.68375333333333325E-004   8.2231240597229398
 -4.46683592150962996E-002  0.84999999999999998       4.08169083333333372E-005   10.106414142467742
 -4.46683592150962996E-002  0.85399999999999998       5.26446666666666676E-006   12.154530715388388
 -4.46683592150962996E-002  0.85799999999999998       6.03991666666666604E-007   14.319705436016267
 -4.46683592150962996E-002  0.86199999999999999        0.0000000000000000                      +Infinity
 -4.46683592150962996E-002  0.86599999999999999        0.0000000000000000                      +Infinity
 -4.46683592150962996E-002  0.87000000000000000        0.0000000000000000                      +Infinity
 -4.46683592150962996E-002  0.87400000000000000        0.0000000000000000                      +Infinity
 -4.46683592150962996E-002  0.87800000000000000        0.0000000000000000                      +Infinity
 -4.46683592150962996E-002  0.88200000000000001        0.0000000000000000                      +Infinity
 -4.46683592150962996E-002  0.88600000000000001        0.0000000000000000                      +Infinity
 -4.46683592150962996E-002  0.89000000000000001        0.0000000000000000                      +Infinity
 -4.46683592150962996E-002  0.89400000000000002        0.0000000000000000                      +Infinity
 -4.46683592150962996E-002  0.89800000000000002        0.0000000000000000                      +Infinity
 -4.46683592150962996E-002  0.90200000000000002        0.0000000000000000                      +Infinity
 -4.46683592150962996E-002  0.90600000000000003        0.0000000000000000                      +Infinity
 -4.46683592150962996E-002  0.91000000000000003        0.0000000000000000                      +Infinity
 -4.46683592150962996E-002  0.91400000000000003        0.0000000000000000                      +Infinity
 -4.46683592150962996E-002  0.91800000000000004        0.0000000000000000                      +Infinity
 -4.46683592150962996E-002  0.92200000000000004        0.0000000000000000                      +Infinity
 -4.46683592150962996E-002  0.92600000000000005        0.0000000000000000                      +Infinity
 -4.46683592150962996E-002  0.93000000000000005        0.0000000000000000                      +Infinity
 -4.46683592150962996E-002  0.93400000000000005        0.0000000000000000                      +Infinity
 -4.46683592150962996E-002  0.93799999999999994        0.0000000000000000                      +Infinity
 -4.46683592150962996E-002  0.94199999999999995        0.0000000000000000                      +Infinity
 -4.46683592150962996E-002  0.94599999999999995        0.0000000000000000                      +Infinity
 -4.46683592150962996E-002  0.94999999999999996        0.0000000000000000                      +Infinity
 -4.46683592150962996E-002  0.95399999999999996        0.0000000000000000                      +Infinity
 -4.46683592150962996E-002  0.95799999999999996        0.0000000000000000                      +Infinity
 -4.46683592150962996E-002  0.96199999999999997        0.0000000000000000                      +Infinity
 -4.46683592150962996E-002  0.96599999999999997        0.0000000000000000                      +Infinity
 -4.46683592150962996E-002  0.96999999999999997        0.0000000000000000                      +Infinity
 -4.46683592150962996E-002  0.97399999999999998        0.0000000000000000                      +Infinity
 -4.46683592150962996E-002  0.97799999999999998        0.0000000000000000                      +Infinity
 -4.46683592150962996E-002  0.98199999999999998        0.0000000000000000                      +Infinity
 -4.46683592150962996E-002  0.98599999999999999        0.0000000000000000                      +Infinity
 -4.46683592150962996E-002  0.98999999999999999        0.0000000000000000                      +Infinity
 -4.46683592150962996E-002  0.99399999999999999        0.0000000000000000                      +Infinity
 -4.46683592150962996E-002  0.99800000000000000        0.0000000000000000                      +Infinity
