 -1.99526231496887987E-002 -0.99800000000000000        0.0000000000000000                      +Infinity
 -1.99526231496887987E-002 -0.99399999999999999        0.0000000000000000                      +Infinity
 -1.99526231496887987E-002 -0.98999999999999999        0.0000000000000000                      +Infinity
 -1.99526231496887987E-002 -0.98599999999999999        0.0000000000000000                      +Infinity
 -1.99526231496887987E-002 -0.98199999999999998        0.0000000000000000                      +Infinity
 -1.99526231496887987E-002 -0.97799999999999998        0.0000000000000000                      +Infinity
 -1.99526231496887987E-002 -0.97399999999999998        0.0000000000000000                      +Infinity
 -1.99526231496887987E-002 -0.96999999999999997        0.0000000000000000                      +Infinity
 -1.99526231496887987E-002 -0.96599999999999997        0.0000000000000000                      +Infinity
 -1.99526231496887987E-002 -0.96199999999999997        0.0000000000000000                      +Infinity
 -1.99526231496887987E-002 -0.95799999999999996        0.0000000000000000                      +Infinity
 -1.99526231496887987E-002 -0.95399999999999996        0.0000000000000000                      +Infinity
 -1.99526231496887987E-002 -0.94999999999999996        0.0000000000000000                      +Infinity
 -1.99526231496887987E-002 -0.94599999999999995        0.0000000000000000                      +Infinity
 -1.99526231496887987E-002 -0.94199999999999995        0.0000000000000000                      +Infinity
 -1.99526231496887987E-002 -0.93799999999999994        0.0000000000000000                      +Infinity
 -1.99526231496887987E-002 -0.93400000000000005        0.0000000000000000                      +Infinity
 -1.99526231496887987E-002 -0.93000000000000005        0.0000000000000000                      +Infinity
 -1.99526231496887987E-002 -0.92600000000000005        0.0000000000000000                      +Infinity
 -1.99526231496887987E-002 -0.92200000000000004        0.0000000000000000                      +Infinity
 -1.99526231496887987E-002 -0.91800000000000004        0.0000000000000000                      +Infinity
 -1.99526231496887987E-002 -0.91400000000000003        0.0000000000000000                      +Infinity
 -1.99526231496887987E-002 -0.91000000000000003        0.0000000000000000                      +Infinity
 -1.99526231496887987E-002 -0.90600000000000003        0.0000000000000000                      +Infinity
 -1.99526231496887987E-002 -0.90200000000000002        0.0000000000000000                      +Infinity
 -1.99526231496887987E-002 -0.89800000000000002        0.0000000000000000                      +Infinity
 -1.99526231496887987E-002 -0.89400000000000002        0.0000000000000000                      +Infinity
 -1.99526231496887987E-002 -0.89000000000000001        0.0000000000000000                      +Infinity
 -1.99526231496887987E-002 -0.88600000000000001        0.0000000000000000                      +Infinity
 -1.99526231496887987E-002 -0.88200000000000001        0.0000000000000000                      +Infinity
 -1.99526231496887987E-002 -0.87800000000000000        0.0000000000000000                      +Infinity
 -1.99526231496887987E-002 -0.87400000000000000        0.0000000000000000                      +Infinity
 -1.99526231496887987E-002 -0.87000000000000000        0.0000000000000000                      +Infinity
 -1.99526231496887987E-002 -0.86599999999999999        0.0000000000000000                      +Infinity
 -1.99526231496887987E-002 -0.86199999999999999        0.0000000000000000                      +Infinity
 -1.99526231496887987E-002 -0.85799999999999998        0.0000000000000000                      +Infinity
 -1.99526231496887987E-002 -0.85399999999999998        0.0000000000000000                      +Infinity
 -1.99526231496887987E-002 -0.84999999999999998        0.0000000000000000                      +Infinity
 -1.99526231496887987E-002 -0.84599999999999997        0.0000000000000000                      +Infinity
 -1.99526231496887987E-002 -0.84199999999999997        0.0000000000000000                      +Infinity
 -1.99526231496887987E-002 -0.83799999999999997        0.0000000000000000                      +Infinity
 -1.99526231496887987E-002 -0.83399999999999996        0.0000000000000000                      +Infinity
 -1.99526231496887987E-002 -0.82999999999999996        0.0000000000000000                      +Infinity
 -1.99526231496887987E-002 -0.82599999999999996        0.0000000000000000                      +Infinity
 -1.99526231496887987E-002 -0.82199999999999995        0.0000000000000000                      +Infinity
 -1.99526231496887987E-002 -0.81799999999999995        0.0000000000000000                      +Infinity
 -1.99526231496887987E-002 -0.81399999999999995        0.0000000000000000                      +Infinity
 -1.99526231496887987E-002 -0.81000000000000005        0.0000000000000000                      +Infinity
 -1.99526231496887987E-002 -0.80600000000000005        0.0000000000000000                      +Infinity
 -1.99526231496887987E-002 -0.80200000000000005        0.0000000000000000                      +Infinity
 -1.99526231496887987E-002 -0.79800000000000004        0.0000000000000000                      +Infinity
 -1.99526231496887987E-002 -0.79400000000000004        0.0000000000000000                      +Infinity
 -1.99526231496887987E-002 -0.79000000000000004        0.0000000000000000                      +Infinity
 -1.99526231496887987E-002 -0.78600000000000003        0.0000000000000000                      +Infinity
 -1.99526231496887987E-002 -0.78200000000000003        0.0000000000000000                      +Infinity
 -1.99526231496887987E-002 -0.77800000000000002        0.0000000000000000                      +Infinity
 -1.99526231496887987E-002 -0.77400000000000002        0.0000000000000000                      +Infinity
 -1.99526231496887987E-002 -0.77000000000000002        0.0000000000000000                      +Infinity
 -1.99526231496887987E-002 -0.76600000000000001        0.0000000000000000                      +Infinity
 -1.99526231496887987E-002 -0.76200000000000001        0.0000000000000000                      +Infinity
 -1.99526231496887987E-002 -0.75800000000000001        0.0000000000000000                      +Infinity
 -1.99526231496887987E-002 -0.75400000000000000        0.0000000000000000                      +Infinity
 -1.99526231496887987E-002 -0.75000000000000000        0.0000000000000000                      +Infinity
 -1.99526231496887987E-002 -0.74600000000000000        0.0000000000000000                      +Infinity
 -1.99526231496887987E-002 -0.74199999999999999        0.0000000000000000                      +Infinity
 -1.99526231496887987E-002 -0.73799999999999999        0.0000000000000000                      +Infinity
 -1.99526231496887987E-002 -0.73399999999999999        0.0000000000000000                      +Infinity
 -1.99526231496887987E-002 -0.72999999999999998        0.0000000000000000                      +Infinity
 -1.99526231496887987E-002 -0.72599999999999998        0.0000000000000000                      +Infinity
 -1.99526231496887987E-002 -0.72199999999999998        0.0000000000000000                      +Infinity
 -1.99526231496887987E-002 -0.71799999999999997        0.0000000000000000                      +Infinity
 -1.99526231496887987E-002 -0.71399999999999997        0.0000000000000000                      +Infinity
 -1.99526231496887987E-002 -0.70999999999999996        0.0000000000000000                      +Infinity
 -1.99526231496887987E-002 -0.70599999999999996        0.0000000000000000                      +Infinity
 -1.99526231496887987E-002 -0.70199999999999996        0.0000000000000000                      +Infinity
 -1.99526231496887987E-002 -0.69799999999999995        0.0000000000000000                      +Infinity
 -1.99526231496887987E-002 -0.69399999999999995        0.0000000000000000                      +Infinity
 -1.99526231496887987E-002 -0.68999999999999995        0.0000000000000000                      +Infinity
 -1.99526231496887987E-002 -0.68600000000000005        0.0000000000000000                      +Infinity
 -1.99526231496887987E-002 -0.68200000000000005        0.0000000000000000                      +Infinity
 -1.99526231496887987E-002 -0.67800000000000005        0.0000000000000000                      +Infinity
 -1.99526231496887987E-002 -0.67400000000000004        0.0000000000000000                      +Infinity
 -1.99526231496887987E-002 -0.67000000000000004        0.0000000000000000                      +Infinity
 -1.99526231496887987E-002 -0.66600000000000004        0.0000000000000000                      +Infinity
 -1.99526231496887987E-002 -0.66200000000000003        0.0000000000000000                      +Infinity
 -1.99526231496887987E-002 -0.65800000000000003        0.0000000000000000                      +Infinity
 -1.99526231496887987E-002 -0.65400000000000003        0.0000000000000000                      +Infinity
 -1.99526231496887987E-002 -0.65000000000000002        0.0000000000000000                      +Infinity
 -1.99526231496887987E-002 -0.64600000000000002        0.0000000000000000                      +Infinity
 -1.99526231496887987E-002 -0.64200000000000002        0.0000000000000000                      +Infinity
 -1.99526231496887987E-002 -0.63800000000000001        0.0000000000000000                      +Infinity
 -1.99526231496887987E-002 -0.63400000000000001        0.0000000000000000                      +Infinity
 -1.99526231496887987E-002 -0.63000000000000000        0.0000000000000000                      +Infinity
 -1.99526231496887987E-002 -0.62600000000000000        0.0000000000000000                      +Infinity
 -1.99526231496887987E-002 -0.62200000000000000        0.0000000000000000                      +Infinity
 -1.99526231496887987E-002 -0.61799999999999999        0.0000000000000000                      +Infinity
 -1.99526231496887987E-002 -0.61399999999999999        0.0000000000000000                      +Infinity
 -1.99526231496887987E-002 -0.60999999999999999        0.0000000000000000                      +Infinity
 -1.99526231496887987E-002 -0.60599999999999998        0.0000000000000000                      +Infinity
 -1.99526231496887987E-002 -0.60199999999999998        0.0000000000000000                      +Infinity
 -1.99526231496887987E-002 -0.59799999999999998        0.0000000000000000                      +Infinity
 -1.99526231496887987E-002 -0.59399999999999997        0.0000000000000000                      +Infinity
 -1.99526231496887987E-002 -0.58999999999999997        0.0000000000000000                      +Infinity
 -1.99526231496887987E-002 -0.58599999999999997        0.0000000000000000                      +Infinity
 -1.99526231496887987E-002 -0.58199999999999996        0.0000000000000000                      +Infinity
 -1.99526231496887987E-002 -0.57799999999999996        0.0000000000000000                      +Infinity
 -1.99526231496887987E-002 -0.57399999999999995        0.0000000000000000                      +Infinity
 -1.99526231496887987E-002 -0.56999999999999995        0.0000000000000000                      +Infinity
 -1.99526231496887987E-002 -0.56599999999999995        0.0000000000000000                      +Infinity
 -1.99526231496887987E-002 -0.56200000000000006        0.0000000000000000                      +Infinity
 -1.99526231496887987E-002 -0.55800000000000005        0.0000000000000000                      +Infinity
 -1.99526231496887987E-002 -0.55400000000000005        0.0000000000000000                      +Infinity
 -1.99526231496887987E-002 -0.55000000000000004        0.0000000000000000                      +Infinity
 -1.99526231496887987E-002 -0.54600000000000004        0.0000000000000000                      +Infinity
 -1.99526231496887987E-002 -0.54200000000000004        0.0000000000000000                      +Infinity
 -1.99526231496887987E-002 -0.53800000000000003        0.0000000000000000                      +Infinity
 -1.99526231496887987E-002 -0.53400000000000003        0.0000000000000000                      +Infinity
 -1.99526231496887987E-002 -0.53000000000000003        0.0000000000000000                      +Infinity
 -1.99526231496887987E-002 -0.52600000000000002        0.0000000000000000                      +Infinity
 -1.99526231496887987E-002 -0.52200000000000002        0.0000000000000000                      +Infinity
 -1.99526231496887987E-002 -0.51800000000000002        0.0000000000000000                      +Infinity
 -1.99526231496887987E-002 -0.51400000000000001        0.0000000000000000                      +Infinity
 -1.99526231496887987E-002 -0.51000000000000001        0.0000000000000000                      +Infinity
 -1.99526231496887987E-002 -0.50600000000000001        0.0000000000000000                      +Infinity
 -1.99526231496887987E-002 -0.50200000000000000        0.0000000000000000                      +Infinity
 -1.99526231496887987E-002 -0.49800000000000000        0.0000000000000000                      +Infinity
 -1.99526231496887987E-002 -0.49399999999999999        0.0000000000000000                      +Infinity
 -1.99526231496887987E-002 -0.48999999999999999        0.0000000000000000                      +Infinity
 -1.99526231496887987E-002 -0.48599999999999999        0.0000000000000000                      +Infinity
 -1.99526231496887987E-002 -0.48199999999999998        0.0000000000000000                      +Infinity
 -1.99526231496887987E-002 -0.47799999999999998        0.0000000000000000                      +Infinity
 -1.99526231496887987E-002 -0.47399999999999998        0.0000000000000000                      +Infinity
 -1.99526231496887987E-002 -0.46999999999999997        0.0000000000000000                      +Infinity
 -1.99526231496887987E-002 -0.46600000000000003        0.0000000000000000                      +Infinity
 -1.99526231496887987E-002 -0.46200000000000002        0.0000000000000000                      +Infinity
 -1.99526231496887987E-002 -0.45800000000000002        0.0000000000000000                      +Infinity
 -1.99526231496887987E-002 -0.45400000000000001        0.0000000000000000                      +Infinity
 -1.99526231496887987E-002 -0.45000000000000001        0.0000000000000000                      +Infinity
 -1.99526231496887987E-002 -0.44600000000000001        0.0000000000000000                      +Infinity
 -1.99526231496887987E-002 -0.44200000000000000        0.0000000000000000                      +Infinity
 -1.99526231496887987E-002 -0.43800000000000000        0.0000000000000000                      +Infinity
 -1.99526231496887987E-002 -0.43400000000000000        0.0000000000000000                      +Infinity
 -1.99526231496887987E-002 -0.42999999999999999        0.0000000000000000                      +Infinity
 -1.99526231496887987E-002 -0.42599999999999999        0.0000000000000000                      +Infinity
 -1.99526231496887987E-002 -0.42199999999999999        0.0000000000000000                      +Infinity
 -1.99526231496887987E-002 -0.41799999999999998        0.0000000000000000                      +Infinity
 -1.99526231496887987E-002 -0.41399999999999998        0.0000000000000000                      +Infinity
 -1.99526231496887987E-002 -0.40999999999999998        0.0000000000000000                      +Infinity
 -1.99526231496887987E-002 -0.40600000000000003        0.0000000000000000                      +Infinity
 -1.99526231496887987E-002 -0.40200000000000002        0.0000000000000000                      +Infinity
 -1.99526231496887987E-002 -0.39800000000000002        0.0000000000000000                      +Infinity
 -1.99526231496887987E-002 -0.39400000000000002        0.0000000000000000                      +Infinity
 -1.99526231496887987E-002 -0.39000000000000001        0.0000000000000000                      +Infinity
 -1.99526231496887987E-002 -0.38600000000000001        0.0000000000000000                      +Infinity
 -1.99526231496887987E-002 -0.38200000000000001        0.0000000000000000                      +Infinity
 -1.99526231496887987E-002 -0.37800000000000000        0.0000000000000000                      +Infinity
 -1.99526231496887987E-002 -0.37400000000000000        0.0000000000000000                      +Infinity
 -1.99526231496887987E-002 -0.37000000000000000        0.0000000000000000                      +Infinity
 -1.99526231496887987E-002 -0.36599999999999999        0.0000000000000000                      +Infinity
 -1.99526231496887987E-002 -0.36199999999999999        0.0000000000000000                      +Infinity
 -1.99526231496887987E-002 -0.35799999999999998        0.0000000000000000                      +Infinity
 -1.99526231496887987E-002 -0.35399999999999998        0.0000000000000000                      +Infinity
 -1.99526231496887987E-002 -0.34999999999999998        0.0000000000000000                      +Infinity
 -1.99526231496887987E-002 -0.34599999999999997        0.0000000000000000                      +Infinity
 -1.99526231496887987E-002 -0.34200000000000003        0.0000000000000000                      +Infinity
 -1.99526231496887987E-002 -0.33800000000000002        0.0000000000000000                      +Infinity
 -1.99526231496887987E-002 -0.33400000000000002        0.0000000000000000                      +Infinity
 -1.99526231496887987E-002 -0.33000000000000002        0.0000000000000000                      +Infinity
 -1.99526231496887987E-002 -0.32600000000000001        0.0000000000000000                      +Infinity
 -1.99526231496887987E-002 -0.32200000000000001        0.0000000000000000                      +Infinity
 -1.99526231496887987E-002 -0.31800000000000000        0.0000000000000000                      +Infinity
 -1.99526231496887987E-002 -0.31400000000000000        0.0000000000000000                      +Infinity
 -1.99526231496887987E-002 -0.31000000000000000        0.0000000000000000                      +Infinity
 -1.99526231496887987E-002 -0.30599999999999999        0.0000000000000000                      +Infinity
 -1.99526231496887987E-002 -0.30199999999999999        0.0000000000000000                      +Infinity
 -1.99526231496887987E-002 -0.29799999999999999        0.0000000000000000                      +Infinity
 -1.99526231496887987E-002 -0.29399999999999998        0.0000000000000000                      +Infinity
 -1.99526231496887987E-002 -0.28999999999999998        0.0000000000000000                      +Infinity
 -1.99526231496887987E-002 -0.28599999999999998        0.0000000000000000                      +Infinity
 -1.99526231496887987E-002 -0.28199999999999997        0.0000000000000000                      +Infinity
 -1.99526231496887987E-002 -0.27800000000000002        0.0000000000000000                      +Infinity
 -1.99526231496887987E-002 -0.27400000000000002        0.0000000000000000                      +Infinity
 -1.99526231496887987E-002 -0.27000000000000002        0.0000000000000000                      +Infinity
 -1.99526231496887987E-002 -0.26600000000000001        0.0000000000000000                      +Infinity
 -1.99526231496887987E-002 -0.26200000000000001        0.0000000000000000                      +Infinity
 -1.99526231496887987E-002 -0.25800000000000001        0.0000000000000000                      +Infinity
 -1.99526231496887987E-002 -0.25400000000000000        0.0000000000000000                      +Infinity
 -1.99526231496887987E-002 -0.25000000000000000        0.0000000000000000                      +Infinity
 -1.99526231496887987E-002 -0.24600000000000000        0.0000000000000000                      +Infinity
 -1.99526231496887987E-002 -0.24199999999999999        0.0000000000000000                      +Infinity
 -1.99526231496887987E-002 -0.23799999999999999        0.0000000000000000                      +Infinity
 -1.99526231496887987E-002 -0.23400000000000001        0.0000000000000000                      +Infinity
 -1.99526231496887987E-002 -0.23000000000000001        0.0000000000000000                      +Infinity
 -1.99526231496887987E-002 -0.22600000000000001        0.0000000000000000                      +Infinity
 -1.99526231496887987E-002 -0.22200000000000000        0.0000000000000000                      +Infinity
 -1.99526231496887987E-002 -0.21800000000000000        0.0000000000000000                      +Infinity
 -1.99526231496887987E-002 -0.21400000000000000        0.0000000000000000                      +Infinity
 -1.99526231496887987E-002 -0.20999999999999999        0.0000000000000000                      +Infinity
 -1.99526231496887987E-002 -0.20599999999999999        0.0000000000000000                      +Infinity
 -1.99526231496887987E-002 -0.20200000000000001        0.0000000000000000                      +Infinity
 -1.99526231496887987E-002 -0.19800000000000001        0.0000000000000000                      +Infinity
 -1.99526231496887987E-002 -0.19400000000000001        0.0000000000000000                      +Infinity
 -1.99526231496887987E-002 -0.19000000000000000        0.0000000000000000                      +Infinity
 -1.99526231496887987E-002 -0.18600000000000000        0.0000000000000000                      +Infinity
 -1.99526231496887987E-002 -0.18200000000000000        0.0000000000000000                      +Infinity
 -1.99526231496887987E-002 -0.17799999999999999        0.0000000000000000                      +Infinity
 -1.99526231496887987E-002 -0.17399999999999999        0.0000000000000000                      +Infinity
 -1.99526231496887987E-002 -0.17000000000000001        0.0000000000000000                      +Infinity
 -1.99526231496887987E-002 -0.16600000000000001        0.0000000000000000                      +Infinity
 -1.99526231496887987E-002 -0.16200000000000001        0.0000000000000000                      +Infinity
 -1.99526231496887987E-002 -0.15800000000000000        0.0000000000000000                      +Infinity
 -1.99526231496887987E-002 -0.15400000000000000        0.0000000000000000                      +Infinity
 -1.99526231496887987E-002 -0.14999999999999999        0.0000000000000000                      +Infinity
 -1.99526231496887987E-002 -0.14599999999999999        0.0000000000000000                      +Infinity
 -1.99526231496887987E-002 -0.14199999999999999        0.0000000000000000                      +Infinity
 -1.99526231496887987E-002 -0.13800000000000001        0.0000000000000000                      +Infinity
 -1.99526231496887987E-002 -0.13400000000000001        0.0000000000000000                      +Infinity
 -1.99526231496887987E-002 -0.13000000000000000        0.0000000000000000                      +Infinity
 -1.99526231496887987E-002 -0.12600000000000000        0.0000000000000000                      +Infinity
 -1.99526231496887987E-002 -0.12200000000000000        0.0000000000000000                      +Infinity
 -1.99526231496887987E-002 -0.11799999999999999        0.0000000000000000                      +Infinity
 -1.99526231496887987E-002 -0.11400000000000000        0.0000000000000000                      +Infinity
 -1.99526231496887987E-002 -0.11000000000000000        0.0000000000000000                      +Infinity
 -1.99526231496887987E-002 -0.10600000000000000        0.0000000000000000                      +Infinity
 -1.99526231496887987E-002 -0.10199999999999999        0.0000000000000000                      +Infinity
 -1.99526231496887987E-002 -9.80000000000000038E-002   0.0000000000000000                      +Infinity
 -1.99526231496887987E-002 -9.40000000000000002E-002   0.0000000000000000                      +Infinity
 -1.99526231496887987E-002 -8.99999999999999967E-002   0.0000000000000000                      +Infinity
 -1.99526231496887987E-002 -8.59999999999999931E-002   0.0000000000000000                      +Infinity
 -1.99526231496887987E-002 -8.20000000000000034E-002   0.0000000000000000                      +Infinity
 -1.99526231496887987E-002 -7.79999999999999999E-002   0.0000000000000000                      +Infinity
 -1.99526231496887987E-002 -7.39999999999999963E-002   0.0000000000000000                      +Infinity
 -1.99526231496887987E-002 -7.00000000000000067E-002   0.0000000000000000                      +Infinity
 -1.99526231496887987E-002 -6.60000000000000031E-002   0.0000000000000000                      +Infinity
 -1.99526231496887987E-002 -6.19999999999999996E-002   0.0000000000000000                      +Infinity
 -1.99526231496887987E-002 -5.80000000000000029E-002   0.0000000000000000                      +Infinity
 -1.99526231496887987E-002 -5.39999999999999994E-002   0.0000000000000000                      +Infinity
 -1.99526231496887987E-002 -5.00000000000000028E-002   0.0000000000000000                      +Infinity
 -1.99526231496887987E-002 -4.59999999999999992E-002   0.0000000000000000                      +Infinity
 -1.99526231496887987E-002 -4.20000000000000026E-002   0.0000000000000000                      +Infinity
 -1.99526231496887987E-002 -3.79999999999999991E-002   0.0000000000000000                      +Infinity
 -1.99526231496887987E-002 -3.40000000000000024E-002   0.0000000000000000                      +Infinity
 -1.99526231496887987E-002 -2.99999999999999989E-002   0.0000000000000000                      +Infinity
 -1.99526231496887987E-002 -2.59999999999999988E-002   0.0000000000000000                      +Infinity
 -1.99526231496887987E-002 -2.19999999999999987E-002   0.0000000000000000                      +Infinity
 -1.99526231496887987E-002 -1.79999999999999986E-002   0.0000000000000000                      +Infinity
 -1.99526231496887987E-002 -1.40000000000000003E-002   0.0000000000000000                      +Infinity
 -1.99526231496887987E-002 -1.00000000000000002E-002   0.0000000000000000                      +Infinity
 -1.99526231496887987E-002 -6.00000000000000012E-003   0.0000000000000000                      +Infinity
 -1.99526231496887987E-002 -2.00000000000000004E-003   0.0000000000000000                      +Infinity
 -1.99526231496887987E-002  2.00000000000000004E-003   0.0000000000000000                      +Infinity
 -1.99526231496887987E-002  6.00000000000000012E-003   0.0000000000000000                      +Infinity
 -1.99526231496887987E-002  1.00000000000000002E-002   0.0000000000000000                      +Infinity
 -1.99526231496887987E-002  1.40000000000000003E-002   0.0000000000000000                      +Infinity
 -1.99526231496887987E-002  1.79999999999999986E-002   0.0000000000000000                      +Infinity
 -1.99526231496887987E-002  2.19999999999999987E-002   0.0000000000000000                      +Infinity
 -1.99526231496887987E-002  2.59999999999999988E-002   0.0000000000000000                      +Infinity
 -1.99526231496887987E-002  2.99999999999999989E-002   0.0000000000000000                      +Infinity
 -1.99526231496887987E-002  3.40000000000000024E-002   0.0000000000000000                      +Infinity
 -1.99526231496887987E-002  3.79999999999999991E-002   0.0000000000000000                      +Infinity
 -1.99526231496887987E-002  4.20000000000000026E-002   0.0000000000000000                      +Infinity
 -1.99526231496887987E-002  4.59999999999999992E-002   0.0000000000000000                      +Infinity
 -1.99526231496887987E-002  5.00000000000000028E-002   0.0000000000000000                      +Infinity
 -1.99526231496887987E-002  5.39999999999999994E-002   0.0000000000000000                      +Infinity
 -1.99526231496887987E-002  5.80000000000000029E-002   0.0000000000000000                      +Infinity
 -1.99526231496887987E-002  6.19999999999999996E-002   0.0000000000000000                      +Infinity
 -1.99526231496887987E-002  6.60000000000000031E-002   0.0000000000000000                      +Infinity
 -1.99526231496887987E-002  7.00000000000000067E-002   0.0000000000000000                      +Infinity
 -1.99526231496887987E-002  7.39999999999999963E-002   0.0000000000000000                      +Infinity
 -1.99526231496887987E-002  7.79999999999999999E-002   0.0000000000000000                      +Infinity
 -1.99526231496887987E-002  8.20000000000000034E-002   0.0000000000000000                      +Infinity
 -1.99526231496887987E-002  8.59999999999999931E-002   0.0000000000000000                      +Infinity
 -1.99526231496887987E-002  8.99999999999999967E-002   0.0000000000000000                      +Infinity
 -1.99526231496887987E-002  9.40000000000000002E-002   0.0000000000000000                      +Infinity
 -1.99526231496887987E-002  9.80000000000000038E-002   0.0000000000000000                      +Infinity
 -1.99526231496887987E-002  0.10199999999999999        0.0000000000000000                      +Infinity
 -1.99526231496887987E-002  0.10600000000000000        0.0000000000000000                      +Infinity
 -1.99526231496887987E-002  0.11000000000000000        0.0000000000000000                      +Infinity
 -1.99526231496887987E-002  0.11400000000000000        0.0000000000000000                      +Infinity
 -1.99526231496887987E-002  0.11799999999999999        0.0000000000000000                      +Infinity
 -1.99526231496887987E-002  0.12200000000000000        0.0000000000000000                      +Infinity
 -1.99526231496887987E-002  0.12600000000000000        0.0000000000000000                      +Infinity
 -1.99526231496887987E-002  0.13000000000000000        0.0000000000000000                      +Infinity
 -1.99526231496887987E-002  0.13400000000000001        0.0000000000000000                      +Infinity
 -1.99526231496887987E-002  0.13800000000000001        0.0000000000000000                      +Infinity
 -1.99526231496887987E-002  0.14199999999999999        0.0000000000000000                      +Infinity
 -1.99526231496887987E-002  0.14599999999999999        0.0000000000000000                      +Infinity
 -1.99526231496887987E-002  0.14999999999999999        0.0000000000000000                      +Infinity
 -1.99526231496887987E-002  0.15400000000000000        0.0000000000000000                      +Infinity
 -1.99526231496887987E-002  0.15800000000000000        0.0000000000000000                      +Infinity
 -1.99526231496887987E-002  0.16200000000000001        0.0000000000000000                      +Infinity
 -1.99526231496887987E-002  0.16600000000000001        0.0000000000000000                      +Infinity
 -1.99526231496887987E-002  0.17000000000000001        0.0000000000000000                      +Infinity
 -1.99526231496887987E-002  0.17399999999999999        0.0000000000000000                      +Infinity
 -1.99526231496887987E-002  0.17799999999999999        0.0000000000000000                      +Infinity
 -1.99526231496887987E-002  0.18200000000000000        0.0000000000000000                      +Infinity
 -1.99526231496887987E-002  0.18600000000000000        0.0000000000000000                      +Infinity
 -1.99526231496887987E-002  0.19000000000000000        0.0000000000000000                      +Infinity
 -1.99526231496887987E-002  0.19400000000000001        0.0000000000000000                      +Infinity
 -1.99526231496887987E-002  0.19800000000000001        0.0000000000000000                      +Infinity
 -1.99526231496887987E-002  0.20200000000000001        0.0000000000000000                      +Infinity
 -1.99526231496887987E-002  0.20599999999999999        0.0000000000000000                      +Infinity
 -1.99526231496887987E-002  0.20999999999999999        0.0000000000000000                      +Infinity
 -1.99526231496887987E-002  0.21400000000000000        0.0000000000000000                      +Infinity
 -1.99526231496887987E-002  0.21800000000000000        0.0000000000000000                      +Infinity
 -1.99526231496887987E-002  0.22200000000000000        0.0000000000000000                      +Infinity
 -1.99526231496887987E-002  0.22600000000000001        0.0000000000000000                      +Infinity
 -1.99526231496887987E-002  0.23000000000000001        0.0000000000000000                      +Infinity
 -1.99526231496887987E-002  0.23400000000000001        0.0000000000000000                      +Infinity
 -1.99526231496887987E-002  0.23799999999999999        0.0000000000000000                      +Infinity
 -1.99526231496887987E-002  0.24199999999999999        0.0000000000000000                      +Infinity
 -1.99526231496887987E-002  0.24600000000000000        0.0000000000000000                      +Infinity
 -1.99526231496887987E-002  0.25000000000000000        0.0000000000000000                      +Infinity
 -1.99526231496887987E-002  0.25400000000000000        0.0000000000000000                      +Infinity
 -1.99526231496887987E-002  0.25800000000000001        0.0000000000000000                      +Infinity
 -1.99526231496887987E-002  0.26200000000000001        0.0000000000000000                      +Infinity
 -1.99526231496887987E-002  0.26600000000000001        0.0000000000000000                      +Infinity
 -1.99526231496887987E-002  0.27000000000000002        0.0000000000000000                      +Infinity
 -1.99526231496887987E-002  0.27400000000000002        0.0000000000000000                      +Infinity
 -1.99526231496887987E-002  0.27800000000000002        0.0000000000000000                      +Infinity
 -1.99526231496887987E-002  0.28199999999999997        0.0000000000000000                      +Infinity
 -1.99526231496887987E-002  0.28599999999999998        0.0000000000000000                      +Infinity
 -1.99526231496887987E-002  0.28999999999999998        0.0000000000000000                      +Infinity
 -1.99526231496887987E-002  0.29399999999999998        0.0000000000000000                      +Infinity
 -1.99526231496887987E-002  0.29799999999999999        0.0000000000000000                      +Infinity
 -1.99526231496887987E-002  0.30199999999999999        0.0000000000000000                      +Infinity
 -1.99526231496887987E-002  0.30599999999999999        0.0000000000000000                      +Infinity
 -1.99526231496887987E-002  0.31000000000000000        0.0000000000000000                      +Infinity
 -1.99526231496887987E-002  0.31400000000000000        0.0000000000000000                      +Infinity
 -1.99526231496887987E-002  0.31800000000000000        0.0000000000000000                      +Infinity
 -1.99526231496887987E-002  0.32200000000000001        0.0000000000000000                      +Infinity
 -1.99526231496887987E-002  0.32600000000000001        0.0000000000000000                      +Infinity
 -1.99526231496887987E-002  0.33000000000000002        0.0000000000000000                      +Infinity
 -1.99526231496887987E-002  0.33400000000000002        0.0000000000000000                      +Infinity
 -1.99526231496887987E-002  0.33800000000000002        0.0000000000000000                      +Infinity
 -1.99526231496887987E-002  0.34200000000000003        0.0000000000000000                      +Infinity
 -1.99526231496887987E-002  0.34599999999999997        0.0000000000000000                      +Infinity
 -1.99526231496887987E-002  0.34999999999999998        0.0000000000000000                      +Infinity
 -1.99526231496887987E-002  0.35399999999999998        0.0000000000000000                      +Infinity
 -1.99526231496887987E-002  0.35799999999999998        0.0000000000000000                      +Infinity
 -1.99526231496887987E-002  0.36199999999999999        0.0000000000000000                      +Infinity
 -1.99526231496887987E-002  0.36599999999999999        0.0000000000000000                      +Infinity
 -1.99526231496887987E-002  0.37000000000000000        0.0000000000000000                      +Infinity
 -1.99526231496887987E-002  0.37400000000000000        0.0000000000000000                      +Infinity
 -1.99526231496887987E-002  0.37800000000000000        0.0000000000000000                      +Infinity
 -1.99526231496887987E-002  0.38200000000000001        0.0000000000000000                      +Infinity
 -1.99526231496887987E-002  0.38600000000000001       2.12899999999999981E-007   15.362443265046977
 -1.99526231496887987E-002  0.39000000000000001       3.06608333333333357E-007   14.997694691056362
 -1.99526231496887987E-002  0.39400000000000002       5.57324999999999996E-007   14.400117284234769
 -1.99526231496887987E-002  0.39800000000000002       1.23143333333333338E-006   13.607331755375437
 -1.99526231496887987E-002  0.40200000000000002       1.29236666666666670E-006   13.559035395137204
 -1.99526231496887987E-002  0.40600000000000003       8.50775000000000020E-007   13.977118138161124
 -1.99526231496887987E-002  0.40999999999999998       5.13758333333333303E-007   14.481512850667357
 -1.99526231496887987E-002  0.41399999999999998       2.24454999999999997E-006   13.007005502296225
 -1.99526231496887987E-002  0.41799999999999998       3.48710000000000004E-006   12.566440112735306
 -1.99526231496887987E-002  0.42199999999999999       3.31127500000000033E-006   12.618177246369758
 -1.99526231496887987E-002  0.42599999999999999       3.71157500000000012E-006   12.504054243129687
 -1.99526231496887987E-002  0.42999999999999999       3.65084999999999995E-006   12.520550540769118
 -1.99526231496887987E-002  0.43400000000000000       3.96242499999999959E-006   12.438654346384796
 -1.99526231496887987E-002  0.43800000000000000       5.07747500000000004E-006   12.190696467186907
 -1.99526231496887987E-002  0.44200000000000000       6.58945833333333427E-006   11.930039408073394
 -1.99526231496887987E-002  0.44600000000000001       7.87812500000000006E-006   11.751420626570127
 -1.99526231496887987E-002  0.45000000000000001       9.50664999999999986E-006   11.563519004243506
 -1.99526231496887987E-002  0.45400000000000001       1.01304166666666672E-005   11.499968108598278
 -1.99526231496887987E-002  0.45800000000000002       1.23749250000000008E-005   11.299838310133946
 -1.99526231496887987E-002  0.46200000000000002       1.55073083333333348E-005   11.074199139786460
 -1.99526231496887987E-002  0.46600000000000003       1.66275250000000014E-005   11.004451103255661
 -1.99526231496887987E-002  0.46999999999999997       2.39758916666666669E-005   10.638461746367415
 -1.99526231496887987E-002  0.47399999999999998       2.70154999999999991E-005   10.519099782603355
 -1.99526231496887987E-002  0.47799999999999998       2.48011499999999989E-005   10.604620534900695
 -1.99526231496887987E-002  0.48199999999999998       2.55268416666666660E-005   10.575780045030866
 -1.99526231496887987E-002  0.48599999999999999       2.39567416666666656E-005   10.639260784504366
 -1.99526231496887987E-002  0.48999999999999999       2.34822583333333320E-005   10.659265386482414
 -1.99526231496887987E-002  0.49399999999999999       2.48803749999999981E-005   10.601431217859615
 -1.99526231496887987E-002  0.49800000000000000       2.79041416666666644E-005   10.486735433320165
 -1.99526231496887987E-002  0.50200000000000000       3.06109499999999987E-005   10.394152769879270
 -1.99526231496887987E-002  0.50600000000000001       3.41672416666666655E-005   10.284243218927239
 -1.99526231496887987E-002  0.51000000000000001       3.18815166666666663E-005   10.353484130937156
 -1.99526231496887987E-002  0.51400000000000001       3.28730666666666687E-005   10.322856877814145
 -1.99526231496887987E-002  0.51800000000000002       3.53159083333333369E-005   10.251177034541248
 -1.99526231496887987E-002  0.52200000000000002       3.88584166666666706E-005   10.155585859398158
 -1.99526231496887987E-002  0.52600000000000002       4.09341666666666651E-005   10.103545472820381
 -1.99526231496887987E-002  0.53000000000000003       4.63337083333333316E-005   9.9796408200092639
 -1.99526231496887987E-002  0.53400000000000003       5.03985750000000005E-005   9.8955476570961860
 -1.99526231496887987E-002  0.53800000000000003       4.69698500000000023E-005   9.9660046514582525
 -1.99526231496887987E-002  0.54200000000000004       5.24464666666666667E-005   9.8557175911362958
 -1.99526231496887987E-002  0.54600000000000004       5.54356166666666650E-005   9.8002882706624490
 -1.99526231496887987E-002  0.55000000000000004       6.42883500000000026E-005   9.6521321250956991
 -1.99526231496887987E-002  0.55400000000000005       7.38618833333333350E-005   9.5133136501737248
 -1.99526231496887987E-002  0.55800000000000005       9.21220666666666633E-005   9.2923960487577215
 -1.99526231496887987E-002  0.56200000000000006       1.10458099999999999E-004   9.1108742944358365
 -1.99526231496887987E-002  0.56599999999999995       1.25083808333333328E-004   8.9865265786576689
 -1.99526231496887987E-002  0.56999999999999995       1.44324400000000010E-004   8.8434470143098256
 -1.99526231496887987E-002  0.57399999999999995       1.75779933333333321E-004   8.6462777240898028
 -1.99526231496887987E-002  0.57799999999999996       2.01927508333333346E-004   8.5076017946091511
 -1.99526231496887987E-002  0.58199999999999996       2.30457266666666660E-004   8.3754451067860369
 -1.99526231496887987E-002  0.58599999999999997       2.72420108333333349E-004   8.2081651672748936
 -1.99526231496887987E-002  0.58999999999999997       3.19349100000000002E-004   8.0492256961851663
 -1.99526231496887987E-002  0.59399999999999997       3.61540783333333350E-004   7.9251357057624663
 -1.99526231496887987E-002  0.59799999999999998       4.21270491666666646E-004   7.7722354325747940
 -1.99526231496887987E-002  0.60199999999999998       4.84864616666666676E-004   7.6316408468873327
 -1.99526231496887987E-002  0.60599999999999998       5.56565900000000058E-004   7.4937249755713840
 -1.99526231496887987E-002  0.60999999999999999       6.68926074999999943E-004   7.3098370046890873
 -1.99526231496887987E-002  0.61399999999999999       7.80163549999999921E-004   7.1560069807731281
 -1.99526231496887987E-002  0.61799999999999999       9.02990941666666734E-004   7.0097980359744954
 -1.99526231496887987E-002  0.62200000000000000       1.03330246666666673E-003   6.8749953275730347
 -1.99526231496887987E-002  0.62600000000000000       1.20302865833333346E-003   6.7229130198848708
 -1.99526231496887987E-002  0.63000000000000000       1.38448919999999988E-003   6.5824240160337366
 -1.99526231496887987E-002  0.63400000000000001       1.61823081666666660E-003   6.4264218149783501
 -1.99526231496887987E-002  0.63800000000000001       1.93989045833333341E-003   6.2451237722777284
 -1.99526231496887987E-002  0.64200000000000002       2.28008637499999998E-003   6.0835419529614301
 -1.99526231496887987E-002  0.64600000000000002       2.68307208333333361E-003   5.9207928412080388
 -1.99526231496887987E-002  0.65000000000000002       3.20295405833333343E-003   5.7436817517819492
 -1.99526231496887987E-002  0.65400000000000003       3.78215872500000001E-003   5.5774603410913590
 -1.99526231496887987E-002  0.65800000000000003       4.50168261666666642E-003   5.4033040372797716
 -1.99526231496887987E-002  0.66200000000000003       5.35501088333333302E-003   5.2297225427159875
 -1.99526231496887987E-002  0.66600000000000004       6.45153546666666668E-003   5.0434371196579457
 -1.99526231496887987E-002  0.67000000000000004       7.73883279166666643E-003   4.8615044048625329
 -1.99526231496887987E-002  0.67400000000000004       9.29990884166666601E-003   4.6777506808422924
 -1.99526231496887987E-002  0.67800000000000005       1.11083947749999988E-002   4.5000541704679877
 -1.99526231496887987E-002  0.68200000000000005       1.32900990000000014E-002   4.3207359570747963
 -1.99526231496887987E-002  0.68600000000000005       1.56666597166666664E-002   4.1562204095573074
 -1.99526231496887987E-002  0.68999999999999995       1.84807085916666655E-002   3.9910278697987938
 -1.99526231496887987E-002  0.69399999999999995       2.18113634583333334E-002   3.8253241854390891
 -1.99526231496887987E-002  0.69799999999999995       2.55798833999999996E-002   3.6659490410904612
 -1.99526231496887987E-002  0.70199999999999996       2.99556412416666674E-002   3.5080376168429011
 -1.99526231496887987E-002  0.70599999999999996       3.47506729333333306E-002   3.3595563421708254
 -1.99526231496887987E-002  0.70999999999999996       3.96768900416666695E-002   3.2269863756030834
 -1.99526231496887987E-002  0.71399999999999997       4.48082575166666719E-002   3.1053628369775095
 -1.99526231496887987E-002  0.71799999999999997       4.97796612916666659E-002   3.0001487861705667
 -1.99526231496887987E-002  0.72199999999999998       5.46873513333333353E-002   2.9061228333441895
 -1.99526231496887987E-002  0.72599999999999998       5.89425092583333379E-002   2.8311927294818622
 -1.99526231496887987E-002  0.72999999999999998       6.19632695083333351E-002   2.7812134967763744
 -1.99526231496887987E-002  0.73399999999999999       6.35992267500000014E-002   2.7551539667288378
 -1.99526231496887987E-002  0.73799999999999999       6.34389092333333404E-002   2.7576778954771699
 -1.99526231496887987E-002  0.74199999999999999       6.14230807666666725E-002   2.7899696062129458
 -1.99526231496887987E-002  0.74600000000000000       5.75127813749999953E-002   2.8557480710978256
 -1.99526231496887987E-002  0.75000000000000000       5.18007898083333307E-002   2.9603498825678156
 -1.99526231496887987E-002  0.75400000000000000       4.44535948083333299E-002   3.1133094472139096
 -1.99526231496887987E-002  0.75800000000000001       3.64576257416666660E-002   3.3116046313893817
 -1.99526231496887987E-002  0.76200000000000001       2.82724650333333327E-002   3.5658669149926285
 -1.99526231496887987E-002  0.76600000000000001       2.04510271916666653E-002   3.8897221683334284
 -1.99526231496887987E-002  0.77000000000000002       1.38311722749999994E-002   4.2808303737017157
 -1.99526231496887987E-002  0.77400000000000002       8.72547028333333329E-003   4.7415089116776583
 -1.99526231496887987E-002  0.77800000000000002       5.13656037499999989E-003   5.2713716112643123
 -1.99526231496887987E-002  0.78200000000000003       2.74233943333333351E-003   5.8989439150827989
 -1.99526231496887987E-002  0.78600000000000003       1.37545020000000013E-003   6.5889741832714197
 -1.99526231496887987E-002  0.79000000000000004       6.23146441666666659E-004   7.3807290079438221
 -1.99526231496887987E-002  0.79400000000000004       2.48989349999999981E-004   8.2981004334986128
 -1.99526231496887987E-002  0.79800000000000004       9.45818583333333314E-005   9.2660448726720261
 -1.99526231496887987E-002  0.80200000000000005       3.12719250000000030E-005   10.372789827788084
 -1.99526231496887987E-002  0.80600000000000005       9.26282499999999885E-006   11.589501480238331
 -1.99526231496887987E-002  0.81000000000000005       2.36744166666666674E-006   12.953700651401274
 -1.99526231496887987E-002  0.81399999999999995       1.13612500000000007E-006   13.687887208507476
 -1.99526231496887987E-002  0.81799999999999995       1.71583333333333331E-008   17.880781872700666
 -1.99526231496887987E-002  0.82199999999999995        0.0000000000000000                      +Infinity
 -1.99526231496887987E-002  0.82599999999999996        0.0000000000000000                      +Infinity
 -1.99526231496887987E-002  0.82999999999999996        0.0000000000000000                      +Infinity
 -1.99526231496887987E-002  0.83399999999999996        0.0000000000000000                      +Infinity
 -1.99526231496887987E-002  0.83799999999999997        0.0000000000000000                      +Infinity
 -1.99526231496887987E-002  0.84199999999999997        0.0000000000000000                      +Infinity
 -1.99526231496887987E-002  0.84599999999999997        0.0000000000000000                      +Infinity
 -1.99526231496887987E-002  0.84999999999999998        0.0000000000000000                      +Infinity
 -1.99526231496887987E-002  0.85399999999999998        0.0000000000000000                      +Infinity
 -1.99526231496887987E-002  0.85799999999999998        0.0000000000000000                      +Infinity
 -1.99526231496887987E-002  0.86199999999999999        0.0000000000000000                      +Infinity
 -1.99526231496887987E-002  0.86599999999999999        0.0000000000000000                      +Infinity
 -1.99526231496887987E-002  0.87000000000000000        0.0000000000000000                      +Infinity
 -1.99526231496887987E-002  0.87400000000000000        0.0000000000000000                      +Infinity
 -1.99526231496887987E-002  0.87800000000000000        0.0000000000000000                      +Infinity
 -1.99526231496887987E-002  0.88200000000000001        0.0000000000000000                      +Infinity
 -1.99526231496887987E-002  0.88600000000000001        0.0000000000000000                      +Infinity
 -1.99526231496887987E-002  0.89000000000000001        0.0000000000000000                      +Infinity
 -1.99526231496887987E-002  0.89400000000000002        0.0000000000000000                      +Infinity
 -1.99526231496887987E-002  0.89800000000000002        0.0000000000000000                      +Infinity
 -1.99526231496887987E-002  0.90200000000000002        0.0000000000000000                      +Infinity
 -1.99526231496887987E-002  0.90600000000000003        0.0000000000000000                      +Infinity
 -1.99526231496887987E-002  0.91000000000000003        0.0000000000000000                      +Infinity
 -1.99526231496887987E-002  0.91400000000000003        0.0000000000000000                      +Infinity
 -1.99526231496887987E-002  0.91800000000000004        0.0000000000000000                      +Infinity
 -1.99526231496887987E-002  0.92200000000000004        0.0000000000000000                      +Infinity
 -1.99526231496887987E-002  0.92600000000000005        0.0000000000000000                      +Infinity
 -1.99526231496887987E-002  0.93000000000000005        0.0000000000000000                      +Infinity
 -1.99526231496887987E-002  0.93400000000000005        0.0000000000000000                      +Infinity
 -1.99526231496887987E-002  0.93799999999999994        0.0000000000000000                      +Infinity
 -1.99526231496887987E-002  0.94199999999999995        0.0000000000000000                      +Infinity
 -1.99526231496887987E-002  0.94599999999999995        0.0000000000000000                      +Infinity
 -1.99526231496887987E-002  0.94999999999999996        0.0000000000000000                      +Infinity
 -1.99526231496887987E-002  0.95399999999999996        0.0000000000000000                      +Infinity
 -1.99526231496887987E-002  0.95799999999999996        0.0000000000000000                      +Infinity
 -1.99526231496887987E-002  0.96199999999999997        0.0000000000000000                      +Infinity
 -1.99526231496887987E-002  0.96599999999999997        0.0000000000000000                      +Infinity
 -1.99526231496887987E-002  0.96999999999999997        0.0000000000000000                      +Infinity
 -1.99526231496887987E-002  0.97399999999999998        0.0000000000000000                      +Infinity
 -1.99526231496887987E-002  0.97799999999999998        0.0000000000000000                      +Infinity
 -1.99526231496887987E-002  0.98199999999999998        0.0000000000000000                      +Infinity
 -1.99526231496887987E-002  0.98599999999999999        0.0000000000000000                      +Infinity
 -1.99526231496887987E-002  0.98999999999999999        0.0000000000000000                      +Infinity
 -1.99526231496887987E-002  0.99399999999999999        0.0000000000000000                      +Infinity
 -1.99526231496887987E-002  0.99800000000000000        0.0000000000000000                      +Infinity
