 -7.07945784384138039E-003 -0.99800000000000000        0.0000000000000000                      +Infinity
 -7.07945784384138039E-003 -0.99399999999999999        0.0000000000000000                      +Infinity
 -7.07945784384138039E-003 -0.98999999999999999        0.0000000000000000                      +Infinity
 -7.07945784384138039E-003 -0.98599999999999999        0.0000000000000000                      +Infinity
 -7.07945784384138039E-003 -0.98199999999999998        0.0000000000000000                      +Infinity
 -7.07945784384138039E-003 -0.97799999999999998        0.0000000000000000                      +Infinity
 -7.07945784384138039E-003 -0.97399999999999998        0.0000000000000000                      +Infinity
 -7.07945784384138039E-003 -0.96999999999999997        0.0000000000000000                      +Infinity
 -7.07945784384138039E-003 -0.96599999999999997        0.0000000000000000                      +Infinity
 -7.07945784384138039E-003 -0.96199999999999997        0.0000000000000000                      +Infinity
 -7.07945784384138039E-003 -0.95799999999999996        0.0000000000000000                      +Infinity
 -7.07945784384138039E-003 -0.95399999999999996        0.0000000000000000                      +Infinity
 -7.07945784384138039E-003 -0.94999999999999996        0.0000000000000000                      +Infinity
 -7.07945784384138039E-003 -0.94599999999999995        0.0000000000000000                      +Infinity
 -7.07945784384138039E-003 -0.94199999999999995        0.0000000000000000                      +Infinity
 -7.07945784384138039E-003 -0.93799999999999994        0.0000000000000000                      +Infinity
 -7.07945784384138039E-003 -0.93400000000000005        0.0000000000000000                      +Infinity
 -7.07945784384138039E-003 -0.93000000000000005        0.0000000000000000                      +Infinity
 -7.07945784384138039E-003 -0.92600000000000005        0.0000000000000000                      +Infinity
 -7.07945784384138039E-003 -0.92200000000000004        0.0000000000000000                      +Infinity
 -7.07945784384138039E-003 -0.91800000000000004        0.0000000000000000                      +Infinity
 -7.07945784384138039E-003 -0.91400000000000003        0.0000000000000000                      +Infinity
 -7.07945784384138039E-003 -0.91000000000000003        0.0000000000000000                      +Infinity
 -7.07945784384138039E-003 -0.90600000000000003        0.0000000000000000                      +Infinity
 -7.07945784384138039E-003 -0.90200000000000002        0.0000000000000000                      +Infinity
 -7.07945784384138039E-003 -0.89800000000000002        0.0000000000000000                      +Infinity
 -7.07945784384138039E-003 -0.89400000000000002        0.0000000000000000                      +Infinity
 -7.07945784384138039E-003 -0.89000000000000001        0.0000000000000000                      +Infinity
 -7.07945784384138039E-003 -0.88600000000000001        0.0000000000000000                      +Infinity
 -7.07945784384138039E-003 -0.88200000000000001        0.0000000000000000                      +Infinity
 -7.07945784384138039E-003 -0.87800000000000000        0.0000000000000000                      +Infinity
 -7.07945784384138039E-003 -0.87400000000000000        0.0000000000000000                      +Infinity
 -7.07945784384138039E-003 -0.87000000000000000        0.0000000000000000                      +Infinity
 -7.07945784384138039E-003 -0.86599999999999999        0.0000000000000000                      +Infinity
 -7.07945784384138039E-003 -0.86199999999999999        0.0000000000000000                      +Infinity
 -7.07945784384138039E-003 -0.85799999999999998        0.0000000000000000                      +Infinity
 -7.07945784384138039E-003 -0.85399999999999998        0.0000000000000000                      +Infinity
 -7.07945784384138039E-003 -0.84999999999999998        0.0000000000000000                      +Infinity
 -7.07945784384138039E-003 -0.84599999999999997        0.0000000000000000                      +Infinity
 -7.07945784384138039E-003 -0.84199999999999997        0.0000000000000000                      +Infinity
 -7.07945784384138039E-003 -0.83799999999999997        0.0000000000000000                      +Infinity
 -7.07945784384138039E-003 -0.83399999999999996        0.0000000000000000                      +Infinity
 -7.07945784384138039E-003 -0.82999999999999996        0.0000000000000000                      +Infinity
 -7.07945784384138039E-003 -0.82599999999999996        0.0000000000000000                      +Infinity
 -7.07945784384138039E-003 -0.82199999999999995        0.0000000000000000                      +Infinity
 -7.07945784384138039E-003 -0.81799999999999995        0.0000000000000000                      +Infinity
 -7.07945784384138039E-003 -0.81399999999999995        0.0000000000000000                      +Infinity
 -7.07945784384138039E-003 -0.81000000000000005        0.0000000000000000                      +Infinity
 -7.07945784384138039E-003 -0.80600000000000005        0.0000000000000000                      +Infinity
 -7.07945784384138039E-003 -0.80200000000000005        0.0000000000000000                      +Infinity
 -7.07945784384138039E-003 -0.79800000000000004        0.0000000000000000                      +Infinity
 -7.07945784384138039E-003 -0.79400000000000004        0.0000000000000000                      +Infinity
 -7.07945784384138039E-003 -0.79000000000000004        0.0000000000000000                      +Infinity
 -7.07945784384138039E-003 -0.78600000000000003        0.0000000000000000                      +Infinity
 -7.07945784384138039E-003 -0.78200000000000003        0.0000000000000000                      +Infinity
 -7.07945784384138039E-003 -0.77800000000000002        0.0000000000000000                      +Infinity
 -7.07945784384138039E-003 -0.77400000000000002        0.0000000000000000                      +Infinity
 -7.07945784384138039E-003 -0.77000000000000002       5.07499999999999995E-009   19.098939312018562
 -7.07945784384138039E-003 -0.76600000000000001       5.23875000000000024E-007   14.462012730701176
 -7.07945784384138039E-003 -0.76200000000000001       2.00928333333333327E-006   13.117732450052992
 -7.07945784384138039E-003 -0.75800000000000001       5.15404166666666688E-006   12.175729361430989
 -7.07945784384138039E-003 -0.75400000000000000       1.49519333333333333E-005   11.110669946533276
 -7.07945784384138039E-003 -0.75000000000000000       3.37920500000000012E-005   10.295284990241420
 -7.07945784384138039E-003 -0.74600000000000000       5.88082166666666672E-005   9.7412289735932838
 -7.07945784384138039E-003 -0.74199999999999999       1.03241450000000001E-004   9.1784401382686696
 -7.07945784384138039E-003 -0.73799999999999999       1.83474766666666660E-004   8.6034334112785178
 -7.07945784384138039E-003 -0.73399999999999999       3.05897533333333296E-004   8.0922603704772822
 -7.07945784384138039E-003 -0.72999999999999998       4.67199458333333319E-004   7.6687542858401985
 -7.07945784384138039E-003 -0.72599999999999998       7.12827383333333362E-004   7.2462712659724335
 -7.07945784384138039E-003 -0.72199999999999998       1.03936573333333329E-003   6.8691446236711782
 -7.07945784384138039E-003 -0.71799999999999997       1.43247673333333331E-003   6.5483503515084456
 -7.07945784384138039E-003 -0.71399999999999997       1.96074219999999976E-003   6.2344322039490274
 -7.07945784384138039E-003 -0.70999999999999996       2.54056919999999997E-003   5.9753671285689220
 -7.07945784384138039E-003 -0.70599999999999996       3.17608816666666667E-003   5.7521049756970832
 -7.07945784384138039E-003 -0.70199999999999996       3.88482875833333309E-003   5.5506763737830518
 -7.07945784384138039E-003 -0.69799999999999995       4.63714238333333331E-003   5.3736569681280493
 -7.07945784384138039E-003 -0.69399999999999995       5.40053779999999980E-003   5.2212567377783285
 -7.07945784384138039E-003 -0.68999999999999995       6.14102708333333358E-003   5.0927632733965407
 -7.07945784384138039E-003 -0.68600000000000005       6.83928354166666707E-003   4.9850722982042273
 -7.07945784384138039E-003 -0.68200000000000005       7.59474031666666598E-003   4.8802993348728991
 -7.07945784384138039E-003 -0.67800000000000005       8.32900760833333274E-003   4.7880109645543438
 -7.07945784384138039E-003 -0.67400000000000004       8.94077156666666685E-003   4.7171333885245046
 -7.07945784384138039E-003 -0.67000000000000004       9.38901095000000026E-003   4.6682153214480193
 -7.07945784384138039E-003 -0.66600000000000004       9.78971529166666743E-003   4.6264229044083898
 -7.07945784384138039E-003 -0.66200000000000003       1.00957954750000006E-002   4.5956362314114552
 -7.07945784384138039E-003 -0.65800000000000003       1.03332736416666664E-002   4.5723861397946886
 -7.07945784384138039E-003 -0.65400000000000003       1.04959249499999990E-002   4.5567681971489558
 -7.07945784384138039E-003 -0.65000000000000002       1.06079998916666675E-002   4.5461468557510489
 -7.07945784384138039E-003 -0.64600000000000002       1.05619951583333337E-002   4.5504930831018431
 -7.07945784384138039E-003 -0.64200000000000002       1.05017533250000000E-002   4.5562130524254911
 -7.07945784384138039E-003 -0.63800000000000001       1.03556478666666663E-002   4.5702232205034514
 -7.07945784384138039E-003 -0.63400000000000001       1.00844338500000012E-002   4.5967622469802070
 -7.07945784384138039E-003 -0.63000000000000000       9.74670750000000002E-003   4.6308257433109601
 -7.07945784384138039E-003 -0.62600000000000000       9.49631947500000073E-003   4.6568509791277970
 -7.07945784384138039E-003 -0.62200000000000000       9.20849970000000087E-003   4.6876283410072093
 -7.07945784384138039E-003 -0.61799999999999999       8.83544697500000115E-003   4.7289835830923295
 -7.07945784384138039E-003 -0.61399999999999999       8.41417550000000090E-003   4.7778374359376814
 -7.07945784384138039E-003 -0.60999999999999999       7.98669467499999938E-003   4.8299782875226702
 -7.07945784384138039E-003 -0.60599999999999998       7.65126508333333413E-003   4.8728842744454948
 -7.07945784384138039E-003 -0.60199999999999998       7.34998798333333370E-003   4.9130566006793632
 -7.07945784384138039E-003 -0.59799999999999998       7.07590304166666635E-003   4.9510602051998074
 -7.07945784384138039E-003 -0.59399999999999997       6.72706425833333264E-003   5.0016164476826210
 -7.07945784384138039E-003 -0.58999999999999997       6.40919988333333353E-003   5.0500208390335493
 -7.07945784384138039E-003 -0.58599999999999997       6.10027304166666645E-003   5.0994217478756498
 -7.07945784384138039E-003 -0.58199999999999996       5.83581854999999997E-003   5.1437407403059767
 -7.07945784384138039E-003 -0.57799999999999996       5.45738383333333344E-003   5.2107857554591908
 -7.07945784384138039E-003 -0.57399999999999995       5.10493960833333354E-003   5.2775466573408032
 -7.07945784384138039E-003 -0.56999999999999995       4.75074329999999965E-003   5.3494541889674379
 -7.07945784384138039E-003 -0.56599999999999995       4.46439226666666723E-003   5.4116221844065366
 -7.07945784384138039E-003 -0.56200000000000006       4.15733226666666674E-003   5.4828816924695314
 -7.07945784384138039E-003 -0.55800000000000005       3.89867272500000030E-003   5.5471191106939628
 -7.07945784384138039E-003 -0.55400000000000005       3.62599964999999998E-003   5.6196252631745791
 -7.07945784384138039E-003 -0.55000000000000004       3.44595086666666653E-003   5.6705553990550444
 -7.07945784384138039E-003 -0.54600000000000004       3.28524777499999976E-003   5.7183132037103706
 -7.07945784384138039E-003 -0.54200000000000004       3.09889356666666685E-003   5.7767101451784848
 -7.07945784384138039E-003 -0.53800000000000003       2.99747153333333304E-003   5.8099861679105915
 -7.07945784384138039E-003 -0.53400000000000003       2.87632009166666636E-003   5.8512435477967433
 -7.07945784384138039E-003 -0.53000000000000003       2.70528329166666668E-003   5.9125486432702763
 -7.07945784384138039E-003 -0.52600000000000002       2.61319897499999974E-003   5.9471801472371562
 -7.07945784384138039E-003 -0.52200000000000002       2.47360576666666660E-003   6.0020783682888519
 -7.07945784384138039E-003 -0.51800000000000002       2.29752259166666681E-003   6.0759238706307999
 -7.07945784384138039E-003 -0.51400000000000001       2.16649323333333336E-003   6.1346454401063655
 -7.07945784384138039E-003 -0.51000000000000001       2.01715648333333341E-003   6.2060664408015915
 -7.07945784384138039E-003 -0.50600000000000001       1.93515196666666682E-003   6.2475694198391150
 -7.07945784384138039E-003 -0.50200000000000000       1.82327239166666689E-003   6.3071223749924750
 -7.07945784384138039E-003 -0.49800000000000000       1.74925865000000007E-003   6.3485632093740758
 -7.07945784384138039E-003 -0.49399999999999999       1.64666631666666660E-003   6.4090024490010453
 -7.07945784384138039E-003 -0.48999999999999999       1.59083971666666669E-003   6.4434932784685044
 -7.07945784384138039E-003 -0.48599999999999999       1.55188898333333334E-003   6.4682823911369880
 -7.07945784384138039E-003 -0.48199999999999998       1.51860534166666666E-003   6.4899629036971440
 -7.07945784384138039E-003 -0.47799999999999998       1.45323059166666663E-003   6.5339662065955686
 -7.07945784384138039E-003 -0.47399999999999998       1.39244442500000010E-003   6.5766944971926629
 -7.07945784384138039E-003 -0.46999999999999997       1.34034163333333315E-003   6.6148307472648531
 -7.07945784384138039E-003 -0.46600000000000003       1.24998970833333336E-003   6.6846199610351551
 -7.07945784384138039E-003 -0.46200000000000002       1.18053655833333338E-003   6.7417862334020553
 -7.07945784384138039E-003 -0.45800000000000002       1.14899175833333344E-003   6.7688704530452179
 -7.07945784384138039E-003 -0.45400000000000001       1.08677302499999998E-003   6.8245425012942800
 -7.07945784384138039E-003 -0.45000000000000001       1.02355228333333320E-003   6.8844760712820925
 -7.07945784384138039E-003 -0.44600000000000001       9.43638058333333288E-004   6.9657678781227332
 -7.07945784384138039E-003 -0.44200000000000000       8.70856024999999939E-004   7.0460338932825382
 -7.07945784384138039E-003 -0.43800000000000000       8.14729225000000007E-004   7.1126547391909067
 -7.07945784384138039E-003 -0.43400000000000000       7.67053541666666669E-004   7.1729539524275623
 -7.07945784384138039E-003 -0.42999999999999999       7.40177733333333360E-004   7.2086202204245202
 -7.07945784384138039E-003 -0.42599999999999999       7.13858333333333315E-004   7.2448260280095056
 -7.07945784384138039E-003 -0.42199999999999999       6.92415066666666698E-004   7.2753249748373454
 -7.07945784384138039E-003 -0.41799999999999998       6.53838599999999998E-004   7.3326500259553153
 -7.07945784384138039E-003 -0.41399999999999998       6.13959333333333342E-004   7.3955818643667257
 -7.07945784384138039E-003 -0.40999999999999998       6.02808958333333296E-004   7.4139102301190869
 -7.07945784384138039E-003 -0.40600000000000003       5.83979158333333410E-004   7.4456452635582595
 -7.07945784384138039E-003 -0.40200000000000002       5.76813916666666640E-004   7.4579908449152006
 -7.07945784384138039E-003 -0.39800000000000002       5.53847416666666662E-004   7.4986213303316713
 -7.07945784384138039E-003 -0.39400000000000002       5.28054333333333290E-004   7.5463113755118663
 -7.07945784384138039E-003 -0.39000000000000001       4.85632549999999972E-004   7.6300582899876686
 -7.07945784384138039E-003 -0.38600000000000001       4.54797433333333358E-004   7.6956584396101206
 -7.07945784384138039E-003 -0.38200000000000001       4.14134641666666717E-004   7.7893194155949121
 -7.07945784384138039E-003 -0.37800000000000000       3.80866741666666662E-004   7.8730610034227340
 -7.07945784384138039E-003 -0.37400000000000000       3.59556583333333322E-004   7.9306389986589529
 -7.07945784384138039E-003 -0.37000000000000000       3.62439499999999998E-004   7.9226529941500479
 -7.07945784384138039E-003 -0.36599999999999999       3.46202424999999972E-004   7.9684869106250913
 -7.07945784384138039E-003 -0.36199999999999999       3.23334200000000005E-004   8.0368240947261764
 -7.07945784384138039E-003 -0.35799999999999998       3.10754191666666642E-004   8.0765083387934169
 -7.07945784384138039E-003 -0.35399999999999998       2.93734275000000016E-004   8.1328350258536837
 -7.07945784384138039E-003 -0.34999999999999998       2.84571716666666668E-004   8.1645252564926913
 -7.07945784384138039E-003 -0.34599999999999997       2.72655841666666658E-004   8.2073002113067197
 -7.07945784384138039E-003 -0.34200000000000003       2.51887424999999992E-004   8.2865282964551987
 -7.07945784384138039E-003 -0.33800000000000002       2.37031166666666675E-004   8.3473189205525138
 -7.07945784384138039E-003 -0.33400000000000002       2.32197991666666684E-004   8.3679201378909163
 -7.07945784384138039E-003 -0.33000000000000002       2.21901216666666639E-004   8.4132782450904795
 -7.07945784384138039E-003 -0.32600000000000001       2.04326816666666646E-004   8.4957898035375337
 -7.07945784384138039E-003 -0.32200000000000001       2.00681691666666675E-004   8.5137905287113043
 -7.07945784384138039E-003 -0.31800000000000000       1.89596825000000002E-004   8.5706107140641556
 -7.07945784384138039E-003 -0.31400000000000000       1.85949175000000010E-004   8.5900371742795638
 -7.07945784384138039E-003 -0.31000000000000000       1.79848575000000010E-004   8.6233953111234207
 -7.07945784384138039E-003 -0.30599999999999999       1.79105941666666667E-004   8.6275330743129572
 -7.07945784384138039E-003 -0.30199999999999999       1.60446824999999998E-004   8.7375479787001744
 -7.07945784384138039E-003 -0.29799999999999999       1.46315266666666665E-004   8.8297469035939020
 -7.07945784384138039E-003 -0.29399999999999998       1.46848358333333343E-004   8.8261100795899416
 -7.07945784384138039E-003 -0.28999999999999998       1.46251741666666659E-004   8.8301811630913090
 -7.07945784384138039E-003 -0.28599999999999998       1.40587324999999990E-004   8.8696817320112942
 -7.07945784384138039E-003 -0.28199999999999997       1.36235075000000011E-004   8.9011286717054094
 -7.07945784384138039E-003 -0.27800000000000002       1.29452541666666659E-004   8.9521962176090213
 -7.07945784384138039E-003 -0.27400000000000002       1.29062466666666673E-004   8.9552140330817558
 -7.07945784384138039E-003 -0.27000000000000002       1.27555749999999992E-004   8.9669570340318998
 -7.07945784384138039E-003 -0.26600000000000001       1.21065200000000008E-004   9.0191813145160715
 -7.07945784384138039E-003 -0.26200000000000001       1.16907191666666680E-004   9.0541301715610096
 -7.07945784384138039E-003 -0.25800000000000001       1.08100316666666669E-004   9.1324509039370323
 -7.07945784384138039E-003 -0.25400000000000000       1.09895649999999995E-004   9.1159792787757343
 -7.07945784384138039E-003 -0.25000000000000000       1.08645275000000013E-004   9.1274223404725490
 -7.07945784384138039E-003 -0.24600000000000000       1.13630516666666652E-004   9.0825584551233991
 -7.07945784384138039E-003 -0.24199999999999999       1.18883591666666663E-004   9.0373657649119590
 -7.07945784384138039E-003 -0.23799999999999999       1.11751591666666664E-004   9.0992320814698662
 -7.07945784384138039E-003 -0.23400000000000001       1.15682350000000006E-004   9.0646624850990261
 -7.07945784384138039E-003 -0.23000000000000001       1.18813708333333329E-004   9.0379537676814223
 -7.07945784384138039E-003 -0.22600000000000001       1.24982125000000006E-004   8.9873398308874481
 -7.07945784384138039E-003 -0.22200000000000000       1.25016291666666659E-004   8.9870664958212902
 -7.07945784384138039E-003 -0.21800000000000000       1.11055466666666654E-004   9.1054807817605585
 -7.07945784384138039E-003 -0.21400000000000000       1.13299558333333344E-004   9.0854752881432663
 -7.07945784384138039E-003 -0.20999999999999999       1.09446741666666662E-004   9.1200725045009730
 -7.07945784384138039E-003 -0.20599999999999999       1.02707233333333332E-004   9.1836280118319298
 -7.07945784384138039E-003 -0.20200000000000001       1.02257283333333324E-004   9.1880185349342973
 -7.07945784384138039E-003 -0.19800000000000001       1.01876458333333348E-004   9.1917496715772788
 -7.07945784384138039E-003 -0.19400000000000001       9.50245333333333381E-005   9.2613754540893574
 -7.07945784384138039E-003 -0.19000000000000000       9.04875666666666640E-005   9.3102981015952739
 -7.07945784384138039E-003 -0.18600000000000000       8.54661000000000049E-005   9.3673907518730601
 -7.07945784384138039E-003 -0.18200000000000000       8.58312749999999976E-005   9.3631271073986557
 -7.07945784384138039E-003 -0.17799999999999999       8.52279416666666559E-005   9.3701812240599924
 -7.07945784384138039E-003 -0.17399999999999999       8.26364166666666638E-005   9.4010600948545324
 -7.07945784384138039E-003 -0.17000000000000001       8.03921750000000042E-005   9.4285937123864692
 -7.07945784384138039E-003 -0.16600000000000001       7.96461083333333279E-005   9.4379173823959430
 -7.07945784384138039E-003 -0.16200000000000001       7.82666500000000039E-005   9.4553889716256538
 -7.07945784384138039E-003 -0.15800000000000000       7.79525499999999996E-005   9.4594102497178145
 -7.07945784384138039E-003 -0.15400000000000000       7.91141583333333304E-005   9.4446187063718998
 -7.07945784384138039E-003 -0.14999999999999999       7.46377583333333405E-005   9.5028640349237037
 -7.07945784384138039E-003 -0.14599999999999999       6.98975999999999997E-005   9.5684792440779098
 -7.07945784384138039E-003 -0.14199999999999999       6.77697416666666745E-005   9.5993947507363604
 -7.07945784384138039E-003 -0.13800000000000001       7.31296666666666654E-005   9.5232764367846965
 -7.07945784384138039E-003 -0.13400000000000001       6.92099333333333295E-005   9.5783661603629042
 -7.07945784384138039E-003 -0.13000000000000000       7.13373833333333357E-005   9.5480900575212768
 -7.07945784384138039E-003 -0.12600000000000000       6.69563166666666714E-005   9.6114701412610017
 -7.07945784384138039E-003 -0.12200000000000000       6.14402166666666718E-005   9.6974459426553814
 -7.07945784384138039E-003 -0.11799999999999999       5.97449666666666646E-005   9.7254256105894559
 -7.07945784384138039E-003 -0.11400000000000000       6.06897083333333344E-005   9.7097364239719646
 -7.07945784384138039E-003 -0.11000000000000000       6.34248583333333314E-005   9.6656546860906722
 -7.07945784384138039E-003 -0.10600000000000000       6.35915833333333328E-005   9.6630294339017855
 -7.07945784384138039E-003 -0.10199999999999999       6.24384583333333369E-005   9.6813291529912764
 -7.07945784384138039E-003 -9.80000000000000038E-002  6.29188666666666648E-005   9.6736644922271591
 -7.07945784384138039E-003 -9.40000000000000002E-002  6.15867833333333278E-005   9.6950632667223466
 -7.07945784384138039E-003 -8.99999999999999967E-002  5.49367000000000055E-005   9.8093289446271807
 -7.07945784384138039E-003 -8.59999999999999931E-002  5.32739333333333317E-005   9.8400634020789859
 -7.07945784384138039E-003 -8.20000000000000034E-002  4.96842333333333345E-005   9.9098229119457706
 -7.07945784384138039E-003 -7.79999999999999999E-002  4.53200416666666648E-005   10.001761202416835
 -7.07945784384138039E-003 -7.39999999999999963E-002  4.22115416666666657E-005   10.072816875106289
 -7.07945784384138039E-003 -7.00000000000000067E-002  4.17053416666666671E-005   10.084881339841322
 -7.07945784384138039E-003 -6.60000000000000031E-002  3.83149000000000014E-005   10.169671703489199
 -7.07945784384138039E-003 -6.19999999999999996E-002  3.79515666666666642E-005   10.179199772585621
 -7.07945784384138039E-003 -5.80000000000000029E-002  3.88871333333333359E-005   10.154847124693147
 -7.07945784384138039E-003 -5.39999999999999994E-002  4.10431583333333353E-005   10.100886402622935
 -7.07945784384138039E-003 -5.00000000000000028E-002  3.79624749999999994E-005   10.178912386137240
 -7.07945784384138039E-003 -4.59999999999999992E-002  3.74954749999999987E-005   10.191290298935384
 -7.07945784384138039E-003 -4.20000000000000026E-002  3.86684583333333324E-005   10.160486320392611
 -7.07945784384138039E-003 -3.79999999999999991E-002  3.68877999999999960E-005   10.207629684891961
 -7.07945784384138039E-003 -3.40000000000000024E-002  3.87045166666666652E-005   10.159554255005601
 -7.07945784384138039E-003 -2.99999999999999989E-002  3.65563083333333326E-005   10.216656792041981
 -7.07945784384138039E-003 -2.59999999999999988E-002  3.67954416666666686E-005   10.210136588215256
 -7.07945784384138039E-003 -2.19999999999999987E-002  4.36845083333333299E-005   10.038517019094233
 -7.07945784384138039E-003 -1.79999999999999986E-002  4.20697833333333316E-005   10.076180810521688
 -7.07945784384138039E-003 -1.40000000000000003E-002  4.30670833333333364E-005   10.052751580408083
 -7.07945784384138039E-003 -1.00000000000000002E-002  4.31360750000000002E-005   10.051150903989001
 -7.07945784384138039E-003 -6.00000000000000012E-003  3.91076500000000016E-005   10.149192457936431
 -7.07945784384138039E-003 -2.00000000000000004E-003  3.81220250000000003E-005   10.174718358868301
 -7.07945784384138039E-003  2.00000000000000004E-003  3.70920916666666651E-005   10.202106773696805
 -7.07945784384138039E-003  6.00000000000000012E-003  3.72480499999999965E-005   10.197910963502251
 -7.07945784384138039E-003  1.00000000000000002E-002  4.20379833333333364E-005   10.076936983293253
 -7.07945784384138039E-003  1.40000000000000003E-002  4.80657833333333331E-005   9.9429399992042136
 -7.07945784384138039E-003  1.79999999999999986E-002  5.07064500000000031E-005   9.8894574365238679
 -7.07945784384138039E-003  2.19999999999999987E-002  5.18496166666666624E-005   9.8671630164372495
 -7.07945784384138039E-003  2.59999999999999988E-002  5.10077916666666715E-005   9.8835321591315068
 -7.07945784384138039E-003  2.99999999999999989E-002  5.16817416666666687E-005   9.8704059980774002
 -7.07945784384138039E-003  3.40000000000000024E-002  5.61947083333333308E-005   9.7866879632676191
 -7.07945784384138039E-003  3.79999999999999991E-002  6.68646999999999970E-005   9.6128393833017896
 -7.07945784384138039E-003  4.20000000000000026E-002  6.93124999999999975E-005   9.5768852928536887
 -7.07945784384138039E-003  4.59999999999999992E-002  6.72674250000000008E-005   9.6068344652382649
 -7.07945784384138039E-003  5.00000000000000028E-002  6.99277583333333399E-005   9.5680478726276874
 -7.07945784384138039E-003  5.39999999999999994E-002  7.40966999999999982E-005   9.5101395610668753
 -7.07945784384138039E-003  5.80000000000000029E-002  7.13529166666666625E-005   9.5478723365774609
 -7.07945784384138039E-003  6.19999999999999996E-002  7.21831666666666703E-005   9.5363036879099941
 -7.07945784384138039E-003  6.60000000000000031E-002  7.92926333333333270E-005   9.4423653298134518
 -7.07945784384138039E-003  7.00000000000000067E-002  9.41205166666666713E-005   9.2709345046740825
 -7.07945784384138039E-003  7.39999999999999963E-002  9.63572500000000031E-005   9.2474479194376293
 -7.07945784384138039E-003  7.79999999999999999E-002  9.29340000000000016E-005   9.2836209941705974
 -7.07945784384138039E-003  8.20000000000000034E-002  9.84087333333333319E-005   9.2263810044568810
 -7.07945784384138039E-003  8.59999999999999931E-002  9.73066250000000028E-005   9.2376434827037901
 -7.07945784384138039E-003  8.99999999999999967E-002  9.00830583333333331E-005   9.3147784428466807
 -7.07945784384138039E-003  9.40000000000000002E-002  9.57061416666666600E-005   9.2542280853193617
 -7.07945784384138039E-003  9.80000000000000038E-002  9.67618500000000094E-005   9.2432577529343671
 -7.07945784384138039E-003  0.10199999999999999       9.31841083333333328E-005   9.2809333622563788
 -7.07945784384138039E-003  0.10600000000000000       9.51585250000000022E-005   9.2599663728598198
 -7.07945784384138039E-003  0.11000000000000000       9.38150416666666672E-005   9.2741853558885250
 -7.07945784384138039E-003  0.11400000000000000       9.78061583333333337E-005   9.2325230142624548
 -7.07945784384138039E-003  0.11799999999999999       1.03752441666666665E-004   9.1735028649938428
 -7.07945784384138039E-003  0.12200000000000000       1.14440141666666674E-004   9.0754586518709797
 -7.07945784384138039E-003  0.12600000000000000       1.13853916666666668E-004   9.0805943640553366
 -7.07945784384138039E-003  0.13000000000000000       1.07975899999999991E-004   9.1336025038894544
 -7.07945784384138039E-003  0.13400000000000001       1.01624966666666677E-004   9.1942213180996326
 -7.07945784384138039E-003  0.13800000000000001       1.09723783333333331E-004   9.1175444107783310
 -7.07945784384138039E-003  0.14199999999999999       1.14361183333333335E-004   9.0761488431228674
 -7.07945784384138039E-003  0.14599999999999999       1.11553908333333334E-004   9.1010026010940912
 -7.07945784384138039E-003  0.14999999999999999       1.12584166666666665E-004   9.0918094678949686
 -7.07945784384138039E-003  0.15400000000000000       1.20605333333333336E-004   9.0229870513212056
 -7.07945784384138039E-003  0.15800000000000000       1.20057291666666682E-004   9.0275414985603781
 -7.07945784384138039E-003  0.16200000000000001       1.22248841666666686E-004   9.0094519047734725
 -7.07945784384138039E-003  0.16600000000000001       1.32680116666666654E-004   8.9275694645771964
 -7.07945784384138039E-003  0.17000000000000001       1.44317691666666657E-004   8.8434934963270244
 -7.07945784384138039E-003  0.17399999999999999       1.47276058333333339E-004   8.8232017844792470
 -7.07945784384138039E-003  0.17799999999999999       1.50894633333333337E-004   8.7989287572143287
 -7.07945784384138039E-003  0.18200000000000000       1.58445958333333322E-004   8.7500969796734402
 -7.07945784384138039E-003  0.18600000000000000       1.71859608333333342E-004   8.6688326450685658
 -7.07945784384138039E-003  0.19000000000000000       1.83531024999999997E-004   8.6031268311914921
 -7.07945784384138039E-003  0.19400000000000001       1.88498966666666659E-004   8.5764180329656821
 -7.07945784384138039E-003  0.19800000000000001       1.87065966666666674E-004   8.5840492403925470
 -7.07945784384138039E-003  0.20200000000000001       1.97486999999999988E-004   8.5298377985743219
 -7.07945784384138039E-003  0.20599999999999999       1.95818725000000004E-004   8.5383211991411514
 -7.07945784384138039E-003  0.20999999999999999       1.87975291666666678E-004   8.5792000310766152
 -7.07945784384138039E-003  0.21400000000000000       2.00522050000000006E-004   8.5145863422021204
 -7.07945784384138039E-003  0.21800000000000000       2.13774616666666668E-004   8.4505882910864560
 -7.07945784384138039E-003  0.22200000000000000       2.30106149999999992E-004   8.3769698337703495
 -7.07945784384138039E-003  0.22600000000000001       2.24291824999999981E-004   8.4025625638254482
 -7.07945784384138039E-003  0.23000000000000001       2.17895058333333322E-004   8.4314969948696081
 -7.07945784384138039E-003  0.23400000000000001       2.24918724999999980E-004   8.3997714432385386
 -7.07945784384138039E-003  0.23799999999999999       2.35732341666666665E-004   8.3528135420485672
 -7.07945784384138039E-003  0.24199999999999999       2.56527608333333352E-004   8.2682742643178528
 -7.07945784384138039E-003  0.24600000000000000       2.58762675000000014E-004   8.2595992290771996
 -7.07945784384138039E-003  0.25000000000000000       2.58450233333333361E-004   8.2608074035045505
 -7.07945784384138039E-003  0.25400000000000000       2.68914891666666698E-004   8.2211156162798904
 -7.07945784384138039E-003  0.25800000000000001       2.84815158333333318E-004   8.1636701553578082
 -7.07945784384138039E-003  0.26200000000000001       2.94231266666666663E-004   8.1311444785347948
 -7.07945784384138039E-003  0.26600000000000001       2.91023616666666633E-004   8.1421061371557020
 -7.07945784384138039E-003  0.27000000000000002       2.91283524999999999E-004   8.1412134524125630
 -7.07945784384138039E-003  0.27400000000000002       3.00699224999999998E-004   8.1094000452927002
 -7.07945784384138039E-003  0.27800000000000002       3.02896700000000003E-004   8.1021187346751447
 -7.07945784384138039E-003  0.28199999999999997       3.04295550000000024E-004   8.0975111248948615
 -7.07945784384138039E-003  0.28599999999999998       3.31602991666666658E-004   8.0115721128298780
 -7.07945784384138039E-003  0.28999999999999998       3.31261166666666699E-004   8.0126034705402116
 -7.07945784384138039E-003  0.29399999999999998       3.29019233333333343E-004   8.0193943489278841
 -7.07945784384138039E-003  0.29799999999999999       3.53388566666666660E-004   7.9479423509883702
 -7.07945784384138039E-003  0.30199999999999999       3.90221133333333310E-004   7.8487969709821810
 -7.07945784384138039E-003  0.30599999999999999       4.02050433333333342E-004   7.8189330211611372
 -7.07945784384138039E-003  0.31000000000000000       4.24966258333333332E-004   7.7635007843484445
 -7.07945784384138039E-003  0.31400000000000000       4.33762883333333371E-004   7.7430125249348931
 -7.07945784384138039E-003  0.31800000000000000       4.47117375000000042E-004   7.7126894139272038
 -7.07945784384138039E-003  0.32200000000000001       4.72684858333333299E-004   7.6570816529748633
 -7.07945784384138039E-003  0.32600000000000001       4.92945525000000021E-004   7.6151118869842263
 -7.07945784384138039E-003  0.33000000000000002       5.16613533333333303E-004   7.5682154807170319
 -7.07945784384138039E-003  0.33400000000000002       5.41157308333333376E-004   7.5218005481247472
 -7.07945784384138039E-003  0.33800000000000002       5.72664833333333292E-004   7.4652099454902805
 -7.07945784384138039E-003  0.34200000000000003       6.05249083333333376E-004   7.4098704766729311
 -7.07945784384138039E-003  0.34599999999999997       6.42636958333333294E-004   7.3499305991901291
 -7.07945784384138039E-003  0.34999999999999998       6.66485133333333279E-004   7.3134927241706782
 -7.07945784384138039E-003  0.35399999999999998       6.98752849999999931E-004   7.2662134547912975
 -7.07945784384138039E-003  0.35799999999999998       7.14467991666666740E-004   7.2439723598250207
 -7.07945784384138039E-003  0.36199999999999999       7.22195874999999993E-004   7.2332141608514355
 -7.07945784384138039E-003  0.36599999999999999       7.14172425000000042E-004   7.2443861331824531
 -7.07945784384138039E-003  0.37000000000000000       7.39853841666666652E-004   7.2090579025352381
 -7.07945784384138039E-003  0.37400000000000000       7.63083091666666674E-004   7.1781436313422011
 -7.07945784384138039E-003  0.37800000000000000       8.08899241666666681E-004   7.1198361954279292
 -7.07945784384138039E-003  0.38200000000000001       8.27412999999999933E-004   7.0972065921918892
 -7.07945784384138039E-003  0.38600000000000001       8.58620299999999928E-004   7.0601837593133130
 -7.07945784384138039E-003  0.39000000000000001       8.98885241666666696E-004   7.0143551827345556
 -7.07945784384138039E-003  0.39400000000000002       9.30143558333333372E-004   6.9801716199305543
 -7.07945784384138039E-003  0.39800000000000002       9.66187058333333360E-004   6.9421531003309687
 -7.07945784384138039E-003  0.40200000000000002       1.00747970833333332E-003   6.9003034049583372
 -7.07945784384138039E-003  0.40600000000000003       1.05205699166666653E-003   6.8570079915459230
 -7.07945784384138039E-003  0.40999999999999998       1.07727224166666671E-003   6.8333231349730275
 -7.07945784384138039E-003  0.41399999999999998       1.11411997500000001E-003   6.7996904457894676
 -7.07945784384138039E-003  0.41799999999999998       1.15142991666666666E-003   6.7667507031986691
 -7.07945784384138039E-003  0.42199999999999999       1.21622977500000003E-003   6.7119995535848505
 -7.07945784384138039E-003  0.42599999999999999       1.24788472500000002E-003   6.6863053810895297
 -7.07945784384138039E-003  0.42999999999999999       1.30144546666666671E-003   6.6442797347788654
 -7.07945784384138039E-003  0.43400000000000000       1.36632268333333339E-003   6.5956323207424692
 -7.07945784384138039E-003  0.43800000000000000       1.42976204166666665E-003   6.5502472529859785
 -7.07945784384138039E-003  0.44200000000000000       1.49366775833333337E-003   6.5065206009828609
 -7.07945784384138039E-003  0.44600000000000001       1.56025032500000001E-003   6.4629090058501912
 -7.07945784384138039E-003  0.45000000000000001       1.64112124166666687E-003   6.4123755868083387
 -7.07945784384138039E-003  0.45400000000000001       1.72822693333333317E-003   6.3606592900624364
 -7.07945784384138039E-003  0.45800000000000002       1.79408610000000011E-003   6.3232595231861382
 -7.07945784384138039E-003  0.46200000000000002       1.90110251666666670E-003   6.2653212891725731
 -7.07945784384138039E-003  0.46600000000000003       2.02068730833333344E-003   6.2043175737913243
 -7.07945784384138039E-003  0.46999999999999997       2.08337166666666684E-003   6.1737677040712144
 -7.07945784384138039E-003  0.47399999999999998       2.21388378333333335E-003   6.1130069377927923
 -7.07945784384138039E-003  0.47799999999999998       2.32549584999999998E-003   6.0638219938641749
 -7.07945784384138039E-003  0.48199999999999998       2.42586880833333329E-003   6.0215655472789287
 -7.07945784384138039E-003  0.48599999999999999       2.52247302500000024E-003   5.9825154995498826
 -7.07945784384138039E-003  0.48999999999999999       2.61745798333333328E-003   5.9455516675610918
 -7.07945784384138039E-003  0.49399999999999999       2.67052615833333331E-003   5.9254797629381581
 -7.07945784384138039E-003  0.49800000000000000       2.81625489999999968E-003   5.8723473263169810
 -7.07945784384138039E-003  0.50200000000000000       2.96021306666666671E-003   5.8224940312547648
 -7.07945784384138039E-003  0.50600000000000001       3.11509735833333332E-003   5.7714948725494901
 -7.07945784384138039E-003  0.51000000000000001       3.29578465000000039E-003   5.7151110058412966
 -7.07945784384138039E-003  0.51400000000000001       3.50513159166666649E-003   5.6535272152155578
 -7.07945784384138039E-003  0.51800000000000002       3.74944022500000012E-003   5.5861487234755236
 -7.07945784384138039E-003  0.52200000000000002       3.96192047500000012E-003   5.5310264028405891
 -7.07945784384138039E-003  0.52600000000000002       4.22572162499999966E-003   5.4665652339408890
 -7.07945784384138039E-003  0.53000000000000003       4.46522199166666644E-003   5.4114363477111578
 -7.07945784384138039E-003  0.53400000000000003       4.80336531666666639E-003   5.3384384990905467
 -7.07945784384138039E-003  0.53800000000000003       5.12762350833333332E-003   5.2731129808708133
 -7.07945784384138039E-003  0.54200000000000004       5.46651623333333381E-003   5.2091137514914116
 -7.07945784384138039E-003  0.54600000000000004       5.78508528333333306E-003   5.1524721762959249
 -7.07945784384138039E-003  0.55000000000000004       6.11232863333333303E-003   5.0974474600206365
 -7.07945784384138039E-003  0.55400000000000005       6.52527114166666714E-003   5.0320727723583190
 -7.07945784384138039E-003  0.55800000000000005       6.96034972500000036E-003   4.9675255580533619
 -7.07945784384138039E-003  0.56200000000000006       7.38366272500000104E-003   4.9084854592874088
 -7.07945784384138039E-003  0.56599999999999995       7.84038044166666774E-003   4.8484679200743663
 -7.07945784384138039E-003  0.56999999999999995       8.28639280833333262E-003   4.7931405301829688
 -7.07945784384138039E-003  0.57399999999999995       8.71446724999999991E-003   4.7427707321139083
 -7.07945784384138039E-003  0.57799999999999996       9.18732331666666582E-003   4.6899306454670997
 -7.07945784384138039E-003  0.58199999999999996       9.73578756666666767E-003   4.6319467428995145
 -7.07945784384138039E-003  0.58599999999999997       1.02651387916666663E-002   4.5790017077388701
 -7.07945784384138039E-003  0.58999999999999997       1.08417424416666665E-002   4.5243515540370556
 -7.07945784384138039E-003  0.59399999999999997       1.14256262500000011E-002   4.4718965296997251
 -7.07945784384138039E-003  0.59799999999999998       1.19825618166666675E-002   4.4243028680314920
 -7.07945784384138039E-003  0.60199999999999998       1.25147167749999986E-002   4.3808499851974698
 -7.07945784384138039E-003  0.60599999999999998       1.30546592916666662E-002   4.3386101750906620
 -7.07945784384138039E-003  0.60999999999999999       1.37037210083333326E-002   4.2900878765787231
 -7.07945784384138039E-003  0.61399999999999999       1.43559730416666659E-002   4.2435891835428787
 -7.07945784384138039E-003  0.61799999999999999       1.49270422499999996E-002   4.2045807948935581
 -7.07945784384138039E-003  0.62200000000000000       1.55179144750000001E-002   4.1657601498672348
 -7.07945784384138039E-003  0.62600000000000000       1.59954838750000009E-002   4.1354488543970893
 -7.07945784384138039E-003  0.63000000000000000       1.64896327250000016E-002   4.1050234152481151
 -7.07945784384138039E-003  0.63400000000000001       1.69112526666666679E-002   4.0797760403607581
 -7.07945784384138039E-003  0.63800000000000001       1.70704928666666651E-002   4.0704038693256726
 -7.07945784384138039E-003  0.64200000000000002       1.72275458833333339E-002   4.0612456713591056
 -7.07945784384138039E-003  0.64600000000000002       1.73600279333333343E-002   4.0535849606882470
 -7.07945784384138039E-003  0.65000000000000002       1.73435373333333323E-002   4.0545353299724685
 -7.07945784384138039E-003  0.65400000000000003       1.72689816749999996E-002   4.0588433535302046
 -7.07945784384138039E-003  0.65800000000000003       1.70159696833333332E-002   4.0736029827422682
 -7.07945784384138039E-003  0.66200000000000003       1.66837491499999997E-002   4.0933201381236923
 -7.07945784384138039E-003  0.66600000000000004       1.61925623249999998E-002   4.1232032579104407
 -7.07945784384138039E-003  0.67000000000000004       1.55786601166666653E-002   4.1618532424517145
 -7.07945784384138039E-003  0.67400000000000004       1.47256238833333320E-002   4.2181661813550431
 -7.07945784384138039E-003  0.67800000000000005       1.37254848416666683E-002   4.2885009667702771
 -7.07945784384138039E-003  0.68200000000000005       1.27241101416666665E-002   4.3642566489187251
 -7.07945784384138039E-003  0.68600000000000005       1.15779566416666663E-002   4.4586522782220701
 -7.07945784384138039E-003  0.68999999999999995       1.02903152916666678E-002   4.5765520890160225
 -7.07945784384138039E-003  0.69399999999999995       8.95997175000000021E-003   4.7149882049020544
 -7.07945784384138039E-003  0.69799999999999995       7.63500295000000065E-003   4.8750119539330958
 -7.07945784384138039E-003  0.70199999999999996       6.38465581666666695E-003   5.0538576959362036
 -7.07945784384138039E-003  0.70599999999999996       5.17737389999999974E-003   5.2634573203750046
 -7.07945784384138039E-003  0.70999999999999996       4.07595108333333282E-003   5.5026511648385865
 -7.07945784384138039E-003  0.71399999999999997       3.14672418333333337E-003   5.7613933090581941
 -7.07945784384138039E-003  0.71799999999999997       2.34773034166666688E-003   6.0543062295797903
 -7.07945784384138039E-003  0.72199999999999998       1.68530375000000001E-003   6.3858094643616523
 -7.07945784384138039E-003  0.72599999999999998       1.11697037499999992E-003   6.7971352811805374
 -7.07945784384138039E-003  0.72999999999999998       7.17883325000000000E-004   7.2392035021206054
 -7.07945784384138039E-003  0.73399999999999999       4.37781525000000005E-004   7.7337905734004773
 -7.07945784384138039E-003  0.73799999999999999       2.60477025000000015E-004   8.2529958964376799
 -7.07945784384138039E-003  0.74199999999999999       1.45619791666666673E-004   8.8345114996630176
 -7.07945784384138039E-003  0.74600000000000000       8.68675500000000049E-005   9.3511260131522054
 -7.07945784384138039E-003  0.75000000000000000       5.01983500000000003E-005   9.8995284003326685
 -7.07945784384138039E-003  0.75400000000000000       2.68771250000000023E-005   10.524235004874855
 -7.07945784384138039E-003  0.75800000000000001       1.21833916666666659E-005   11.315436872486362
 -7.07945784384138039E-003  0.76200000000000001       4.40533333333333339E-006   12.332694629853762
 -7.07945784384138039E-003  0.76600000000000001       2.89587500000000004E-006   12.752223247355778
 -7.07945784384138039E-003  0.77000000000000002       1.66063333333333344E-006   13.308311502253982
 -7.07945784384138039E-003  0.77400000000000002       8.73908333333333256E-007   13.950290348560994
 -7.07945784384138039E-003  0.77800000000000002       4.60733333333333290E-007   14.590446413957228
 -7.07945784384138039E-003  0.78200000000000003       4.79916666666666679E-008   16.852238452221783
 -7.07945784384138039E-003  0.78600000000000003        0.0000000000000000                      +Infinity
 -7.07945784384138039E-003  0.79000000000000004        0.0000000000000000                      +Infinity
 -7.07945784384138039E-003  0.79400000000000004        0.0000000000000000                      +Infinity
 -7.07945784384138039E-003  0.79800000000000004        0.0000000000000000                      +Infinity
 -7.07945784384138039E-003  0.80200000000000005        0.0000000000000000                      +Infinity
 -7.07945784384138039E-003  0.80600000000000005        0.0000000000000000                      +Infinity
 -7.07945784384138039E-003  0.81000000000000005        0.0000000000000000                      +Infinity
 -7.07945784384138039E-003  0.81399999999999995        0.0000000000000000                      +Infinity
 -7.07945784384138039E-003  0.81799999999999995        0.0000000000000000                      +Infinity
 -7.07945784384138039E-003  0.82199999999999995        0.0000000000000000                      +Infinity
 -7.07945784384138039E-003  0.82599999999999996        0.0000000000000000                      +Infinity
 -7.07945784384138039E-003  0.82999999999999996        0.0000000000000000                      +Infinity
 -7.07945784384138039E-003  0.83399999999999996        0.0000000000000000                      +Infinity
 -7.07945784384138039E-003  0.83799999999999997        0.0000000000000000                      +Infinity
 -7.07945784384138039E-003  0.84199999999999997        0.0000000000000000                      +Infinity
 -7.07945784384138039E-003  0.84599999999999997        0.0000000000000000                      +Infinity
 -7.07945784384138039E-003  0.84999999999999998        0.0000000000000000                      +Infinity
 -7.07945784384138039E-003  0.85399999999999998        0.0000000000000000                      +Infinity
 -7.07945784384138039E-003  0.85799999999999998        0.0000000000000000                      +Infinity
 -7.07945784384138039E-003  0.86199999999999999        0.0000000000000000                      +Infinity
 -7.07945784384138039E-003  0.86599999999999999        0.0000000000000000                      +Infinity
 -7.07945784384138039E-003  0.87000000000000000        0.0000000000000000                      +Infinity
 -7.07945784384138039E-003  0.87400000000000000        0.0000000000000000                      +Infinity
 -7.07945784384138039E-003  0.87800000000000000        0.0000000000000000                      +Infinity
 -7.07945784384138039E-003  0.88200000000000001        0.0000000000000000                      +Infinity
 -7.07945784384138039E-003  0.88600000000000001        0.0000000000000000                      +Infinity
 -7.07945784384138039E-003  0.89000000000000001        0.0000000000000000                      +Infinity
 -7.07945784384138039E-003  0.89400000000000002        0.0000000000000000                      +Infinity
 -7.07945784384138039E-003  0.89800000000000002        0.0000000000000000                      +Infinity
 -7.07945784384138039E-003  0.90200000000000002        0.0000000000000000                      +Infinity
 -7.07945784384138039E-003  0.90600000000000003        0.0000000000000000                      +Infinity
 -7.07945784384138039E-003  0.91000000000000003        0.0000000000000000                      +Infinity
 -7.07945784384138039E-003  0.91400000000000003        0.0000000000000000                      +Infinity
 -7.07945784384138039E-003  0.91800000000000004        0.0000000000000000                      +Infinity
 -7.07945784384138039E-003  0.92200000000000004        0.0000000000000000                      +Infinity
 -7.07945784384138039E-003  0.92600000000000005        0.0000000000000000                      +Infinity
 -7.07945784384138039E-003  0.93000000000000005        0.0000000000000000                      +Infinity
 -7.07945784384138039E-003  0.93400000000000005        0.0000000000000000                      +Infinity
 -7.07945784384138039E-003  0.93799999999999994        0.0000000000000000                      +Infinity
 -7.07945784384138039E-003  0.94199999999999995        0.0000000000000000                      +Infinity
 -7.07945784384138039E-003  0.94599999999999995        0.0000000000000000                      +Infinity
 -7.07945784384138039E-003  0.94999999999999996        0.0000000000000000                      +Infinity
 -7.07945784384138039E-003  0.95399999999999996        0.0000000000000000                      +Infinity
 -7.07945784384138039E-003  0.95799999999999996        0.0000000000000000                      +Infinity
 -7.07945784384138039E-003  0.96199999999999997        0.0000000000000000                      +Infinity
 -7.07945784384138039E-003  0.96599999999999997        0.0000000000000000                      +Infinity
 -7.07945784384138039E-003  0.96999999999999997        0.0000000000000000                      +Infinity
 -7.07945784384138039E-003  0.97399999999999998        0.0000000000000000                      +Infinity
 -7.07945784384138039E-003  0.97799999999999998        0.0000000000000000                      +Infinity
 -7.07945784384138039E-003  0.98199999999999998        0.0000000000000000                      +Infinity
 -7.07945784384138039E-003  0.98599999999999999        0.0000000000000000                      +Infinity
 -7.07945784384138039E-003  0.98999999999999999        0.0000000000000000                      +Infinity
 -7.07945784384138039E-003  0.99399999999999999        0.0000000000000000                      +Infinity
 -7.07945784384138039E-003  0.99800000000000000        0.0000000000000000                      +Infinity
