 -5.19999999999999976E-002 -0.99800000000000000        0.0000000000000000                      +Infinity
 -5.19999999999999976E-002 -0.99399999999999999        0.0000000000000000                      +Infinity
 -5.19999999999999976E-002 -0.98999999999999999        0.0000000000000000                      +Infinity
 -5.19999999999999976E-002 -0.98599999999999999        0.0000000000000000                      +Infinity
 -5.19999999999999976E-002 -0.98199999999999998        0.0000000000000000                      +Infinity
 -5.19999999999999976E-002 -0.97799999999999998        0.0000000000000000                      +Infinity
 -5.19999999999999976E-002 -0.97399999999999998        0.0000000000000000                      +Infinity
 -5.19999999999999976E-002 -0.96999999999999997        0.0000000000000000                      +Infinity
 -5.19999999999999976E-002 -0.96599999999999997        0.0000000000000000                      +Infinity
 -5.19999999999999976E-002 -0.96199999999999997        0.0000000000000000                      +Infinity
 -5.19999999999999976E-002 -0.95799999999999996        0.0000000000000000                      +Infinity
 -5.19999999999999976E-002 -0.95399999999999996        0.0000000000000000                      +Infinity
 -5.19999999999999976E-002 -0.94999999999999996        0.0000000000000000                      +Infinity
 -5.19999999999999976E-002 -0.94599999999999995        0.0000000000000000                      +Infinity
 -5.19999999999999976E-002 -0.94199999999999995        0.0000000000000000                      +Infinity
 -5.19999999999999976E-002 -0.93799999999999994        0.0000000000000000                      +Infinity
 -5.19999999999999976E-002 -0.93400000000000005        0.0000000000000000                      +Infinity
 -5.19999999999999976E-002 -0.93000000000000005        0.0000000000000000                      +Infinity
 -5.19999999999999976E-002 -0.92600000000000005        0.0000000000000000                      +Infinity
 -5.19999999999999976E-002 -0.92200000000000004        0.0000000000000000                      +Infinity
 -5.19999999999999976E-002 -0.91800000000000004        0.0000000000000000                      +Infinity
 -5.19999999999999976E-002 -0.91400000000000003        0.0000000000000000                      +Infinity
 -5.19999999999999976E-002 -0.91000000000000003        0.0000000000000000                      +Infinity
 -5.19999999999999976E-002 -0.90600000000000003        0.0000000000000000                      +Infinity
 -5.19999999999999976E-002 -0.90200000000000002        0.0000000000000000                      +Infinity
 -5.19999999999999976E-002 -0.89800000000000002        0.0000000000000000                      +Infinity
 -5.19999999999999976E-002 -0.89400000000000002        0.0000000000000000                      +Infinity
 -5.19999999999999976E-002 -0.89000000000000001        0.0000000000000000                      +Infinity
 -5.19999999999999976E-002 -0.88600000000000001        0.0000000000000000                      +Infinity
 -5.19999999999999976E-002 -0.88200000000000001        0.0000000000000000                      +Infinity
 -5.19999999999999976E-002 -0.87800000000000000        0.0000000000000000                      +Infinity
 -5.19999999999999976E-002 -0.87400000000000000        0.0000000000000000                      +Infinity
 -5.19999999999999976E-002 -0.87000000000000000        0.0000000000000000                      +Infinity
 -5.19999999999999976E-002 -0.86599999999999999        0.0000000000000000                      +Infinity
 -5.19999999999999976E-002 -0.86199999999999999        0.0000000000000000                      +Infinity
 -5.19999999999999976E-002 -0.85799999999999998        0.0000000000000000                      +Infinity
 -5.19999999999999976E-002 -0.85399999999999998        0.0000000000000000                      +Infinity
 -5.19999999999999976E-002 -0.84999999999999998        0.0000000000000000                      +Infinity
 -5.19999999999999976E-002 -0.84599999999999997        0.0000000000000000                      +Infinity
 -5.19999999999999976E-002 -0.84199999999999997        0.0000000000000000                      +Infinity
 -5.19999999999999976E-002 -0.83799999999999997        0.0000000000000000                      +Infinity
 -5.19999999999999976E-002 -0.83399999999999996        0.0000000000000000                      +Infinity
 -5.19999999999999976E-002 -0.82999999999999996        0.0000000000000000                      +Infinity
 -5.19999999999999976E-002 -0.82599999999999996        0.0000000000000000                      +Infinity
 -5.19999999999999976E-002 -0.82199999999999995        0.0000000000000000                      +Infinity
 -5.19999999999999976E-002 -0.81799999999999995        0.0000000000000000                      +Infinity
 -5.19999999999999976E-002 -0.81399999999999995        0.0000000000000000                      +Infinity
 -5.19999999999999976E-002 -0.81000000000000005        0.0000000000000000                      +Infinity
 -5.19999999999999976E-002 -0.80600000000000005        0.0000000000000000                      +Infinity
 -5.19999999999999976E-002 -0.80200000000000005        0.0000000000000000                      +Infinity
 -5.19999999999999976E-002 -0.79800000000000004        0.0000000000000000                      +Infinity
 -5.19999999999999976E-002 -0.79400000000000004        0.0000000000000000                      +Infinity
 -5.19999999999999976E-002 -0.79000000000000004        0.0000000000000000                      +Infinity
 -5.19999999999999976E-002 -0.78600000000000003        0.0000000000000000                      +Infinity
 -5.19999999999999976E-002 -0.78200000000000003        0.0000000000000000                      +Infinity
 -5.19999999999999976E-002 -0.77800000000000002        0.0000000000000000                      +Infinity
 -5.19999999999999976E-002 -0.77400000000000002        0.0000000000000000                      +Infinity
 -5.19999999999999976E-002 -0.77000000000000002        0.0000000000000000                      +Infinity
 -5.19999999999999976E-002 -0.76600000000000001        0.0000000000000000                      +Infinity
 -5.19999999999999976E-002 -0.76200000000000001        0.0000000000000000                      +Infinity
 -5.19999999999999976E-002 -0.75800000000000001        0.0000000000000000                      +Infinity
 -5.19999999999999976E-002 -0.75400000000000000        0.0000000000000000                      +Infinity
 -5.19999999999999976E-002 -0.75000000000000000        0.0000000000000000                      +Infinity
 -5.19999999999999976E-002 -0.74600000000000000        0.0000000000000000                      +Infinity
 -5.19999999999999976E-002 -0.74199999999999999        0.0000000000000000                      +Infinity
 -5.19999999999999976E-002 -0.73799999999999999        0.0000000000000000                      +Infinity
 -5.19999999999999976E-002 -0.73399999999999999        0.0000000000000000                      +Infinity
 -5.19999999999999976E-002 -0.72999999999999998        0.0000000000000000                      +Infinity
 -5.19999999999999976E-002 -0.72599999999999998        0.0000000000000000                      +Infinity
 -5.19999999999999976E-002 -0.72199999999999998        0.0000000000000000                      +Infinity
 -5.19999999999999976E-002 -0.71799999999999997        0.0000000000000000                      +Infinity
 -5.19999999999999976E-002 -0.71399999999999997        0.0000000000000000                      +Infinity
 -5.19999999999999976E-002 -0.70999999999999996        0.0000000000000000                      +Infinity
 -5.19999999999999976E-002 -0.70599999999999996        0.0000000000000000                      +Infinity
 -5.19999999999999976E-002 -0.70199999999999996        0.0000000000000000                      +Infinity
 -5.19999999999999976E-002 -0.69799999999999995        0.0000000000000000                      +Infinity
 -5.19999999999999976E-002 -0.69399999999999995        0.0000000000000000                      +Infinity
 -5.19999999999999976E-002 -0.68999999999999995        0.0000000000000000                      +Infinity
 -5.19999999999999976E-002 -0.68600000000000005        0.0000000000000000                      +Infinity
 -5.19999999999999976E-002 -0.68200000000000005        0.0000000000000000                      +Infinity
 -5.19999999999999976E-002 -0.67800000000000005        0.0000000000000000                      +Infinity
 -5.19999999999999976E-002 -0.67400000000000004        0.0000000000000000                      +Infinity
 -5.19999999999999976E-002 -0.67000000000000004        0.0000000000000000                      +Infinity
 -5.19999999999999976E-002 -0.66600000000000004        0.0000000000000000                      +Infinity
 -5.19999999999999976E-002 -0.66200000000000003        0.0000000000000000                      +Infinity
 -5.19999999999999976E-002 -0.65800000000000003        0.0000000000000000                      +Infinity
 -5.19999999999999976E-002 -0.65400000000000003        0.0000000000000000                      +Infinity
 -5.19999999999999976E-002 -0.65000000000000002        0.0000000000000000                      +Infinity
 -5.19999999999999976E-002 -0.64600000000000002        0.0000000000000000                      +Infinity
 -5.19999999999999976E-002 -0.64200000000000002        0.0000000000000000                      +Infinity
 -5.19999999999999976E-002 -0.63800000000000001        0.0000000000000000                      +Infinity
 -5.19999999999999976E-002 -0.63400000000000001        0.0000000000000000                      +Infinity
 -5.19999999999999976E-002 -0.63000000000000000        0.0000000000000000                      +Infinity
 -5.19999999999999976E-002 -0.62600000000000000        0.0000000000000000                      +Infinity
 -5.19999999999999976E-002 -0.62200000000000000        0.0000000000000000                      +Infinity
 -5.19999999999999976E-002 -0.61799999999999999        0.0000000000000000                      +Infinity
 -5.19999999999999976E-002 -0.61399999999999999        0.0000000000000000                      +Infinity
 -5.19999999999999976E-002 -0.60999999999999999        0.0000000000000000                      +Infinity
 -5.19999999999999976E-002 -0.60599999999999998        0.0000000000000000                      +Infinity
 -5.19999999999999976E-002 -0.60199999999999998        0.0000000000000000                      +Infinity
 -5.19999999999999976E-002 -0.59799999999999998        0.0000000000000000                      +Infinity
 -5.19999999999999976E-002 -0.59399999999999997        0.0000000000000000                      +Infinity
 -5.19999999999999976E-002 -0.58999999999999997        0.0000000000000000                      +Infinity
 -5.19999999999999976E-002 -0.58599999999999997        0.0000000000000000                      +Infinity
 -5.19999999999999976E-002 -0.58199999999999996        0.0000000000000000                      +Infinity
 -5.19999999999999976E-002 -0.57799999999999996        0.0000000000000000                      +Infinity
 -5.19999999999999976E-002 -0.57399999999999995        0.0000000000000000                      +Infinity
 -5.19999999999999976E-002 -0.56999999999999995        0.0000000000000000                      +Infinity
 -5.19999999999999976E-002 -0.56599999999999995        0.0000000000000000                      +Infinity
 -5.19999999999999976E-002 -0.56200000000000006        0.0000000000000000                      +Infinity
 -5.19999999999999976E-002 -0.55800000000000005        0.0000000000000000                      +Infinity
 -5.19999999999999976E-002 -0.55400000000000005        0.0000000000000000                      +Infinity
 -5.19999999999999976E-002 -0.55000000000000004        0.0000000000000000                      +Infinity
 -5.19999999999999976E-002 -0.54600000000000004        0.0000000000000000                      +Infinity
 -5.19999999999999976E-002 -0.54200000000000004        0.0000000000000000                      +Infinity
 -5.19999999999999976E-002 -0.53800000000000003        0.0000000000000000                      +Infinity
 -5.19999999999999976E-002 -0.53400000000000003        0.0000000000000000                      +Infinity
 -5.19999999999999976E-002 -0.53000000000000003        0.0000000000000000                      +Infinity
 -5.19999999999999976E-002 -0.52600000000000002        0.0000000000000000                      +Infinity
 -5.19999999999999976E-002 -0.52200000000000002        0.0000000000000000                      +Infinity
 -5.19999999999999976E-002 -0.51800000000000002        0.0000000000000000                      +Infinity
 -5.19999999999999976E-002 -0.51400000000000001        0.0000000000000000                      +Infinity
 -5.19999999999999976E-002 -0.51000000000000001        0.0000000000000000                      +Infinity
 -5.19999999999999976E-002 -0.50600000000000001        0.0000000000000000                      +Infinity
 -5.19999999999999976E-002 -0.50200000000000000        0.0000000000000000                      +Infinity
 -5.19999999999999976E-002 -0.49800000000000000        0.0000000000000000                      +Infinity
 -5.19999999999999976E-002 -0.49399999999999999        0.0000000000000000                      +Infinity
 -5.19999999999999976E-002 -0.48999999999999999        0.0000000000000000                      +Infinity
 -5.19999999999999976E-002 -0.48599999999999999        0.0000000000000000                      +Infinity
 -5.19999999999999976E-002 -0.48199999999999998        0.0000000000000000                      +Infinity
 -5.19999999999999976E-002 -0.47799999999999998        0.0000000000000000                      +Infinity
 -5.19999999999999976E-002 -0.47399999999999998        0.0000000000000000                      +Infinity
 -5.19999999999999976E-002 -0.46999999999999997        0.0000000000000000                      +Infinity
 -5.19999999999999976E-002 -0.46600000000000003        0.0000000000000000                      +Infinity
 -5.19999999999999976E-002 -0.46200000000000002        0.0000000000000000                      +Infinity
 -5.19999999999999976E-002 -0.45800000000000002        0.0000000000000000                      +Infinity
 -5.19999999999999976E-002 -0.45400000000000001        0.0000000000000000                      +Infinity
 -5.19999999999999976E-002 -0.45000000000000001        0.0000000000000000                      +Infinity
 -5.19999999999999976E-002 -0.44600000000000001        0.0000000000000000                      +Infinity
 -5.19999999999999976E-002 -0.44200000000000000        0.0000000000000000                      +Infinity
 -5.19999999999999976E-002 -0.43800000000000000        0.0000000000000000                      +Infinity
 -5.19999999999999976E-002 -0.43400000000000000        0.0000000000000000                      +Infinity
 -5.19999999999999976E-002 -0.42999999999999999        0.0000000000000000                      +Infinity
 -5.19999999999999976E-002 -0.42599999999999999        0.0000000000000000                      +Infinity
 -5.19999999999999976E-002 -0.42199999999999999        0.0000000000000000                      +Infinity
 -5.19999999999999976E-002 -0.41799999999999998        0.0000000000000000                      +Infinity
 -5.19999999999999976E-002 -0.41399999999999998        0.0000000000000000                      +Infinity
 -5.19999999999999976E-002 -0.40999999999999998        0.0000000000000000                      +Infinity
 -5.19999999999999976E-002 -0.40600000000000003        0.0000000000000000                      +Infinity
 -5.19999999999999976E-002 -0.40200000000000002        0.0000000000000000                      +Infinity
 -5.19999999999999976E-002 -0.39800000000000002        0.0000000000000000                      +Infinity
 -5.19999999999999976E-002 -0.39400000000000002        0.0000000000000000                      +Infinity
 -5.19999999999999976E-002 -0.39000000000000001        0.0000000000000000                      +Infinity
 -5.19999999999999976E-002 -0.38600000000000001        0.0000000000000000                      +Infinity
 -5.19999999999999976E-002 -0.38200000000000001        0.0000000000000000                      +Infinity
 -5.19999999999999976E-002 -0.37800000000000000        0.0000000000000000                      +Infinity
 -5.19999999999999976E-002 -0.37400000000000000        0.0000000000000000                      +Infinity
 -5.19999999999999976E-002 -0.37000000000000000        0.0000000000000000                      +Infinity
 -5.19999999999999976E-002 -0.36599999999999999        0.0000000000000000                      +Infinity
 -5.19999999999999976E-002 -0.36199999999999999        0.0000000000000000                      +Infinity
 -5.19999999999999976E-002 -0.35799999999999998        0.0000000000000000                      +Infinity
 -5.19999999999999976E-002 -0.35399999999999998        0.0000000000000000                      +Infinity
 -5.19999999999999976E-002 -0.34999999999999998        0.0000000000000000                      +Infinity
 -5.19999999999999976E-002 -0.34599999999999997        0.0000000000000000                      +Infinity
 -5.19999999999999976E-002 -0.34200000000000003        0.0000000000000000                      +Infinity
 -5.19999999999999976E-002 -0.33800000000000002        0.0000000000000000                      +Infinity
 -5.19999999999999976E-002 -0.33400000000000002        0.0000000000000000                      +Infinity
 -5.19999999999999976E-002 -0.33000000000000002        0.0000000000000000                      +Infinity
 -5.19999999999999976E-002 -0.32600000000000001        0.0000000000000000                      +Infinity
 -5.19999999999999976E-002 -0.32200000000000001        0.0000000000000000                      +Infinity
 -5.19999999999999976E-002 -0.31800000000000000        0.0000000000000000                      +Infinity
 -5.19999999999999976E-002 -0.31400000000000000        0.0000000000000000                      +Infinity
 -5.19999999999999976E-002 -0.31000000000000000        0.0000000000000000                      +Infinity
 -5.19999999999999976E-002 -0.30599999999999999        0.0000000000000000                      +Infinity
 -5.19999999999999976E-002 -0.30199999999999999        0.0000000000000000                      +Infinity
 -5.19999999999999976E-002 -0.29799999999999999        0.0000000000000000                      +Infinity
 -5.19999999999999976E-002 -0.29399999999999998        0.0000000000000000                      +Infinity
 -5.19999999999999976E-002 -0.28999999999999998        0.0000000000000000                      +Infinity
 -5.19999999999999976E-002 -0.28599999999999998        0.0000000000000000                      +Infinity
 -5.19999999999999976E-002 -0.28199999999999997        0.0000000000000000                      +Infinity
 -5.19999999999999976E-002 -0.27800000000000002        0.0000000000000000                      +Infinity
 -5.19999999999999976E-002 -0.27400000000000002        0.0000000000000000                      +Infinity
 -5.19999999999999976E-002 -0.27000000000000002        0.0000000000000000                      +Infinity
 -5.19999999999999976E-002 -0.26600000000000001        0.0000000000000000                      +Infinity
 -5.19999999999999976E-002 -0.26200000000000001        0.0000000000000000                      +Infinity
 -5.19999999999999976E-002 -0.25800000000000001        0.0000000000000000                      +Infinity
 -5.19999999999999976E-002 -0.25400000000000000        0.0000000000000000                      +Infinity
 -5.19999999999999976E-002 -0.25000000000000000        0.0000000000000000                      +Infinity
 -5.19999999999999976E-002 -0.24600000000000000        0.0000000000000000                      +Infinity
 -5.19999999999999976E-002 -0.24199999999999999        0.0000000000000000                      +Infinity
 -5.19999999999999976E-002 -0.23799999999999999        0.0000000000000000                      +Infinity
 -5.19999999999999976E-002 -0.23400000000000001        0.0000000000000000                      +Infinity
 -5.19999999999999976E-002 -0.23000000000000001        0.0000000000000000                      +Infinity
 -5.19999999999999976E-002 -0.22600000000000001        0.0000000000000000                      +Infinity
 -5.19999999999999976E-002 -0.22200000000000000        0.0000000000000000                      +Infinity
 -5.19999999999999976E-002 -0.21800000000000000        0.0000000000000000                      +Infinity
 -5.19999999999999976E-002 -0.21400000000000000        0.0000000000000000                      +Infinity
 -5.19999999999999976E-002 -0.20999999999999999        0.0000000000000000                      +Infinity
 -5.19999999999999976E-002 -0.20599999999999999        0.0000000000000000                      +Infinity
 -5.19999999999999976E-002 -0.20200000000000001        0.0000000000000000                      +Infinity
 -5.19999999999999976E-002 -0.19800000000000001        0.0000000000000000                      +Infinity
 -5.19999999999999976E-002 -0.19400000000000001        0.0000000000000000                      +Infinity
 -5.19999999999999976E-002 -0.19000000000000000        0.0000000000000000                      +Infinity
 -5.19999999999999976E-002 -0.18600000000000000        0.0000000000000000                      +Infinity
 -5.19999999999999976E-002 -0.18200000000000000        0.0000000000000000                      +Infinity
 -5.19999999999999976E-002 -0.17799999999999999        0.0000000000000000                      +Infinity
 -5.19999999999999976E-002 -0.17399999999999999        0.0000000000000000                      +Infinity
 -5.19999999999999976E-002 -0.17000000000000001        0.0000000000000000                      +Infinity
 -5.19999999999999976E-002 -0.16600000000000001        0.0000000000000000                      +Infinity
 -5.19999999999999976E-002 -0.16200000000000001        0.0000000000000000                      +Infinity
 -5.19999999999999976E-002 -0.15800000000000000        0.0000000000000000                      +Infinity
 -5.19999999999999976E-002 -0.15400000000000000        0.0000000000000000                      +Infinity
 -5.19999999999999976E-002 -0.14999999999999999        0.0000000000000000                      +Infinity
 -5.19999999999999976E-002 -0.14599999999999999        0.0000000000000000                      +Infinity
 -5.19999999999999976E-002 -0.14199999999999999        0.0000000000000000                      +Infinity
 -5.19999999999999976E-002 -0.13800000000000001        0.0000000000000000                      +Infinity
 -5.19999999999999976E-002 -0.13400000000000001        0.0000000000000000                      +Infinity
 -5.19999999999999976E-002 -0.13000000000000000        0.0000000000000000                      +Infinity
 -5.19999999999999976E-002 -0.12600000000000000        0.0000000000000000                      +Infinity
 -5.19999999999999976E-002 -0.12200000000000000        0.0000000000000000                      +Infinity
 -5.19999999999999976E-002 -0.11799999999999999        0.0000000000000000                      +Infinity
 -5.19999999999999976E-002 -0.11400000000000000        0.0000000000000000                      +Infinity
 -5.19999999999999976E-002 -0.11000000000000000        0.0000000000000000                      +Infinity
 -5.19999999999999976E-002 -0.10600000000000000        0.0000000000000000                      +Infinity
 -5.19999999999999976E-002 -0.10199999999999999        0.0000000000000000                      +Infinity
 -5.19999999999999976E-002 -9.80000000000000038E-002   0.0000000000000000                      +Infinity
 -5.19999999999999976E-002 -9.40000000000000002E-002   0.0000000000000000                      +Infinity
 -5.19999999999999976E-002 -8.99999999999999967E-002   0.0000000000000000                      +Infinity
 -5.19999999999999976E-002 -8.59999999999999931E-002   0.0000000000000000                      +Infinity
 -5.19999999999999976E-002 -8.20000000000000034E-002   0.0000000000000000                      +Infinity
 -5.19999999999999976E-002 -7.79999999999999999E-002   0.0000000000000000                      +Infinity
 -5.19999999999999976E-002 -7.39999999999999963E-002   0.0000000000000000                      +Infinity
 -5.19999999999999976E-002 -7.00000000000000067E-002   0.0000000000000000                      +Infinity
 -5.19999999999999976E-002 -6.60000000000000031E-002   0.0000000000000000                      +Infinity
 -5.19999999999999976E-002 -6.19999999999999996E-002   0.0000000000000000                      +Infinity
 -5.19999999999999976E-002 -5.80000000000000029E-002   0.0000000000000000                      +Infinity
 -5.19999999999999976E-002 -5.39999999999999994E-002   0.0000000000000000                      +Infinity
 -5.19999999999999976E-002 -5.00000000000000028E-002   0.0000000000000000                      +Infinity
 -5.19999999999999976E-002 -4.59999999999999992E-002   0.0000000000000000                      +Infinity
 -5.19999999999999976E-002 -4.20000000000000026E-002   0.0000000000000000                      +Infinity
 -5.19999999999999976E-002 -3.79999999999999991E-002   0.0000000000000000                      +Infinity
 -5.19999999999999976E-002 -3.40000000000000024E-002   0.0000000000000000                      +Infinity
 -5.19999999999999976E-002 -2.99999999999999989E-002   0.0000000000000000                      +Infinity
 -5.19999999999999976E-002 -2.59999999999999988E-002   0.0000000000000000                      +Infinity
 -5.19999999999999976E-002 -2.19999999999999987E-002   0.0000000000000000                      +Infinity
 -5.19999999999999976E-002 -1.79999999999999986E-002   0.0000000000000000                      +Infinity
 -5.19999999999999976E-002 -1.40000000000000003E-002   0.0000000000000000                      +Infinity
 -5.19999999999999976E-002 -1.00000000000000002E-002   0.0000000000000000                      +Infinity
 -5.19999999999999976E-002 -6.00000000000000012E-003   0.0000000000000000                      +Infinity
 -5.19999999999999976E-002 -2.00000000000000004E-003   0.0000000000000000                      +Infinity
 -5.19999999999999976E-002  2.00000000000000004E-003   0.0000000000000000                      +Infinity
 -5.19999999999999976E-002  6.00000000000000012E-003   0.0000000000000000                      +Infinity
 -5.19999999999999976E-002  1.00000000000000002E-002   0.0000000000000000                      +Infinity
 -5.19999999999999976E-002  1.40000000000000003E-002   0.0000000000000000                      +Infinity
 -5.19999999999999976E-002  1.79999999999999986E-002   0.0000000000000000                      +Infinity
 -5.19999999999999976E-002  2.19999999999999987E-002   0.0000000000000000                      +Infinity
 -5.19999999999999976E-002  2.59999999999999988E-002   0.0000000000000000                      +Infinity
 -5.19999999999999976E-002  2.99999999999999989E-002   0.0000000000000000                      +Infinity
 -5.19999999999999976E-002  3.40000000000000024E-002   0.0000000000000000                      +Infinity
 -5.19999999999999976E-002  3.79999999999999991E-002   0.0000000000000000                      +Infinity
 -5.19999999999999976E-002  4.20000000000000026E-002   0.0000000000000000                      +Infinity
 -5.19999999999999976E-002  4.59999999999999992E-002   0.0000000000000000                      +Infinity
 -5.19999999999999976E-002  5.00000000000000028E-002   0.0000000000000000                      +Infinity
 -5.19999999999999976E-002  5.39999999999999994E-002   0.0000000000000000                      +Infinity
 -5.19999999999999976E-002  5.80000000000000029E-002   0.0000000000000000                      +Infinity
 -5.19999999999999976E-002  6.19999999999999996E-002   0.0000000000000000                      +Infinity
 -5.19999999999999976E-002  6.60000000000000031E-002   0.0000000000000000                      +Infinity
 -5.19999999999999976E-002  7.00000000000000067E-002   0.0000000000000000                      +Infinity
 -5.19999999999999976E-002  7.39999999999999963E-002   0.0000000000000000                      +Infinity
 -5.19999999999999976E-002  7.79999999999999999E-002   0.0000000000000000                      +Infinity
 -5.19999999999999976E-002  8.20000000000000034E-002   0.0000000000000000                      +Infinity
 -5.19999999999999976E-002  8.59999999999999931E-002   0.0000000000000000                      +Infinity
 -5.19999999999999976E-002  8.99999999999999967E-002   0.0000000000000000                      +Infinity
 -5.19999999999999976E-002  9.40000000000000002E-002   0.0000000000000000                      +Infinity
 -5.19999999999999976E-002  9.80000000000000038E-002   0.0000000000000000                      +Infinity
 -5.19999999999999976E-002  0.10199999999999999        0.0000000000000000                      +Infinity
 -5.19999999999999976E-002  0.10600000000000000        0.0000000000000000                      +Infinity
 -5.19999999999999976E-002  0.11000000000000000        0.0000000000000000                      +Infinity
 -5.19999999999999976E-002  0.11400000000000000        0.0000000000000000                      +Infinity
 -5.19999999999999976E-002  0.11799999999999999        0.0000000000000000                      +Infinity
 -5.19999999999999976E-002  0.12200000000000000        0.0000000000000000                      +Infinity
 -5.19999999999999976E-002  0.12600000000000000        0.0000000000000000                      +Infinity
 -5.19999999999999976E-002  0.13000000000000000        0.0000000000000000                      +Infinity
 -5.19999999999999976E-002  0.13400000000000001        0.0000000000000000                      +Infinity
 -5.19999999999999976E-002  0.13800000000000001        0.0000000000000000                      +Infinity
 -5.19999999999999976E-002  0.14199999999999999        0.0000000000000000                      +Infinity
 -5.19999999999999976E-002  0.14599999999999999        0.0000000000000000                      +Infinity
 -5.19999999999999976E-002  0.14999999999999999        0.0000000000000000                      +Infinity
 -5.19999999999999976E-002  0.15400000000000000        0.0000000000000000                      +Infinity
 -5.19999999999999976E-002  0.15800000000000000        0.0000000000000000                      +Infinity
 -5.19999999999999976E-002  0.16200000000000001        0.0000000000000000                      +Infinity
 -5.19999999999999976E-002  0.16600000000000001        0.0000000000000000                      +Infinity
 -5.19999999999999976E-002  0.17000000000000001        0.0000000000000000                      +Infinity
 -5.19999999999999976E-002  0.17399999999999999        0.0000000000000000                      +Infinity
 -5.19999999999999976E-002  0.17799999999999999        0.0000000000000000                      +Infinity
 -5.19999999999999976E-002  0.18200000000000000        0.0000000000000000                      +Infinity
 -5.19999999999999976E-002  0.18600000000000000        0.0000000000000000                      +Infinity
 -5.19999999999999976E-002  0.19000000000000000        0.0000000000000000                      +Infinity
 -5.19999999999999976E-002  0.19400000000000001        0.0000000000000000                      +Infinity
 -5.19999999999999976E-002  0.19800000000000001        0.0000000000000000                      +Infinity
 -5.19999999999999976E-002  0.20200000000000001        0.0000000000000000                      +Infinity
 -5.19999999999999976E-002  0.20599999999999999        0.0000000000000000                      +Infinity
 -5.19999999999999976E-002  0.20999999999999999        0.0000000000000000                      +Infinity
 -5.19999999999999976E-002  0.21400000000000000        0.0000000000000000                      +Infinity
 -5.19999999999999976E-002  0.21800000000000000        0.0000000000000000                      +Infinity
 -5.19999999999999976E-002  0.22200000000000000        0.0000000000000000                      +Infinity
 -5.19999999999999976E-002  0.22600000000000001        0.0000000000000000                      +Infinity
 -5.19999999999999976E-002  0.23000000000000001        0.0000000000000000                      +Infinity
 -5.19999999999999976E-002  0.23400000000000001        0.0000000000000000                      +Infinity
 -5.19999999999999976E-002  0.23799999999999999        0.0000000000000000                      +Infinity
 -5.19999999999999976E-002  0.24199999999999999        0.0000000000000000                      +Infinity
 -5.19999999999999976E-002  0.24600000000000000        0.0000000000000000                      +Infinity
 -5.19999999999999976E-002  0.25000000000000000        0.0000000000000000                      +Infinity
 -5.19999999999999976E-002  0.25400000000000000        0.0000000000000000                      +Infinity
 -5.19999999999999976E-002  0.25800000000000001        0.0000000000000000                      +Infinity
 -5.19999999999999976E-002  0.26200000000000001        0.0000000000000000                      +Infinity
 -5.19999999999999976E-002  0.26600000000000001        0.0000000000000000                      +Infinity
 -5.19999999999999976E-002  0.27000000000000002        0.0000000000000000                      +Infinity
 -5.19999999999999976E-002  0.27400000000000002        0.0000000000000000                      +Infinity
 -5.19999999999999976E-002  0.27800000000000002        0.0000000000000000                      +Infinity
 -5.19999999999999976E-002  0.28199999999999997        0.0000000000000000                      +Infinity
 -5.19999999999999976E-002  0.28599999999999998        0.0000000000000000                      +Infinity
 -5.19999999999999976E-002  0.28999999999999998        0.0000000000000000                      +Infinity
 -5.19999999999999976E-002  0.29399999999999998        0.0000000000000000                      +Infinity
 -5.19999999999999976E-002  0.29799999999999999        0.0000000000000000                      +Infinity
 -5.19999999999999976E-002  0.30199999999999999        0.0000000000000000                      +Infinity
 -5.19999999999999976E-002  0.30599999999999999        0.0000000000000000                      +Infinity
 -5.19999999999999976E-002  0.31000000000000000        0.0000000000000000                      +Infinity
 -5.19999999999999976E-002  0.31400000000000000        0.0000000000000000                      +Infinity
 -5.19999999999999976E-002  0.31800000000000000        0.0000000000000000                      +Infinity
 -5.19999999999999976E-002  0.32200000000000001        0.0000000000000000                      +Infinity
 -5.19999999999999976E-002  0.32600000000000001        0.0000000000000000                      +Infinity
 -5.19999999999999976E-002  0.33000000000000002        0.0000000000000000                      +Infinity
 -5.19999999999999976E-002  0.33400000000000002        0.0000000000000000                      +Infinity
 -5.19999999999999976E-002  0.33800000000000002        0.0000000000000000                      +Infinity
 -5.19999999999999976E-002  0.34200000000000003        0.0000000000000000                      +Infinity
 -5.19999999999999976E-002  0.34599999999999997        0.0000000000000000                      +Infinity
 -5.19999999999999976E-002  0.34999999999999998        0.0000000000000000                      +Infinity
 -5.19999999999999976E-002  0.35399999999999998        0.0000000000000000                      +Infinity
 -5.19999999999999976E-002  0.35799999999999998        0.0000000000000000                      +Infinity
 -5.19999999999999976E-002  0.36199999999999999        0.0000000000000000                      +Infinity
 -5.19999999999999976E-002  0.36599999999999999        0.0000000000000000                      +Infinity
 -5.19999999999999976E-002  0.37000000000000000        0.0000000000000000                      +Infinity
 -5.19999999999999976E-002  0.37400000000000000        0.0000000000000000                      +Infinity
 -5.19999999999999976E-002  0.37800000000000000        0.0000000000000000                      +Infinity
 -5.19999999999999976E-002  0.38200000000000001        0.0000000000000000                      +Infinity
 -5.19999999999999976E-002  0.38600000000000001        0.0000000000000000                      +Infinity
 -5.19999999999999976E-002  0.39000000000000001        0.0000000000000000                      +Infinity
 -5.19999999999999976E-002  0.39400000000000002        0.0000000000000000                      +Infinity
 -5.19999999999999976E-002  0.39800000000000002        0.0000000000000000                      +Infinity
 -5.19999999999999976E-002  0.40200000000000002        0.0000000000000000                      +Infinity
 -5.19999999999999976E-002  0.40600000000000003        0.0000000000000000                      +Infinity
 -5.19999999999999976E-002  0.40999999999999998        0.0000000000000000                      +Infinity
 -5.19999999999999976E-002  0.41399999999999998        0.0000000000000000                      +Infinity
 -5.19999999999999976E-002  0.41799999999999998       4.17000000000000028E-008   16.992764708141657
 -5.19999999999999976E-002  0.42199999999999999       1.48960000000000005E-007   15.719588023417653
 -5.19999999999999976E-002  0.42599999999999999       1.09420000000000010E-007   16.028072148310731
 -5.19999999999999976E-002  0.42999999999999999       1.84939999999999987E-007   15.503234388796919
 -5.19999999999999976E-002  0.43400000000000000       3.22220000000000036E-007   14.948031294883570
 -5.19999999999999976E-002  0.43800000000000000       5.48099999999999991E-007   14.416808084894340
 -5.19999999999999976E-002  0.44200000000000000       4.30580000000000035E-007   14.658132699913228
 -5.19999999999999976E-002  0.44600000000000001       7.00820000000000051E-007   14.171014758918668
 -5.19999999999999976E-002  0.45000000000000001       9.71720000000000075E-007   13.844198139828528
 -5.19999999999999976E-002  0.45400000000000001       9.85739999999999985E-007   13.829873208800111
 -5.19999999999999976E-002  0.45800000000000002       1.63989999999999996E-006   13.320875293597011
 -5.19999999999999976E-002  0.46200000000000002       1.55024000000000004E-006   13.377100800309718
 -5.19999999999999976E-002  0.46600000000000003       2.09418000000000008E-006   13.076348489324882
 -5.19999999999999976E-002  0.46999999999999997       2.27536000000000001E-006   12.993372276322026
 -5.19999999999999976E-002  0.47399999999999998       2.19834000000000003E-006   13.027808027867250
 -5.19999999999999976E-002  0.47799999999999998       2.31418000000000009E-006   12.976455144836912
 -5.19999999999999976E-002  0.48199999999999998       2.94957999999999997E-006   12.733847770629882
 -5.19999999999999976E-002  0.48599999999999999       3.37022000000000007E-006   12.600532533831664
 -5.19999999999999976E-002  0.48999999999999999       3.46788000000000016E-006   12.571967101720769
 -5.19999999999999976E-002  0.49399999999999999       3.31382000000000006E-006   12.617408955462174
 -5.19999999999999976E-002  0.49800000000000000       4.15948000000000003E-006   12.390120491504254
 -5.19999999999999976E-002  0.50200000000000000       4.98591999999999969E-006   12.208892617917421
 -5.19999999999999976E-002  0.50600000000000001       6.83977999999999959E-006   11.892754990589770
 -5.19999999999999976E-002  0.51000000000000001       7.80587999999999954E-006   11.760633262114174
 -5.19999999999999976E-002  0.51400000000000001       7.82801999999999997E-006   11.757800953502691
 -5.19999999999999976E-002  0.51800000000000002       8.31675999999999862E-006   11.697237802052937
 -5.19999999999999976E-002  0.52200000000000002       9.39016000000000091E-006   11.575848225485650
 -5.19999999999999976E-002  0.52600000000000002       9.97491999999999970E-006   11.515436615270634
 -5.19999999999999976E-002  0.53000000000000003       1.09099000000000004E-005   11.425839924064142
 -5.19999999999999976E-002  0.53400000000000003       1.07002600000000004E-005   11.445242517726211
 -5.19999999999999976E-002  0.53800000000000003       1.14091400000000000E-005   11.381095769411218
 -5.19999999999999976E-002  0.54200000000000004       1.22027999999999994E-005   11.313845124361318
 -5.19999999999999976E-002  0.54600000000000004       1.34922800000000015E-005   11.213392887941374
 -5.19999999999999976E-002  0.55000000000000004       1.47076800000000001E-005   11.127140751628943
 -5.19999999999999976E-002  0.55400000000000005       1.71079800000000015E-005   10.975965536644017
 -5.19999999999999976E-002  0.55800000000000005       1.94023599999999997E-005   10.850115849809153
 -5.19999999999999976E-002  0.56200000000000006       2.10741800000000009E-005   10.767461963492865
 -5.19999999999999976E-002  0.56599999999999995       2.12120600000000003E-005   10.760940670105800
 -5.19999999999999976E-002  0.56999999999999995       2.40937199999999974E-005   10.633559332337633
 -5.19999999999999976E-002  0.57399999999999995       2.67048999999999991E-005   10.530663488796664
 -5.19999999999999976E-002  0.57799999999999996       3.00686799999999975E-005   10.412026459499694
 -5.19999999999999976E-002  0.58199999999999996       3.42389599999999992E-005   10.282146380983802
 -5.19999999999999976E-002  0.58599999999999997       3.75145600000000056E-005   10.190781433677239
 -5.19999999999999976E-002  0.58999999999999997       4.27891000000000000E-005   10.059227160708369
 -5.19999999999999976E-002  0.59399999999999997       4.66841399999999985E-005   9.9721060655325360
 -5.19999999999999976E-002  0.59799999999999998       5.32782799999999997E-005   9.8399818145355074
 -5.19999999999999976E-002  0.60199999999999998       6.23199799999999982E-005   9.6832284773260948
 -5.19999999999999976E-002  0.60599999999999998       7.08030599999999970E-005   9.5556083378595886
 -5.19999999999999976E-002  0.60999999999999999       8.12224399999999928E-005   9.4183189942957597
 -5.19999999999999976E-002  0.61399999999999999       9.58210800000000086E-005   9.2530278554394414
 -5.19999999999999976E-002  0.61799999999999999       1.11928099999999997E-004   9.0976538571021965
 -5.19999999999999976E-002  0.62200000000000000       1.23498360000000014E-004   8.9992826813366396
 -5.19999999999999976E-002  0.62600000000000000       1.37174379999999998E-004   8.8942575948034612
 -5.19999999999999976E-002  0.63000000000000000       1.55180059999999992E-004   8.7709244378507822
 -5.19999999999999976E-002  0.63400000000000001       1.74259959999999999E-004   8.6549623507032241
 -5.19999999999999976E-002  0.63800000000000001       1.89366079999999981E-004   8.5718284851202196
 -5.19999999999999976E-002  0.64200000000000002       2.17848899999999987E-004   8.4317088547594512
 -5.19999999999999976E-002  0.64600000000000002       2.50224979999999996E-004   8.2931501247872603
 -5.19999999999999976E-002  0.65000000000000002       2.82455480000000012E-004   8.1719896127172014
 -5.19999999999999976E-002  0.65400000000000003       3.15785500000000021E-004   8.0604473723330265
 -5.19999999999999976E-002  0.65800000000000003       3.68896500000000021E-004   7.9049944410726862
 -5.19999999999999976E-002  0.66200000000000003       4.24580900000000013E-004   7.7644079932208028
 -5.19999999999999976E-002  0.66600000000000004       4.93993239999999988E-004   7.6129887250805073
 -5.19999999999999976E-002  0.67000000000000004       5.63967239999999979E-004   7.4805143932596030
 -5.19999999999999976E-002  0.67400000000000004       6.46779960000000063E-004   7.3435044140437267
 -5.19999999999999976E-002  0.67800000000000005       7.64685219999999962E-004   7.1760462859418634
 -5.19999999999999976E-002  0.68200000000000005       8.96494820000000043E-004   7.0170180429614346
 -5.19999999999999976E-002  0.68600000000000005       1.03386136000000015E-003   6.8744545931235033
 -5.19999999999999976E-002  0.68999999999999995       1.19166089999999986E-003   6.7324072306768237
 -5.19999999999999976E-002  0.69399999999999995       1.37672070000000014E-003   6.5880509120528696
 -5.19999999999999976E-002  0.69799999999999995       1.62572058000000005E-003   6.4218041276420150
 -5.19999999999999976E-002  0.70199999999999996       1.92442625999999996E-003   6.2531274024203976
 -5.19999999999999976E-002  0.70599999999999996       2.28005684000000004E-003   6.0835549065019690
 -5.19999999999999976E-002  0.70999999999999996       2.72249991999999998E-003   5.9062047325419158
 -5.19999999999999976E-002  0.71399999999999997       3.22677203999999999E-003   5.7362730098701968
 -5.19999999999999976E-002  0.71799999999999997       3.82588957999999970E-003   5.5659642688091919
 -5.19999999999999976E-002  0.72199999999999998       4.54893790000000017E-003   5.3928615018393957
 -5.19999999999999976E-002  0.72599999999999998       5.42237954000000019E-003   5.2172205303555490
 -5.19999999999999976E-002  0.72999999999999998       6.48217017999999992E-003   5.0386999203649001
 -5.19999999999999976E-002  0.73399999999999999       7.69386061999999954E-003   4.8673325902307285
 -5.19999999999999976E-002  0.73799999999999999       9.17794073999999953E-003   4.6909524197747290
 -5.19999999999999976E-002  0.74199999999999999       1.08941488599999994E-002   4.5195294357115881
 -5.19999999999999976E-002  0.74600000000000000       1.28967416600000006E-002   4.3507805840154710
 -5.19999999999999976E-002  0.75000000000000000       1.52407545600000000E-002   4.1837822181382824
 -5.19999999999999976E-002  0.75400000000000000       1.79166457400000007E-002   4.0220250686431562
 -5.19999999999999976E-002  0.75800000000000001       2.10022005599999999E-002   3.8631280581772245
 -5.19999999999999976E-002  0.76200000000000001       2.44918184200000021E-002   3.7094161592433319
 -5.19999999999999976E-002  0.76600000000000001       2.83936446199999984E-002   3.5615899398435933
 -5.19999999999999976E-002  0.77000000000000002       3.26369136000000046E-002   3.4223113121807276
 -5.19999999999999976E-002  0.77400000000000002       3.71330032599999985E-002   3.2932491290655102
 -5.19999999999999976E-002  0.77800000000000002       4.18169456399999986E-002   3.1744536235169041
 -5.19999999999999976E-002  0.78200000000000003       4.65373482200000035E-002   3.0675001012444354
 -5.19999999999999976E-002  0.78600000000000003       5.09734779599999993E-002   2.9764498215255104
 -5.19999999999999976E-002  0.79000000000000004       5.49402099199999966E-002   2.9015097774267864
 -5.19999999999999976E-002  0.79400000000000004       5.81677814399999965E-002   2.8444236610338209
 -5.19999999999999976E-002  0.79800000000000004       6.02951421999999987E-002   2.8085037390248511
 -5.19999999999999976E-002  0.80200000000000005       6.09976297000000070E-002   2.7969202729408424
 -5.19999999999999976E-002  0.80600000000000005       5.99914485000000025E-002   2.8135532519176891
 -5.19999999999999976E-002  0.81000000000000005       5.72331300599999981E-002   2.8606223514129958
 -5.19999999999999976E-002  0.81399999999999995       5.28619014999999956E-002   2.9400723980731134
 -5.19999999999999976E-002  0.81799999999999995       4.71471695800000021E-002   3.0544813018211991
 -5.19999999999999976E-002  0.82199999999999995       4.02830042199999946E-002   3.2118256304968931
 -5.19999999999999976E-002  0.82599999999999996       3.28681298799999994E-002   3.4152517873571719
 -5.19999999999999976E-002  0.82999999999999996       2.55334196799999989E-002   3.6677671091861814
 -5.19999999999999976E-002  0.83399999999999996       1.87422140200000018E-002   3.9769768650734818
 -5.19999999999999976E-002  0.83799999999999997       1.29441129200000005E-002   4.3471141949710486
 -5.19999999999999976E-002  0.84199999999999997       8.33655349999999976E-003   4.7871053974230264
 -5.19999999999999976E-002  0.84599999999999997       5.00738803999999961E-003   5.2968408491365615
 -5.19999999999999976E-002  0.84999999999999998       2.76154703999999989E-003   5.8919642345475802
 -5.19999999999999976E-002  0.85399999999999998       1.39898007999999987E-003   6.5720118221421231
 -5.19999999999999976E-002  0.85799999999999998       6.49747339999999941E-004   7.3389269783333173
 -5.19999999999999976E-002  0.86199999999999999       2.66665480000000002E-004   8.2295155689743584
 -5.19999999999999976E-002  0.86599999999999999       9.93129000000000093E-005   9.2172350859850791
 -5.19999999999999976E-002  0.87000000000000000       3.14748200000000003E-005   10.366322696874679
 -5.19999999999999976E-002  0.87400000000000000       9.91708000000000060E-006   11.521252034837092
 -5.19999999999999976E-002  0.87800000000000000       2.55556000000000031E-006   12.877239180242421
 -5.19999999999999976E-002  0.88200000000000001       2.22879999999999995E-007   15.316632326914915
 -5.19999999999999976E-002  0.88600000000000001       5.36000000000000052E-009   19.044301861863701
 -5.19999999999999976E-002  0.89000000000000001        0.0000000000000000                      +Infinity
 -5.19999999999999976E-002  0.89400000000000002        0.0000000000000000                      +Infinity
 -5.19999999999999976E-002  0.89800000000000002        0.0000000000000000                      +Infinity
 -5.19999999999999976E-002  0.90200000000000002        0.0000000000000000                      +Infinity
 -5.19999999999999976E-002  0.90600000000000003        0.0000000000000000                      +Infinity
 -5.19999999999999976E-002  0.91000000000000003        0.0000000000000000                      +Infinity
 -5.19999999999999976E-002  0.91400000000000003        0.0000000000000000                      +Infinity
 -5.19999999999999976E-002  0.91800000000000004        0.0000000000000000                      +Infinity
 -5.19999999999999976E-002  0.92200000000000004        0.0000000000000000                      +Infinity
 -5.19999999999999976E-002  0.92600000000000005        0.0000000000000000                      +Infinity
 -5.19999999999999976E-002  0.93000000000000005        0.0000000000000000                      +Infinity
 -5.19999999999999976E-002  0.93400000000000005        0.0000000000000000                      +Infinity
 -5.19999999999999976E-002  0.93799999999999994        0.0000000000000000                      +Infinity
 -5.19999999999999976E-002  0.94199999999999995        0.0000000000000000                      +Infinity
 -5.19999999999999976E-002  0.94599999999999995        0.0000000000000000                      +Infinity
 -5.19999999999999976E-002  0.94999999999999996        0.0000000000000000                      +Infinity
 -5.19999999999999976E-002  0.95399999999999996        0.0000000000000000                      +Infinity
 -5.19999999999999976E-002  0.95799999999999996        0.0000000000000000                      +Infinity
 -5.19999999999999976E-002  0.96199999999999997        0.0000000000000000                      +Infinity
 -5.19999999999999976E-002  0.96599999999999997        0.0000000000000000                      +Infinity
 -5.19999999999999976E-002  0.96999999999999997        0.0000000000000000                      +Infinity
 -5.19999999999999976E-002  0.97399999999999998        0.0000000000000000                      +Infinity
 -5.19999999999999976E-002  0.97799999999999998        0.0000000000000000                      +Infinity
 -5.19999999999999976E-002  0.98199999999999998        0.0000000000000000                      +Infinity
 -5.19999999999999976E-002  0.98599999999999999        0.0000000000000000                      +Infinity
 -5.19999999999999976E-002  0.98999999999999999        0.0000000000000000                      +Infinity
 -5.19999999999999976E-002  0.99399999999999999        0.0000000000000000                      +Infinity
 -5.19999999999999976E-002  0.99800000000000000        0.0000000000000000                      +Infinity
