 -5.00000000000000028E-002 -0.99800000000000000        0.0000000000000000                      +Infinity
 -5.00000000000000028E-002 -0.99399999999999999        0.0000000000000000                      +Infinity
 -5.00000000000000028E-002 -0.98999999999999999        0.0000000000000000                      +Infinity
 -5.00000000000000028E-002 -0.98599999999999999        0.0000000000000000                      +Infinity
 -5.00000000000000028E-002 -0.98199999999999998        0.0000000000000000                      +Infinity
 -5.00000000000000028E-002 -0.97799999999999998        0.0000000000000000                      +Infinity
 -5.00000000000000028E-002 -0.97399999999999998        0.0000000000000000                      +Infinity
 -5.00000000000000028E-002 -0.96999999999999997        0.0000000000000000                      +Infinity
 -5.00000000000000028E-002 -0.96599999999999997        0.0000000000000000                      +Infinity
 -5.00000000000000028E-002 -0.96199999999999997        0.0000000000000000                      +Infinity
 -5.00000000000000028E-002 -0.95799999999999996        0.0000000000000000                      +Infinity
 -5.00000000000000028E-002 -0.95399999999999996        0.0000000000000000                      +Infinity
 -5.00000000000000028E-002 -0.94999999999999996        0.0000000000000000                      +Infinity
 -5.00000000000000028E-002 -0.94599999999999995        0.0000000000000000                      +Infinity
 -5.00000000000000028E-002 -0.94199999999999995        0.0000000000000000                      +Infinity
 -5.00000000000000028E-002 -0.93799999999999994        0.0000000000000000                      +Infinity
 -5.00000000000000028E-002 -0.93400000000000005        0.0000000000000000                      +Infinity
 -5.00000000000000028E-002 -0.93000000000000005        0.0000000000000000                      +Infinity
 -5.00000000000000028E-002 -0.92600000000000005        0.0000000000000000                      +Infinity
 -5.00000000000000028E-002 -0.92200000000000004        0.0000000000000000                      +Infinity
 -5.00000000000000028E-002 -0.91800000000000004        0.0000000000000000                      +Infinity
 -5.00000000000000028E-002 -0.91400000000000003        0.0000000000000000                      +Infinity
 -5.00000000000000028E-002 -0.91000000000000003        0.0000000000000000                      +Infinity
 -5.00000000000000028E-002 -0.90600000000000003        0.0000000000000000                      +Infinity
 -5.00000000000000028E-002 -0.90200000000000002        0.0000000000000000                      +Infinity
 -5.00000000000000028E-002 -0.89800000000000002        0.0000000000000000                      +Infinity
 -5.00000000000000028E-002 -0.89400000000000002        0.0000000000000000                      +Infinity
 -5.00000000000000028E-002 -0.89000000000000001        0.0000000000000000                      +Infinity
 -5.00000000000000028E-002 -0.88600000000000001        0.0000000000000000                      +Infinity
 -5.00000000000000028E-002 -0.88200000000000001        0.0000000000000000                      +Infinity
 -5.00000000000000028E-002 -0.87800000000000000        0.0000000000000000                      +Infinity
 -5.00000000000000028E-002 -0.87400000000000000        0.0000000000000000                      +Infinity
 -5.00000000000000028E-002 -0.87000000000000000        0.0000000000000000                      +Infinity
 -5.00000000000000028E-002 -0.86599999999999999        0.0000000000000000                      +Infinity
 -5.00000000000000028E-002 -0.86199999999999999        0.0000000000000000                      +Infinity
 -5.00000000000000028E-002 -0.85799999999999998        0.0000000000000000                      +Infinity
 -5.00000000000000028E-002 -0.85399999999999998        0.0000000000000000                      +Infinity
 -5.00000000000000028E-002 -0.84999999999999998        0.0000000000000000                      +Infinity
 -5.00000000000000028E-002 -0.84599999999999997        0.0000000000000000                      +Infinity
 -5.00000000000000028E-002 -0.84199999999999997        0.0000000000000000                      +Infinity
 -5.00000000000000028E-002 -0.83799999999999997        0.0000000000000000                      +Infinity
 -5.00000000000000028E-002 -0.83399999999999996        0.0000000000000000                      +Infinity
 -5.00000000000000028E-002 -0.82999999999999996        0.0000000000000000                      +Infinity
 -5.00000000000000028E-002 -0.82599999999999996        0.0000000000000000                      +Infinity
 -5.00000000000000028E-002 -0.82199999999999995        0.0000000000000000                      +Infinity
 -5.00000000000000028E-002 -0.81799999999999995        0.0000000000000000                      +Infinity
 -5.00000000000000028E-002 -0.81399999999999995        0.0000000000000000                      +Infinity
 -5.00000000000000028E-002 -0.81000000000000005        0.0000000000000000                      +Infinity
 -5.00000000000000028E-002 -0.80600000000000005        0.0000000000000000                      +Infinity
 -5.00000000000000028E-002 -0.80200000000000005        0.0000000000000000                      +Infinity
 -5.00000000000000028E-002 -0.79800000000000004        0.0000000000000000                      +Infinity
 -5.00000000000000028E-002 -0.79400000000000004        0.0000000000000000                      +Infinity
 -5.00000000000000028E-002 -0.79000000000000004        0.0000000000000000                      +Infinity
 -5.00000000000000028E-002 -0.78600000000000003        0.0000000000000000                      +Infinity
 -5.00000000000000028E-002 -0.78200000000000003        0.0000000000000000                      +Infinity
 -5.00000000000000028E-002 -0.77800000000000002        0.0000000000000000                      +Infinity
 -5.00000000000000028E-002 -0.77400000000000002        0.0000000000000000                      +Infinity
 -5.00000000000000028E-002 -0.77000000000000002        0.0000000000000000                      +Infinity
 -5.00000000000000028E-002 -0.76600000000000001        0.0000000000000000                      +Infinity
 -5.00000000000000028E-002 -0.76200000000000001        0.0000000000000000                      +Infinity
 -5.00000000000000028E-002 -0.75800000000000001        0.0000000000000000                      +Infinity
 -5.00000000000000028E-002 -0.75400000000000000        0.0000000000000000                      +Infinity
 -5.00000000000000028E-002 -0.75000000000000000        0.0000000000000000                      +Infinity
 -5.00000000000000028E-002 -0.74600000000000000        0.0000000000000000                      +Infinity
 -5.00000000000000028E-002 -0.74199999999999999        0.0000000000000000                      +Infinity
 -5.00000000000000028E-002 -0.73799999999999999        0.0000000000000000                      +Infinity
 -5.00000000000000028E-002 -0.73399999999999999        0.0000000000000000                      +Infinity
 -5.00000000000000028E-002 -0.72999999999999998        0.0000000000000000                      +Infinity
 -5.00000000000000028E-002 -0.72599999999999998        0.0000000000000000                      +Infinity
 -5.00000000000000028E-002 -0.72199999999999998        0.0000000000000000                      +Infinity
 -5.00000000000000028E-002 -0.71799999999999997        0.0000000000000000                      +Infinity
 -5.00000000000000028E-002 -0.71399999999999997        0.0000000000000000                      +Infinity
 -5.00000000000000028E-002 -0.70999999999999996        0.0000000000000000                      +Infinity
 -5.00000000000000028E-002 -0.70599999999999996        0.0000000000000000                      +Infinity
 -5.00000000000000028E-002 -0.70199999999999996        0.0000000000000000                      +Infinity
 -5.00000000000000028E-002 -0.69799999999999995        0.0000000000000000                      +Infinity
 -5.00000000000000028E-002 -0.69399999999999995        0.0000000000000000                      +Infinity
 -5.00000000000000028E-002 -0.68999999999999995        0.0000000000000000                      +Infinity
 -5.00000000000000028E-002 -0.68600000000000005        0.0000000000000000                      +Infinity
 -5.00000000000000028E-002 -0.68200000000000005        0.0000000000000000                      +Infinity
 -5.00000000000000028E-002 -0.67800000000000005        0.0000000000000000                      +Infinity
 -5.00000000000000028E-002 -0.67400000000000004        0.0000000000000000                      +Infinity
 -5.00000000000000028E-002 -0.67000000000000004        0.0000000000000000                      +Infinity
 -5.00000000000000028E-002 -0.66600000000000004        0.0000000000000000                      +Infinity
 -5.00000000000000028E-002 -0.66200000000000003        0.0000000000000000                      +Infinity
 -5.00000000000000028E-002 -0.65800000000000003        0.0000000000000000                      +Infinity
 -5.00000000000000028E-002 -0.65400000000000003        0.0000000000000000                      +Infinity
 -5.00000000000000028E-002 -0.65000000000000002        0.0000000000000000                      +Infinity
 -5.00000000000000028E-002 -0.64600000000000002        0.0000000000000000                      +Infinity
 -5.00000000000000028E-002 -0.64200000000000002        0.0000000000000000                      +Infinity
 -5.00000000000000028E-002 -0.63800000000000001        0.0000000000000000                      +Infinity
 -5.00000000000000028E-002 -0.63400000000000001        0.0000000000000000                      +Infinity
 -5.00000000000000028E-002 -0.63000000000000000        0.0000000000000000                      +Infinity
 -5.00000000000000028E-002 -0.62600000000000000        0.0000000000000000                      +Infinity
 -5.00000000000000028E-002 -0.62200000000000000        0.0000000000000000                      +Infinity
 -5.00000000000000028E-002 -0.61799999999999999        0.0000000000000000                      +Infinity
 -5.00000000000000028E-002 -0.61399999999999999        0.0000000000000000                      +Infinity
 -5.00000000000000028E-002 -0.60999999999999999        0.0000000000000000                      +Infinity
 -5.00000000000000028E-002 -0.60599999999999998        0.0000000000000000                      +Infinity
 -5.00000000000000028E-002 -0.60199999999999998        0.0000000000000000                      +Infinity
 -5.00000000000000028E-002 -0.59799999999999998        0.0000000000000000                      +Infinity
 -5.00000000000000028E-002 -0.59399999999999997        0.0000000000000000                      +Infinity
 -5.00000000000000028E-002 -0.58999999999999997        0.0000000000000000                      +Infinity
 -5.00000000000000028E-002 -0.58599999999999997        0.0000000000000000                      +Infinity
 -5.00000000000000028E-002 -0.58199999999999996        0.0000000000000000                      +Infinity
 -5.00000000000000028E-002 -0.57799999999999996        0.0000000000000000                      +Infinity
 -5.00000000000000028E-002 -0.57399999999999995        0.0000000000000000                      +Infinity
 -5.00000000000000028E-002 -0.56999999999999995        0.0000000000000000                      +Infinity
 -5.00000000000000028E-002 -0.56599999999999995        0.0000000000000000                      +Infinity
 -5.00000000000000028E-002 -0.56200000000000006        0.0000000000000000                      +Infinity
 -5.00000000000000028E-002 -0.55800000000000005        0.0000000000000000                      +Infinity
 -5.00000000000000028E-002 -0.55400000000000005        0.0000000000000000                      +Infinity
 -5.00000000000000028E-002 -0.55000000000000004        0.0000000000000000                      +Infinity
 -5.00000000000000028E-002 -0.54600000000000004        0.0000000000000000                      +Infinity
 -5.00000000000000028E-002 -0.54200000000000004        0.0000000000000000                      +Infinity
 -5.00000000000000028E-002 -0.53800000000000003        0.0000000000000000                      +Infinity
 -5.00000000000000028E-002 -0.53400000000000003        0.0000000000000000                      +Infinity
 -5.00000000000000028E-002 -0.53000000000000003        0.0000000000000000                      +Infinity
 -5.00000000000000028E-002 -0.52600000000000002        0.0000000000000000                      +Infinity
 -5.00000000000000028E-002 -0.52200000000000002        0.0000000000000000                      +Infinity
 -5.00000000000000028E-002 -0.51800000000000002        0.0000000000000000                      +Infinity
 -5.00000000000000028E-002 -0.51400000000000001        0.0000000000000000                      +Infinity
 -5.00000000000000028E-002 -0.51000000000000001        0.0000000000000000                      +Infinity
 -5.00000000000000028E-002 -0.50600000000000001        0.0000000000000000                      +Infinity
 -5.00000000000000028E-002 -0.50200000000000000        0.0000000000000000                      +Infinity
 -5.00000000000000028E-002 -0.49800000000000000        0.0000000000000000                      +Infinity
 -5.00000000000000028E-002 -0.49399999999999999        0.0000000000000000                      +Infinity
 -5.00000000000000028E-002 -0.48999999999999999        0.0000000000000000                      +Infinity
 -5.00000000000000028E-002 -0.48599999999999999        0.0000000000000000                      +Infinity
 -5.00000000000000028E-002 -0.48199999999999998        0.0000000000000000                      +Infinity
 -5.00000000000000028E-002 -0.47799999999999998        0.0000000000000000                      +Infinity
 -5.00000000000000028E-002 -0.47399999999999998        0.0000000000000000                      +Infinity
 -5.00000000000000028E-002 -0.46999999999999997        0.0000000000000000                      +Infinity
 -5.00000000000000028E-002 -0.46600000000000003        0.0000000000000000                      +Infinity
 -5.00000000000000028E-002 -0.46200000000000002        0.0000000000000000                      +Infinity
 -5.00000000000000028E-002 -0.45800000000000002        0.0000000000000000                      +Infinity
 -5.00000000000000028E-002 -0.45400000000000001        0.0000000000000000                      +Infinity
 -5.00000000000000028E-002 -0.45000000000000001        0.0000000000000000                      +Infinity
 -5.00000000000000028E-002 -0.44600000000000001        0.0000000000000000                      +Infinity
 -5.00000000000000028E-002 -0.44200000000000000        0.0000000000000000                      +Infinity
 -5.00000000000000028E-002 -0.43800000000000000        0.0000000000000000                      +Infinity
 -5.00000000000000028E-002 -0.43400000000000000        0.0000000000000000                      +Infinity
 -5.00000000000000028E-002 -0.42999999999999999        0.0000000000000000                      +Infinity
 -5.00000000000000028E-002 -0.42599999999999999        0.0000000000000000                      +Infinity
 -5.00000000000000028E-002 -0.42199999999999999        0.0000000000000000                      +Infinity
 -5.00000000000000028E-002 -0.41799999999999998        0.0000000000000000                      +Infinity
 -5.00000000000000028E-002 -0.41399999999999998        0.0000000000000000                      +Infinity
 -5.00000000000000028E-002 -0.40999999999999998        0.0000000000000000                      +Infinity
 -5.00000000000000028E-002 -0.40600000000000003        0.0000000000000000                      +Infinity
 -5.00000000000000028E-002 -0.40200000000000002        0.0000000000000000                      +Infinity
 -5.00000000000000028E-002 -0.39800000000000002        0.0000000000000000                      +Infinity
 -5.00000000000000028E-002 -0.39400000000000002        0.0000000000000000                      +Infinity
 -5.00000000000000028E-002 -0.39000000000000001        0.0000000000000000                      +Infinity
 -5.00000000000000028E-002 -0.38600000000000001        0.0000000000000000                      +Infinity
 -5.00000000000000028E-002 -0.38200000000000001        0.0000000000000000                      +Infinity
 -5.00000000000000028E-002 -0.37800000000000000        0.0000000000000000                      +Infinity
 -5.00000000000000028E-002 -0.37400000000000000        0.0000000000000000                      +Infinity
 -5.00000000000000028E-002 -0.37000000000000000        0.0000000000000000                      +Infinity
 -5.00000000000000028E-002 -0.36599999999999999        0.0000000000000000                      +Infinity
 -5.00000000000000028E-002 -0.36199999999999999        0.0000000000000000                      +Infinity
 -5.00000000000000028E-002 -0.35799999999999998        0.0000000000000000                      +Infinity
 -5.00000000000000028E-002 -0.35399999999999998        0.0000000000000000                      +Infinity
 -5.00000000000000028E-002 -0.34999999999999998        0.0000000000000000                      +Infinity
 -5.00000000000000028E-002 -0.34599999999999997        0.0000000000000000                      +Infinity
 -5.00000000000000028E-002 -0.34200000000000003        0.0000000000000000                      +Infinity
 -5.00000000000000028E-002 -0.33800000000000002        0.0000000000000000                      +Infinity
 -5.00000000000000028E-002 -0.33400000000000002        0.0000000000000000                      +Infinity
 -5.00000000000000028E-002 -0.33000000000000002        0.0000000000000000                      +Infinity
 -5.00000000000000028E-002 -0.32600000000000001        0.0000000000000000                      +Infinity
 -5.00000000000000028E-002 -0.32200000000000001        0.0000000000000000                      +Infinity
 -5.00000000000000028E-002 -0.31800000000000000        0.0000000000000000                      +Infinity
 -5.00000000000000028E-002 -0.31400000000000000        0.0000000000000000                      +Infinity
 -5.00000000000000028E-002 -0.31000000000000000        0.0000000000000000                      +Infinity
 -5.00000000000000028E-002 -0.30599999999999999        0.0000000000000000                      +Infinity
 -5.00000000000000028E-002 -0.30199999999999999        0.0000000000000000                      +Infinity
 -5.00000000000000028E-002 -0.29799999999999999        0.0000000000000000                      +Infinity
 -5.00000000000000028E-002 -0.29399999999999998        0.0000000000000000                      +Infinity
 -5.00000000000000028E-002 -0.28999999999999998        0.0000000000000000                      +Infinity
 -5.00000000000000028E-002 -0.28599999999999998        0.0000000000000000                      +Infinity
 -5.00000000000000028E-002 -0.28199999999999997        0.0000000000000000                      +Infinity
 -5.00000000000000028E-002 -0.27800000000000002        0.0000000000000000                      +Infinity
 -5.00000000000000028E-002 -0.27400000000000002        0.0000000000000000                      +Infinity
 -5.00000000000000028E-002 -0.27000000000000002        0.0000000000000000                      +Infinity
 -5.00000000000000028E-002 -0.26600000000000001        0.0000000000000000                      +Infinity
 -5.00000000000000028E-002 -0.26200000000000001        0.0000000000000000                      +Infinity
 -5.00000000000000028E-002 -0.25800000000000001        0.0000000000000000                      +Infinity
 -5.00000000000000028E-002 -0.25400000000000000        0.0000000000000000                      +Infinity
 -5.00000000000000028E-002 -0.25000000000000000        0.0000000000000000                      +Infinity
 -5.00000000000000028E-002 -0.24600000000000000        0.0000000000000000                      +Infinity
 -5.00000000000000028E-002 -0.24199999999999999        0.0000000000000000                      +Infinity
 -5.00000000000000028E-002 -0.23799999999999999        0.0000000000000000                      +Infinity
 -5.00000000000000028E-002 -0.23400000000000001        0.0000000000000000                      +Infinity
 -5.00000000000000028E-002 -0.23000000000000001        0.0000000000000000                      +Infinity
 -5.00000000000000028E-002 -0.22600000000000001        0.0000000000000000                      +Infinity
 -5.00000000000000028E-002 -0.22200000000000000        0.0000000000000000                      +Infinity
 -5.00000000000000028E-002 -0.21800000000000000        0.0000000000000000                      +Infinity
 -5.00000000000000028E-002 -0.21400000000000000        0.0000000000000000                      +Infinity
 -5.00000000000000028E-002 -0.20999999999999999        0.0000000000000000                      +Infinity
 -5.00000000000000028E-002 -0.20599999999999999        0.0000000000000000                      +Infinity
 -5.00000000000000028E-002 -0.20200000000000001        0.0000000000000000                      +Infinity
 -5.00000000000000028E-002 -0.19800000000000001        0.0000000000000000                      +Infinity
 -5.00000000000000028E-002 -0.19400000000000001        0.0000000000000000                      +Infinity
 -5.00000000000000028E-002 -0.19000000000000000        0.0000000000000000                      +Infinity
 -5.00000000000000028E-002 -0.18600000000000000        0.0000000000000000                      +Infinity
 -5.00000000000000028E-002 -0.18200000000000000        0.0000000000000000                      +Infinity
 -5.00000000000000028E-002 -0.17799999999999999        0.0000000000000000                      +Infinity
 -5.00000000000000028E-002 -0.17399999999999999        0.0000000000000000                      +Infinity
 -5.00000000000000028E-002 -0.17000000000000001        0.0000000000000000                      +Infinity
 -5.00000000000000028E-002 -0.16600000000000001        0.0000000000000000                      +Infinity
 -5.00000000000000028E-002 -0.16200000000000001        0.0000000000000000                      +Infinity
 -5.00000000000000028E-002 -0.15800000000000000        0.0000000000000000                      +Infinity
 -5.00000000000000028E-002 -0.15400000000000000        0.0000000000000000                      +Infinity
 -5.00000000000000028E-002 -0.14999999999999999        0.0000000000000000                      +Infinity
 -5.00000000000000028E-002 -0.14599999999999999        0.0000000000000000                      +Infinity
 -5.00000000000000028E-002 -0.14199999999999999        0.0000000000000000                      +Infinity
 -5.00000000000000028E-002 -0.13800000000000001        0.0000000000000000                      +Infinity
 -5.00000000000000028E-002 -0.13400000000000001        0.0000000000000000                      +Infinity
 -5.00000000000000028E-002 -0.13000000000000000        0.0000000000000000                      +Infinity
 -5.00000000000000028E-002 -0.12600000000000000        0.0000000000000000                      +Infinity
 -5.00000000000000028E-002 -0.12200000000000000        0.0000000000000000                      +Infinity
 -5.00000000000000028E-002 -0.11799999999999999        0.0000000000000000                      +Infinity
 -5.00000000000000028E-002 -0.11400000000000000        0.0000000000000000                      +Infinity
 -5.00000000000000028E-002 -0.11000000000000000        0.0000000000000000                      +Infinity
 -5.00000000000000028E-002 -0.10600000000000000        0.0000000000000000                      +Infinity
 -5.00000000000000028E-002 -0.10199999999999999        0.0000000000000000                      +Infinity
 -5.00000000000000028E-002 -9.80000000000000038E-002   0.0000000000000000                      +Infinity
 -5.00000000000000028E-002 -9.40000000000000002E-002   0.0000000000000000                      +Infinity
 -5.00000000000000028E-002 -8.99999999999999967E-002   0.0000000000000000                      +Infinity
 -5.00000000000000028E-002 -8.59999999999999931E-002   0.0000000000000000                      +Infinity
 -5.00000000000000028E-002 -8.20000000000000034E-002   0.0000000000000000                      +Infinity
 -5.00000000000000028E-002 -7.79999999999999999E-002   0.0000000000000000                      +Infinity
 -5.00000000000000028E-002 -7.39999999999999963E-002   0.0000000000000000                      +Infinity
 -5.00000000000000028E-002 -7.00000000000000067E-002   0.0000000000000000                      +Infinity
 -5.00000000000000028E-002 -6.60000000000000031E-002   0.0000000000000000                      +Infinity
 -5.00000000000000028E-002 -6.19999999999999996E-002   0.0000000000000000                      +Infinity
 -5.00000000000000028E-002 -5.80000000000000029E-002   0.0000000000000000                      +Infinity
 -5.00000000000000028E-002 -5.39999999999999994E-002   0.0000000000000000                      +Infinity
 -5.00000000000000028E-002 -5.00000000000000028E-002   0.0000000000000000                      +Infinity
 -5.00000000000000028E-002 -4.59999999999999992E-002   0.0000000000000000                      +Infinity
 -5.00000000000000028E-002 -4.20000000000000026E-002   0.0000000000000000                      +Infinity
 -5.00000000000000028E-002 -3.79999999999999991E-002   0.0000000000000000                      +Infinity
 -5.00000000000000028E-002 -3.40000000000000024E-002   0.0000000000000000                      +Infinity
 -5.00000000000000028E-002 -2.99999999999999989E-002   0.0000000000000000                      +Infinity
 -5.00000000000000028E-002 -2.59999999999999988E-002   0.0000000000000000                      +Infinity
 -5.00000000000000028E-002 -2.19999999999999987E-002   0.0000000000000000                      +Infinity
 -5.00000000000000028E-002 -1.79999999999999986E-002   0.0000000000000000                      +Infinity
 -5.00000000000000028E-002 -1.40000000000000003E-002   0.0000000000000000                      +Infinity
 -5.00000000000000028E-002 -1.00000000000000002E-002   0.0000000000000000                      +Infinity
 -5.00000000000000028E-002 -6.00000000000000012E-003   0.0000000000000000                      +Infinity
 -5.00000000000000028E-002 -2.00000000000000004E-003   0.0000000000000000                      +Infinity
 -5.00000000000000028E-002  2.00000000000000004E-003   0.0000000000000000                      +Infinity
 -5.00000000000000028E-002  6.00000000000000012E-003   0.0000000000000000                      +Infinity
 -5.00000000000000028E-002  1.00000000000000002E-002   0.0000000000000000                      +Infinity
 -5.00000000000000028E-002  1.40000000000000003E-002   0.0000000000000000                      +Infinity
 -5.00000000000000028E-002  1.79999999999999986E-002   0.0000000000000000                      +Infinity
 -5.00000000000000028E-002  2.19999999999999987E-002   0.0000000000000000                      +Infinity
 -5.00000000000000028E-002  2.59999999999999988E-002   0.0000000000000000                      +Infinity
 -5.00000000000000028E-002  2.99999999999999989E-002   0.0000000000000000                      +Infinity
 -5.00000000000000028E-002  3.40000000000000024E-002   0.0000000000000000                      +Infinity
 -5.00000000000000028E-002  3.79999999999999991E-002   0.0000000000000000                      +Infinity
 -5.00000000000000028E-002  4.20000000000000026E-002   0.0000000000000000                      +Infinity
 -5.00000000000000028E-002  4.59999999999999992E-002   0.0000000000000000                      +Infinity
 -5.00000000000000028E-002  5.00000000000000028E-002   0.0000000000000000                      +Infinity
 -5.00000000000000028E-002  5.39999999999999994E-002   0.0000000000000000                      +Infinity
 -5.00000000000000028E-002  5.80000000000000029E-002   0.0000000000000000                      +Infinity
 -5.00000000000000028E-002  6.19999999999999996E-002   0.0000000000000000                      +Infinity
 -5.00000000000000028E-002  6.60000000000000031E-002   0.0000000000000000                      +Infinity
 -5.00000000000000028E-002  7.00000000000000067E-002   0.0000000000000000                      +Infinity
 -5.00000000000000028E-002  7.39999999999999963E-002   0.0000000000000000                      +Infinity
 -5.00000000000000028E-002  7.79999999999999999E-002   0.0000000000000000                      +Infinity
 -5.00000000000000028E-002  8.20000000000000034E-002   0.0000000000000000                      +Infinity
 -5.00000000000000028E-002  8.59999999999999931E-002   0.0000000000000000                      +Infinity
 -5.00000000000000028E-002  8.99999999999999967E-002   0.0000000000000000                      +Infinity
 -5.00000000000000028E-002  9.40000000000000002E-002   0.0000000000000000                      +Infinity
 -5.00000000000000028E-002  9.80000000000000038E-002   0.0000000000000000                      +Infinity
 -5.00000000000000028E-002  0.10199999999999999        0.0000000000000000                      +Infinity
 -5.00000000000000028E-002  0.10600000000000000        0.0000000000000000                      +Infinity
 -5.00000000000000028E-002  0.11000000000000000        0.0000000000000000                      +Infinity
 -5.00000000000000028E-002  0.11400000000000000        0.0000000000000000                      +Infinity
 -5.00000000000000028E-002  0.11799999999999999        0.0000000000000000                      +Infinity
 -5.00000000000000028E-002  0.12200000000000000        0.0000000000000000                      +Infinity
 -5.00000000000000028E-002  0.12600000000000000        0.0000000000000000                      +Infinity
 -5.00000000000000028E-002  0.13000000000000000        0.0000000000000000                      +Infinity
 -5.00000000000000028E-002  0.13400000000000001        0.0000000000000000                      +Infinity
 -5.00000000000000028E-002  0.13800000000000001        0.0000000000000000                      +Infinity
 -5.00000000000000028E-002  0.14199999999999999        0.0000000000000000                      +Infinity
 -5.00000000000000028E-002  0.14599999999999999        0.0000000000000000                      +Infinity
 -5.00000000000000028E-002  0.14999999999999999        0.0000000000000000                      +Infinity
 -5.00000000000000028E-002  0.15400000000000000        0.0000000000000000                      +Infinity
 -5.00000000000000028E-002  0.15800000000000000        0.0000000000000000                      +Infinity
 -5.00000000000000028E-002  0.16200000000000001        0.0000000000000000                      +Infinity
 -5.00000000000000028E-002  0.16600000000000001        0.0000000000000000                      +Infinity
 -5.00000000000000028E-002  0.17000000000000001        0.0000000000000000                      +Infinity
 -5.00000000000000028E-002  0.17399999999999999        0.0000000000000000                      +Infinity
 -5.00000000000000028E-002  0.17799999999999999        0.0000000000000000                      +Infinity
 -5.00000000000000028E-002  0.18200000000000000        0.0000000000000000                      +Infinity
 -5.00000000000000028E-002  0.18600000000000000        0.0000000000000000                      +Infinity
 -5.00000000000000028E-002  0.19000000000000000        0.0000000000000000                      +Infinity
 -5.00000000000000028E-002  0.19400000000000001        0.0000000000000000                      +Infinity
 -5.00000000000000028E-002  0.19800000000000001        0.0000000000000000                      +Infinity
 -5.00000000000000028E-002  0.20200000000000001        0.0000000000000000                      +Infinity
 -5.00000000000000028E-002  0.20599999999999999        0.0000000000000000                      +Infinity
 -5.00000000000000028E-002  0.20999999999999999        0.0000000000000000                      +Infinity
 -5.00000000000000028E-002  0.21400000000000000        0.0000000000000000                      +Infinity
 -5.00000000000000028E-002  0.21800000000000000        0.0000000000000000                      +Infinity
 -5.00000000000000028E-002  0.22200000000000000        0.0000000000000000                      +Infinity
 -5.00000000000000028E-002  0.22600000000000001        0.0000000000000000                      +Infinity
 -5.00000000000000028E-002  0.23000000000000001        0.0000000000000000                      +Infinity
 -5.00000000000000028E-002  0.23400000000000001        0.0000000000000000                      +Infinity
 -5.00000000000000028E-002  0.23799999999999999        0.0000000000000000                      +Infinity
 -5.00000000000000028E-002  0.24199999999999999        0.0000000000000000                      +Infinity
 -5.00000000000000028E-002  0.24600000000000000        0.0000000000000000                      +Infinity
 -5.00000000000000028E-002  0.25000000000000000        0.0000000000000000                      +Infinity
 -5.00000000000000028E-002  0.25400000000000000        0.0000000000000000                      +Infinity
 -5.00000000000000028E-002  0.25800000000000001        0.0000000000000000                      +Infinity
 -5.00000000000000028E-002  0.26200000000000001        0.0000000000000000                      +Infinity
 -5.00000000000000028E-002  0.26600000000000001        0.0000000000000000                      +Infinity
 -5.00000000000000028E-002  0.27000000000000002        0.0000000000000000                      +Infinity
 -5.00000000000000028E-002  0.27400000000000002        0.0000000000000000                      +Infinity
 -5.00000000000000028E-002  0.27800000000000002        0.0000000000000000                      +Infinity
 -5.00000000000000028E-002  0.28199999999999997        0.0000000000000000                      +Infinity
 -5.00000000000000028E-002  0.28599999999999998        0.0000000000000000                      +Infinity
 -5.00000000000000028E-002  0.28999999999999998        0.0000000000000000                      +Infinity
 -5.00000000000000028E-002  0.29399999999999998        0.0000000000000000                      +Infinity
 -5.00000000000000028E-002  0.29799999999999999        0.0000000000000000                      +Infinity
 -5.00000000000000028E-002  0.30199999999999999        0.0000000000000000                      +Infinity
 -5.00000000000000028E-002  0.30599999999999999       1.30200000000000001E-008   18.156779200165989
 -5.00000000000000028E-002  0.31000000000000000       1.03600000000000001E-007   16.082728507121029
 -5.00000000000000028E-002  0.31400000000000000       1.10779999999999990E-007   16.015719584341454
 -5.00000000000000028E-002  0.31800000000000000       1.66820000000000008E-007   15.606350450132945
 -5.00000000000000028E-002  0.32200000000000001       1.59120000000000011E-007   15.653607202400694
 -5.00000000000000028E-002  0.32600000000000001       2.83400000000000010E-007   15.076406509689830
 -5.00000000000000028E-002  0.33000000000000002       3.45880000000000024E-007   14.877173942854181
 -5.00000000000000028E-002  0.33400000000000002       2.23380000000000032E-007   15.314391479833731
 -5.00000000000000028E-002  0.33800000000000002       2.83700000000000032E-007   15.075348495131605
 -5.00000000000000028E-002  0.34200000000000003       3.47920000000000008E-007   14.871293268657029
 -5.00000000000000028E-002  0.34599999999999997       4.45900000000000042E-007   14.623171125312981
 -5.00000000000000028E-002  0.34999999999999998       9.90460000000000043E-007   13.825096355267871
 -5.00000000000000028E-002  0.35399999999999998       1.12587999999999997E-006   13.696945605862025
 -5.00000000000000028E-002  0.35799999999999998       1.35667999999999994E-006   13.510470019216347
 -5.00000000000000028E-002  0.36199999999999999       1.60767999999999995E-006   13.340718411986741
 -5.00000000000000028E-002  0.36599999999999999       2.02746000000000024E-006   13.108726779881421
 -5.00000000000000028E-002  0.37000000000000000       1.79097999999999996E-006   13.232747601893891
 -5.00000000000000028E-002  0.37400000000000000       1.97915999999999978E-006   13.132838045698350
 -5.00000000000000028E-002  0.37800000000000000       2.30620000000000004E-006   12.979909409609395
 -5.00000000000000028E-002  0.38200000000000001       2.65626000000000004E-006   12.838591439574888
 -5.00000000000000028E-002  0.38600000000000001       2.72524000000000002E-006   12.812954060332805
 -5.00000000000000028E-002  0.39000000000000001       2.88905999999999975E-006   12.754579368263853
 -5.00000000000000028E-002  0.39400000000000002       2.52679999999999968E-006   12.888556877921866
 -5.00000000000000028E-002  0.39800000000000002       2.93110000000000019E-006   12.740132778769079
 -5.00000000000000028E-002  0.40200000000000002       3.25804000000000023E-006   12.634384770388948
 -5.00000000000000028E-002  0.40600000000000003       2.84433999999999986E-006   12.770179503239127
 -5.00000000000000028E-002  0.40999999999999998       2.27948000000000024E-006   12.991563211185321
 -5.00000000000000028E-002  0.41399999999999998       2.74872000000000017E-006   12.804375209188841
 -5.00000000000000028E-002  0.41799999999999998       2.55003999999999998E-006   12.879401512642458
 -5.00000000000000028E-002  0.42199999999999999       2.08008000000000008E-006   13.083104203452212
 -5.00000000000000028E-002  0.42599999999999999       2.43631999999999999E-006   12.925021853853989
 -5.00000000000000028E-002  0.42999999999999999       2.54811999999999992E-006   12.880154725601946
 -5.00000000000000028E-002  0.43400000000000000       3.18060000000000009E-006   12.658440699724595
 -5.00000000000000028E-002  0.43800000000000000       3.29337999999999997E-006   12.623596164932515
 -5.00000000000000028E-002  0.44200000000000000       4.08897999999999960E-006   12.407215007765167
 -5.00000000000000028E-002  0.44600000000000001       4.75780000000000042E-006   12.255725181435245
 -5.00000000000000028E-002  0.45000000000000001       5.24281999999999972E-006   12.158651036452822
 -5.00000000000000028E-002  0.45400000000000001       6.46550000000000018E-006   11.949030209210505
 -5.00000000000000028E-002  0.45800000000000002       6.49648000000000069E-006   11.944250066209133
 -5.00000000000000028E-002  0.46200000000000002       6.94192000000000011E-006   11.877932164647550
 -5.00000000000000028E-002  0.46600000000000003       7.03358000000000017E-006   11.864814735675292
 -5.00000000000000028E-002  0.46999999999999997       7.76479999999999891E-006   11.765909858295460
 -5.00000000000000028E-002  0.47399999999999998       9.13383999999999995E-006   11.603524360324455
 -5.00000000000000028E-002  0.47799999999999998       9.13900000000000008E-006   11.602959587674210
 -5.00000000000000028E-002  0.48199999999999998       1.07313800000000006E-005   11.442338398221409
 -5.00000000000000028E-002  0.48599999999999999       1.12203600000000008E-005   11.397780572822956
 -5.00000000000000028E-002  0.48999999999999999       1.25776999999999999E-005   11.283585153296114
 -5.00000000000000028E-002  0.49399999999999999       1.29430999999999998E-005   11.254947730349782
 -5.00000000000000028E-002  0.49800000000000000       1.38620600000000012E-005   11.186354946098104
 -5.00000000000000028E-002  0.50200000000000000       1.36726600000000010E-005   11.200112339471776
 -5.00000000000000028E-002  0.50600000000000001       1.35216000000000011E-005   11.211222151156193
 -5.00000000000000028E-002  0.51000000000000001       1.33317400000000009E-005   11.225362899659141
 -5.00000000000000028E-002  0.51400000000000001       1.37808600000000011E-005   11.192229885037316
 -5.00000000000000028E-002  0.51800000000000002       1.55331599999999995E-005   11.072533464361326
 -5.00000000000000028E-002  0.52200000000000002       1.69014799999999993E-005   10.988109365905125
 -5.00000000000000028E-002  0.52600000000000002       1.83027200000000015E-005   10.908460875282039
 -5.00000000000000028E-002  0.53000000000000003       2.22681199999999992E-005   10.712354498758664
 -5.00000000000000028E-002  0.53400000000000003       2.29610999999999994E-005   10.681709078252862
 -5.00000000000000028E-002  0.53800000000000003       2.43980800000000014E-005   10.621006117285813
 -5.00000000000000028E-002  0.54200000000000004       2.57873999999999998E-005   10.565624557422217
 -5.00000000000000028E-002  0.54600000000000004       2.65270200000000000E-005   10.537346721792680
 -5.00000000000000028E-002  0.55000000000000004       2.75698800000000038E-005   10.498786685495169
 -5.00000000000000028E-002  0.55400000000000005       3.05482399999999960E-005   10.396203484480848
 -5.00000000000000028E-002  0.55800000000000005       3.32701199999999999E-005   10.310850861087372
 -5.00000000000000028E-002  0.56200000000000006       3.64669399999999975E-005   10.219104461242978
 -5.00000000000000028E-002  0.56599999999999995       4.20598199999999947E-005   10.076417667299449
 -5.00000000000000028E-002  0.56999999999999995       4.67624199999999994E-005   9.9704306690639939
 -5.00000000000000028E-002  0.57399999999999995       5.04676199999999991E-005   9.8941786154507856
 -5.00000000000000028E-002  0.57799999999999996       5.14731599999999976E-005   9.8744500511968347
 -5.00000000000000028E-002  0.58199999999999996       5.60957799999999978E-005   9.7884499710814001
 -5.00000000000000028E-002  0.58599999999999997       6.08804800000000063E-005   9.7065979600792449
 -5.00000000000000028E-002  0.58999999999999997       6.77630599999999990E-005   9.5994933492540611
 -5.00000000000000028E-002  0.59399999999999997       7.48511600000000032E-005   9.5000089495567330
 -5.00000000000000028E-002  0.59799999999999998       8.90641799999999988E-005   9.3261533245213162
 -5.00000000000000028E-002  0.60199999999999998       9.65762799999999975E-005   9.2451773955520533
 -5.00000000000000028E-002  0.60599999999999998       1.08259159999999992E-004   9.1309825757240102
 -5.00000000000000028E-002  0.60999999999999999       1.21751000000000007E-004   9.0135325824829451
 -5.00000000000000028E-002  0.61399999999999999       1.33654920000000015E-004   8.9202493034867665
 -5.00000000000000028E-002  0.61799999999999999       1.52370160000000018E-004   8.7891977344080878
 -5.00000000000000028E-002  0.62200000000000000       1.71373479999999980E-004   8.6716652895594954
 -5.00000000000000028E-002  0.62600000000000000       1.86595019999999986E-004   8.5865699580100578
 -5.00000000000000028E-002  0.63000000000000000       2.09024460000000015E-004   8.4730592793545245
 -5.00000000000000028E-002  0.63400000000000001       2.39485299999999996E-004   8.3370185208675665
 -5.00000000000000028E-002  0.63800000000000001       2.68104200000000034E-004   8.2241348470487239
 -5.00000000000000028E-002  0.64200000000000002       3.06212820000000018E-004   8.0912302075570413
 -5.00000000000000028E-002  0.64600000000000002       3.47267059999999985E-004   7.9654164486669137
 -5.00000000000000028E-002  0.65000000000000002       4.02862000000000033E-004   7.8169164864225209
 -5.00000000000000028E-002  0.65400000000000003       4.64455340000000062E-004   7.6746451507267137
 -5.00000000000000028E-002  0.65800000000000003       5.43093260000000072E-004   7.5182295032380075
 -5.00000000000000028E-002  0.66200000000000003       6.24266120000000011E-004   7.3789338061502141
 -5.00000000000000028E-002  0.66600000000000004       7.17382019999999944E-004   7.2399020559066800
 -5.00000000000000028E-002  0.67000000000000004       8.40438800000000048E-004   7.0815864215679660
 -5.00000000000000028E-002  0.67400000000000004       9.66310159999999967E-004   6.9420256986812641
 -5.00000000000000028E-002  0.67800000000000005       1.12095342000000011E-003   6.7935756879409785
 -5.00000000000000028E-002  0.68200000000000005       1.29942556000000003E-003   6.6458329890940995
 -5.00000000000000028E-002  0.68600000000000005       1.50370983999999989E-003   6.4998199975989284
 -5.00000000000000028E-002  0.68999999999999995       1.76004006000000002E-003   6.3424187088274762
 -5.00000000000000028E-002  0.69399999999999995       2.05647219999999980E-003   6.1867632884984651
 -5.00000000000000028E-002  0.69799999999999995       2.40403515999999991E-003   6.0306066367921689
 -5.00000000000000028E-002  0.70199999999999996       2.80778670000000029E-003   5.8753587572422576
 -5.00000000000000028E-002  0.70599999999999996       3.29020425999999996E-003   5.7168056310256743
 -5.00000000000000028E-002  0.70999999999999996       3.87240102000000006E-003   5.5538805457158515
 -5.00000000000000028E-002  0.71399999999999997       4.54993527999999949E-003   5.3926422702962666
 -5.00000000000000028E-002  0.71799999999999997       5.36940298000000010E-003   5.2270385535507264
 -5.00000000000000028E-002  0.72199999999999998       6.31796262000000001E-003   5.0643584930489958
 -5.00000000000000028E-002  0.72599999999999998       7.42652767999999949E-003   4.9026968673084728
 -5.00000000000000028E-002  0.72999999999999998       8.71249724000000038E-003   4.7429968196817720
 -5.00000000000000028E-002  0.73399999999999999       1.02338692800000002E-002   4.5820525417900573
 -5.00000000000000028E-002  0.73799999999999999       1.20279732599999998E-002   4.4205202370043182
 -5.00000000000000028E-002  0.74199999999999999       1.40495674199999990E-002   4.2651636722884607
 -5.00000000000000028E-002  0.74600000000000000       1.64001000800000005E-002   4.1104678417315794
 -5.00000000000000028E-002  0.75000000000000000       1.90698475999999985E-002   3.9596468510116010
 -5.00000000000000028E-002  0.75400000000000000       2.20528564800000007E-002   3.8143131399013543
 -5.00000000000000028E-002  0.75800000000000001       2.54422072199999988E-002   3.6713457824813496
 -5.00000000000000028E-002  0.76200000000000001       2.91395552400000001E-002   3.5356587412004656
 -5.00000000000000028E-002  0.76600000000000001       3.31001638400000020E-002   3.4082170467624278
 -5.00000000000000028E-002  0.77000000000000002       3.72702250799999968E-002   3.2895605263356078
 -5.00000000000000028E-002  0.77400000000000002       4.15697466599999968E-002   3.1803826200349343
 -5.00000000000000028E-002  0.77800000000000002       4.58237403799999984E-002   3.0829529732500900
 -5.00000000000000028E-002  0.78200000000000003       4.98328700399999977E-002   2.9990804717189090
 -5.00000000000000028E-002  0.78600000000000003       5.33833448999999974E-002   2.9302564749232332
 -5.00000000000000028E-002  0.79000000000000004       5.61457108400000016E-002   2.8798049882487535
 -5.00000000000000028E-002  0.79400000000000004       5.78697933799999994E-002   2.8495597338192145
 -5.00000000000000028E-002  0.79800000000000004       5.83480404600000072E-002   2.8413295033327577
 -5.00000000000000028E-002  0.80200000000000005       5.74201482599999979E-002   2.8573600222653845
 -5.00000000000000028E-002  0.80600000000000005       5.49367156000000051E-002   2.9015733816819043
 -5.00000000000000028E-002  0.81000000000000005       5.08777322000000046E-002   2.9783299324844914
 -5.00000000000000028E-002  0.81399999999999995       4.54898725599999984E-002   3.0902655588989827
 -5.00000000000000028E-002  0.81799999999999995       3.91092116400000023E-002   3.2413972479223538
 -5.00000000000000028E-002  0.82199999999999995       3.21964791199999961E-002   3.4358981765096552
 -5.00000000000000028E-002  0.82599999999999996       2.53105971999999999E-002   3.6765321092866405
 -5.00000000000000028E-002  0.82999999999999996       1.88587026799999988E-002   3.9707807909932269
 -5.00000000000000028E-002  0.83399999999999996       1.32886492400000004E-002   4.3208450487437000
 -5.00000000000000028E-002  0.83799999999999997       8.81802035999999963E-003   4.7309578831354706
 -5.00000000000000028E-002  0.84199999999999997       5.41196026000000021E-003   5.2191439116421661
 -5.00000000000000028E-002  0.84599999999999997       3.10094801999999999E-003   5.7760474013390457
 -5.00000000000000028E-002  0.84999999999999998       1.63690782000000014E-003   6.4149462925023881
 -5.00000000000000028E-002  0.85399999999999998       7.82834680000000041E-004   7.1525890209198471
 -5.00000000000000028E-002  0.85799999999999998       3.32841280000000027E-004   8.0078448182478166
 -5.00000000000000028E-002  0.86199999999999999       1.33961440000000018E-004   8.9179585606185903
 -5.00000000000000028E-002  0.86599999999999999       4.63969999999999964E-005   9.9782757559947139
 -5.00000000000000028E-002  0.87000000000000000       1.38291599999999986E-005   11.188731151659320
 -5.00000000000000028E-002  0.87400000000000000       3.50603999999999981E-006   12.561023362517194
 -5.00000000000000028E-002  0.87800000000000000       7.48299999999999997E-007   14.105461869860099
 -5.00000000000000028E-002  0.88200000000000001       1.46560000000000010E-007   15.735830936020591
 -5.00000000000000028E-002  0.88600000000000001       6.91199999999999995E-008   16.487421712450612
 -5.00000000000000028E-002  0.89000000000000001        0.0000000000000000                      +Infinity
 -5.00000000000000028E-002  0.89400000000000002        0.0000000000000000                      +Infinity
 -5.00000000000000028E-002  0.89800000000000002        0.0000000000000000                      +Infinity
 -5.00000000000000028E-002  0.90200000000000002        0.0000000000000000                      +Infinity
 -5.00000000000000028E-002  0.90600000000000003        0.0000000000000000                      +Infinity
 -5.00000000000000028E-002  0.91000000000000003        0.0000000000000000                      +Infinity
 -5.00000000000000028E-002  0.91400000000000003        0.0000000000000000                      +Infinity
 -5.00000000000000028E-002  0.91800000000000004        0.0000000000000000                      +Infinity
 -5.00000000000000028E-002  0.92200000000000004        0.0000000000000000                      +Infinity
 -5.00000000000000028E-002  0.92600000000000005        0.0000000000000000                      +Infinity
 -5.00000000000000028E-002  0.93000000000000005        0.0000000000000000                      +Infinity
 -5.00000000000000028E-002  0.93400000000000005        0.0000000000000000                      +Infinity
 -5.00000000000000028E-002  0.93799999999999994        0.0000000000000000                      +Infinity
 -5.00000000000000028E-002  0.94199999999999995        0.0000000000000000                      +Infinity
 -5.00000000000000028E-002  0.94599999999999995        0.0000000000000000                      +Infinity
 -5.00000000000000028E-002  0.94999999999999996        0.0000000000000000                      +Infinity
 -5.00000000000000028E-002  0.95399999999999996        0.0000000000000000                      +Infinity
 -5.00000000000000028E-002  0.95799999999999996        0.0000000000000000                      +Infinity
 -5.00000000000000028E-002  0.96199999999999997        0.0000000000000000                      +Infinity
 -5.00000000000000028E-002  0.96599999999999997        0.0000000000000000                      +Infinity
 -5.00000000000000028E-002  0.96999999999999997        0.0000000000000000                      +Infinity
 -5.00000000000000028E-002  0.97399999999999998        0.0000000000000000                      +Infinity
 -5.00000000000000028E-002  0.97799999999999998        0.0000000000000000                      +Infinity
 -5.00000000000000028E-002  0.98199999999999998        0.0000000000000000                      +Infinity
 -5.00000000000000028E-002  0.98599999999999999        0.0000000000000000                      +Infinity
 -5.00000000000000028E-002  0.98999999999999999        0.0000000000000000                      +Infinity
 -5.00000000000000028E-002  0.99399999999999999        0.0000000000000000                      +Infinity
 -5.00000000000000028E-002  0.99800000000000000        0.0000000000000000                      +Infinity
