 -9.40000000000000002E-002 -0.99800000000000000        0.0000000000000000                      +Infinity
 -9.40000000000000002E-002 -0.99399999999999999        0.0000000000000000                      +Infinity
 -9.40000000000000002E-002 -0.98999999999999999        0.0000000000000000                      +Infinity
 -9.40000000000000002E-002 -0.98599999999999999        0.0000000000000000                      +Infinity
 -9.40000000000000002E-002 -0.98199999999999998        0.0000000000000000                      +Infinity
 -9.40000000000000002E-002 -0.97799999999999998        0.0000000000000000                      +Infinity
 -9.40000000000000002E-002 -0.97399999999999998        0.0000000000000000                      +Infinity
 -9.40000000000000002E-002 -0.96999999999999997        0.0000000000000000                      +Infinity
 -9.40000000000000002E-002 -0.96599999999999997        0.0000000000000000                      +Infinity
 -9.40000000000000002E-002 -0.96199999999999997        0.0000000000000000                      +Infinity
 -9.40000000000000002E-002 -0.95799999999999996        0.0000000000000000                      +Infinity
 -9.40000000000000002E-002 -0.95399999999999996        0.0000000000000000                      +Infinity
 -9.40000000000000002E-002 -0.94999999999999996        0.0000000000000000                      +Infinity
 -9.40000000000000002E-002 -0.94599999999999995        0.0000000000000000                      +Infinity
 -9.40000000000000002E-002 -0.94199999999999995        0.0000000000000000                      +Infinity
 -9.40000000000000002E-002 -0.93799999999999994        0.0000000000000000                      +Infinity
 -9.40000000000000002E-002 -0.93400000000000005        0.0000000000000000                      +Infinity
 -9.40000000000000002E-002 -0.93000000000000005        0.0000000000000000                      +Infinity
 -9.40000000000000002E-002 -0.92600000000000005        0.0000000000000000                      +Infinity
 -9.40000000000000002E-002 -0.92200000000000004        0.0000000000000000                      +Infinity
 -9.40000000000000002E-002 -0.91800000000000004        0.0000000000000000                      +Infinity
 -9.40000000000000002E-002 -0.91400000000000003        0.0000000000000000                      +Infinity
 -9.40000000000000002E-002 -0.91000000000000003        0.0000000000000000                      +Infinity
 -9.40000000000000002E-002 -0.90600000000000003        0.0000000000000000                      +Infinity
 -9.40000000000000002E-002 -0.90200000000000002        0.0000000000000000                      +Infinity
 -9.40000000000000002E-002 -0.89800000000000002        0.0000000000000000                      +Infinity
 -9.40000000000000002E-002 -0.89400000000000002        0.0000000000000000                      +Infinity
 -9.40000000000000002E-002 -0.89000000000000001        0.0000000000000000                      +Infinity
 -9.40000000000000002E-002 -0.88600000000000001        0.0000000000000000                      +Infinity
 -9.40000000000000002E-002 -0.88200000000000001        0.0000000000000000                      +Infinity
 -9.40000000000000002E-002 -0.87800000000000000        0.0000000000000000                      +Infinity
 -9.40000000000000002E-002 -0.87400000000000000        0.0000000000000000                      +Infinity
 -9.40000000000000002E-002 -0.87000000000000000        0.0000000000000000                      +Infinity
 -9.40000000000000002E-002 -0.86599999999999999        0.0000000000000000                      +Infinity
 -9.40000000000000002E-002 -0.86199999999999999        0.0000000000000000                      +Infinity
 -9.40000000000000002E-002 -0.85799999999999998        0.0000000000000000                      +Infinity
 -9.40000000000000002E-002 -0.85399999999999998        0.0000000000000000                      +Infinity
 -9.40000000000000002E-002 -0.84999999999999998        0.0000000000000000                      +Infinity
 -9.40000000000000002E-002 -0.84599999999999997        0.0000000000000000                      +Infinity
 -9.40000000000000002E-002 -0.84199999999999997        0.0000000000000000                      +Infinity
 -9.40000000000000002E-002 -0.83799999999999997        0.0000000000000000                      +Infinity
 -9.40000000000000002E-002 -0.83399999999999996        0.0000000000000000                      +Infinity
 -9.40000000000000002E-002 -0.82999999999999996        0.0000000000000000                      +Infinity
 -9.40000000000000002E-002 -0.82599999999999996        0.0000000000000000                      +Infinity
 -9.40000000000000002E-002 -0.82199999999999995        0.0000000000000000                      +Infinity
 -9.40000000000000002E-002 -0.81799999999999995        0.0000000000000000                      +Infinity
 -9.40000000000000002E-002 -0.81399999999999995        0.0000000000000000                      +Infinity
 -9.40000000000000002E-002 -0.81000000000000005        0.0000000000000000                      +Infinity
 -9.40000000000000002E-002 -0.80600000000000005        0.0000000000000000                      +Infinity
 -9.40000000000000002E-002 -0.80200000000000005        0.0000000000000000                      +Infinity
 -9.40000000000000002E-002 -0.79800000000000004        0.0000000000000000                      +Infinity
 -9.40000000000000002E-002 -0.79400000000000004        0.0000000000000000                      +Infinity
 -9.40000000000000002E-002 -0.79000000000000004        0.0000000000000000                      +Infinity
 -9.40000000000000002E-002 -0.78600000000000003        0.0000000000000000                      +Infinity
 -9.40000000000000002E-002 -0.78200000000000003        0.0000000000000000                      +Infinity
 -9.40000000000000002E-002 -0.77800000000000002        0.0000000000000000                      +Infinity
 -9.40000000000000002E-002 -0.77400000000000002        0.0000000000000000                      +Infinity
 -9.40000000000000002E-002 -0.77000000000000002        0.0000000000000000                      +Infinity
 -9.40000000000000002E-002 -0.76600000000000001        0.0000000000000000                      +Infinity
 -9.40000000000000002E-002 -0.76200000000000001        0.0000000000000000                      +Infinity
 -9.40000000000000002E-002 -0.75800000000000001        0.0000000000000000                      +Infinity
 -9.40000000000000002E-002 -0.75400000000000000        0.0000000000000000                      +Infinity
 -9.40000000000000002E-002 -0.75000000000000000        0.0000000000000000                      +Infinity
 -9.40000000000000002E-002 -0.74600000000000000        0.0000000000000000                      +Infinity
 -9.40000000000000002E-002 -0.74199999999999999        0.0000000000000000                      +Infinity
 -9.40000000000000002E-002 -0.73799999999999999        0.0000000000000000                      +Infinity
 -9.40000000000000002E-002 -0.73399999999999999        0.0000000000000000                      +Infinity
 -9.40000000000000002E-002 -0.72999999999999998        0.0000000000000000                      +Infinity
 -9.40000000000000002E-002 -0.72599999999999998        0.0000000000000000                      +Infinity
 -9.40000000000000002E-002 -0.72199999999999998        0.0000000000000000                      +Infinity
 -9.40000000000000002E-002 -0.71799999999999997        0.0000000000000000                      +Infinity
 -9.40000000000000002E-002 -0.71399999999999997        0.0000000000000000                      +Infinity
 -9.40000000000000002E-002 -0.70999999999999996        0.0000000000000000                      +Infinity
 -9.40000000000000002E-002 -0.70599999999999996        0.0000000000000000                      +Infinity
 -9.40000000000000002E-002 -0.70199999999999996        0.0000000000000000                      +Infinity
 -9.40000000000000002E-002 -0.69799999999999995        0.0000000000000000                      +Infinity
 -9.40000000000000002E-002 -0.69399999999999995        0.0000000000000000                      +Infinity
 -9.40000000000000002E-002 -0.68999999999999995        0.0000000000000000                      +Infinity
 -9.40000000000000002E-002 -0.68600000000000005        0.0000000000000000                      +Infinity
 -9.40000000000000002E-002 -0.68200000000000005        0.0000000000000000                      +Infinity
 -9.40000000000000002E-002 -0.67800000000000005        0.0000000000000000                      +Infinity
 -9.40000000000000002E-002 -0.67400000000000004        0.0000000000000000                      +Infinity
 -9.40000000000000002E-002 -0.67000000000000004        0.0000000000000000                      +Infinity
 -9.40000000000000002E-002 -0.66600000000000004        0.0000000000000000                      +Infinity
 -9.40000000000000002E-002 -0.66200000000000003        0.0000000000000000                      +Infinity
 -9.40000000000000002E-002 -0.65800000000000003        0.0000000000000000                      +Infinity
 -9.40000000000000002E-002 -0.65400000000000003        0.0000000000000000                      +Infinity
 -9.40000000000000002E-002 -0.65000000000000002        0.0000000000000000                      +Infinity
 -9.40000000000000002E-002 -0.64600000000000002        0.0000000000000000                      +Infinity
 -9.40000000000000002E-002 -0.64200000000000002        0.0000000000000000                      +Infinity
 -9.40000000000000002E-002 -0.63800000000000001        0.0000000000000000                      +Infinity
 -9.40000000000000002E-002 -0.63400000000000001        0.0000000000000000                      +Infinity
 -9.40000000000000002E-002 -0.63000000000000000        0.0000000000000000                      +Infinity
 -9.40000000000000002E-002 -0.62600000000000000        0.0000000000000000                      +Infinity
 -9.40000000000000002E-002 -0.62200000000000000        0.0000000000000000                      +Infinity
 -9.40000000000000002E-002 -0.61799999999999999        0.0000000000000000                      +Infinity
 -9.40000000000000002E-002 -0.61399999999999999        0.0000000000000000                      +Infinity
 -9.40000000000000002E-002 -0.60999999999999999        0.0000000000000000                      +Infinity
 -9.40000000000000002E-002 -0.60599999999999998        0.0000000000000000                      +Infinity
 -9.40000000000000002E-002 -0.60199999999999998        0.0000000000000000                      +Infinity
 -9.40000000000000002E-002 -0.59799999999999998        0.0000000000000000                      +Infinity
 -9.40000000000000002E-002 -0.59399999999999997        0.0000000000000000                      +Infinity
 -9.40000000000000002E-002 -0.58999999999999997        0.0000000000000000                      +Infinity
 -9.40000000000000002E-002 -0.58599999999999997        0.0000000000000000                      +Infinity
 -9.40000000000000002E-002 -0.58199999999999996        0.0000000000000000                      +Infinity
 -9.40000000000000002E-002 -0.57799999999999996        0.0000000000000000                      +Infinity
 -9.40000000000000002E-002 -0.57399999999999995        0.0000000000000000                      +Infinity
 -9.40000000000000002E-002 -0.56999999999999995        0.0000000000000000                      +Infinity
 -9.40000000000000002E-002 -0.56599999999999995        0.0000000000000000                      +Infinity
 -9.40000000000000002E-002 -0.56200000000000006        0.0000000000000000                      +Infinity
 -9.40000000000000002E-002 -0.55800000000000005        0.0000000000000000                      +Infinity
 -9.40000000000000002E-002 -0.55400000000000005        0.0000000000000000                      +Infinity
 -9.40000000000000002E-002 -0.55000000000000004        0.0000000000000000                      +Infinity
 -9.40000000000000002E-002 -0.54600000000000004        0.0000000000000000                      +Infinity
 -9.40000000000000002E-002 -0.54200000000000004        0.0000000000000000                      +Infinity
 -9.40000000000000002E-002 -0.53800000000000003        0.0000000000000000                      +Infinity
 -9.40000000000000002E-002 -0.53400000000000003        0.0000000000000000                      +Infinity
 -9.40000000000000002E-002 -0.53000000000000003        0.0000000000000000                      +Infinity
 -9.40000000000000002E-002 -0.52600000000000002        0.0000000000000000                      +Infinity
 -9.40000000000000002E-002 -0.52200000000000002        0.0000000000000000                      +Infinity
 -9.40000000000000002E-002 -0.51800000000000002        0.0000000000000000                      +Infinity
 -9.40000000000000002E-002 -0.51400000000000001        0.0000000000000000                      +Infinity
 -9.40000000000000002E-002 -0.51000000000000001        0.0000000000000000                      +Infinity
 -9.40000000000000002E-002 -0.50600000000000001        0.0000000000000000                      +Infinity
 -9.40000000000000002E-002 -0.50200000000000000        0.0000000000000000                      +Infinity
 -9.40000000000000002E-002 -0.49800000000000000        0.0000000000000000                      +Infinity
 -9.40000000000000002E-002 -0.49399999999999999        0.0000000000000000                      +Infinity
 -9.40000000000000002E-002 -0.48999999999999999        0.0000000000000000                      +Infinity
 -9.40000000000000002E-002 -0.48599999999999999        0.0000000000000000                      +Infinity
 -9.40000000000000002E-002 -0.48199999999999998        0.0000000000000000                      +Infinity
 -9.40000000000000002E-002 -0.47799999999999998        0.0000000000000000                      +Infinity
 -9.40000000000000002E-002 -0.47399999999999998        0.0000000000000000                      +Infinity
 -9.40000000000000002E-002 -0.46999999999999997        0.0000000000000000                      +Infinity
 -9.40000000000000002E-002 -0.46600000000000003        0.0000000000000000                      +Infinity
 -9.40000000000000002E-002 -0.46200000000000002        0.0000000000000000                      +Infinity
 -9.40000000000000002E-002 -0.45800000000000002        0.0000000000000000                      +Infinity
 -9.40000000000000002E-002 -0.45400000000000001        0.0000000000000000                      +Infinity
 -9.40000000000000002E-002 -0.45000000000000001        0.0000000000000000                      +Infinity
 -9.40000000000000002E-002 -0.44600000000000001        0.0000000000000000                      +Infinity
 -9.40000000000000002E-002 -0.44200000000000000        0.0000000000000000                      +Infinity
 -9.40000000000000002E-002 -0.43800000000000000        0.0000000000000000                      +Infinity
 -9.40000000000000002E-002 -0.43400000000000000        0.0000000000000000                      +Infinity
 -9.40000000000000002E-002 -0.42999999999999999        0.0000000000000000                      +Infinity
 -9.40000000000000002E-002 -0.42599999999999999        0.0000000000000000                      +Infinity
 -9.40000000000000002E-002 -0.42199999999999999        0.0000000000000000                      +Infinity
 -9.40000000000000002E-002 -0.41799999999999998        0.0000000000000000                      +Infinity
 -9.40000000000000002E-002 -0.41399999999999998        0.0000000000000000                      +Infinity
 -9.40000000000000002E-002 -0.40999999999999998        0.0000000000000000                      +Infinity
 -9.40000000000000002E-002 -0.40600000000000003        0.0000000000000000                      +Infinity
 -9.40000000000000002E-002 -0.40200000000000002        0.0000000000000000                      +Infinity
 -9.40000000000000002E-002 -0.39800000000000002        0.0000000000000000                      +Infinity
 -9.40000000000000002E-002 -0.39400000000000002        0.0000000000000000                      +Infinity
 -9.40000000000000002E-002 -0.39000000000000001        0.0000000000000000                      +Infinity
 -9.40000000000000002E-002 -0.38600000000000001        0.0000000000000000                      +Infinity
 -9.40000000000000002E-002 -0.38200000000000001        0.0000000000000000                      +Infinity
 -9.40000000000000002E-002 -0.37800000000000000        0.0000000000000000                      +Infinity
 -9.40000000000000002E-002 -0.37400000000000000        0.0000000000000000                      +Infinity
 -9.40000000000000002E-002 -0.37000000000000000        0.0000000000000000                      +Infinity
 -9.40000000000000002E-002 -0.36599999999999999        0.0000000000000000                      +Infinity
 -9.40000000000000002E-002 -0.36199999999999999        0.0000000000000000                      +Infinity
 -9.40000000000000002E-002 -0.35799999999999998        0.0000000000000000                      +Infinity
 -9.40000000000000002E-002 -0.35399999999999998        0.0000000000000000                      +Infinity
 -9.40000000000000002E-002 -0.34999999999999998        0.0000000000000000                      +Infinity
 -9.40000000000000002E-002 -0.34599999999999997        0.0000000000000000                      +Infinity
 -9.40000000000000002E-002 -0.34200000000000003        0.0000000000000000                      +Infinity
 -9.40000000000000002E-002 -0.33800000000000002        0.0000000000000000                      +Infinity
 -9.40000000000000002E-002 -0.33400000000000002        0.0000000000000000                      +Infinity
 -9.40000000000000002E-002 -0.33000000000000002        0.0000000000000000                      +Infinity
 -9.40000000000000002E-002 -0.32600000000000001        0.0000000000000000                      +Infinity
 -9.40000000000000002E-002 -0.32200000000000001        0.0000000000000000                      +Infinity
 -9.40000000000000002E-002 -0.31800000000000000        0.0000000000000000                      +Infinity
 -9.40000000000000002E-002 -0.31400000000000000        0.0000000000000000                      +Infinity
 -9.40000000000000002E-002 -0.31000000000000000        0.0000000000000000                      +Infinity
 -9.40000000000000002E-002 -0.30599999999999999        0.0000000000000000                      +Infinity
 -9.40000000000000002E-002 -0.30199999999999999        0.0000000000000000                      +Infinity
 -9.40000000000000002E-002 -0.29799999999999999        0.0000000000000000                      +Infinity
 -9.40000000000000002E-002 -0.29399999999999998        0.0000000000000000                      +Infinity
 -9.40000000000000002E-002 -0.28999999999999998        0.0000000000000000                      +Infinity
 -9.40000000000000002E-002 -0.28599999999999998        0.0000000000000000                      +Infinity
 -9.40000000000000002E-002 -0.28199999999999997        0.0000000000000000                      +Infinity
 -9.40000000000000002E-002 -0.27800000000000002        0.0000000000000000                      +Infinity
 -9.40000000000000002E-002 -0.27400000000000002        0.0000000000000000                      +Infinity
 -9.40000000000000002E-002 -0.27000000000000002        0.0000000000000000                      +Infinity
 -9.40000000000000002E-002 -0.26600000000000001        0.0000000000000000                      +Infinity
 -9.40000000000000002E-002 -0.26200000000000001        0.0000000000000000                      +Infinity
 -9.40000000000000002E-002 -0.25800000000000001        0.0000000000000000                      +Infinity
 -9.40000000000000002E-002 -0.25400000000000000        0.0000000000000000                      +Infinity
 -9.40000000000000002E-002 -0.25000000000000000        0.0000000000000000                      +Infinity
 -9.40000000000000002E-002 -0.24600000000000000        0.0000000000000000                      +Infinity
 -9.40000000000000002E-002 -0.24199999999999999        0.0000000000000000                      +Infinity
 -9.40000000000000002E-002 -0.23799999999999999        0.0000000000000000                      +Infinity
 -9.40000000000000002E-002 -0.23400000000000001        0.0000000000000000                      +Infinity
 -9.40000000000000002E-002 -0.23000000000000001        0.0000000000000000                      +Infinity
 -9.40000000000000002E-002 -0.22600000000000001        0.0000000000000000                      +Infinity
 -9.40000000000000002E-002 -0.22200000000000000        0.0000000000000000                      +Infinity
 -9.40000000000000002E-002 -0.21800000000000000        0.0000000000000000                      +Infinity
 -9.40000000000000002E-002 -0.21400000000000000        0.0000000000000000                      +Infinity
 -9.40000000000000002E-002 -0.20999999999999999        0.0000000000000000                      +Infinity
 -9.40000000000000002E-002 -0.20599999999999999        0.0000000000000000                      +Infinity
 -9.40000000000000002E-002 -0.20200000000000001        0.0000000000000000                      +Infinity
 -9.40000000000000002E-002 -0.19800000000000001        0.0000000000000000                      +Infinity
 -9.40000000000000002E-002 -0.19400000000000001        0.0000000000000000                      +Infinity
 -9.40000000000000002E-002 -0.19000000000000000        0.0000000000000000                      +Infinity
 -9.40000000000000002E-002 -0.18600000000000000        0.0000000000000000                      +Infinity
 -9.40000000000000002E-002 -0.18200000000000000        0.0000000000000000                      +Infinity
 -9.40000000000000002E-002 -0.17799999999999999        0.0000000000000000                      +Infinity
 -9.40000000000000002E-002 -0.17399999999999999        0.0000000000000000                      +Infinity
 -9.40000000000000002E-002 -0.17000000000000001        0.0000000000000000                      +Infinity
 -9.40000000000000002E-002 -0.16600000000000001        0.0000000000000000                      +Infinity
 -9.40000000000000002E-002 -0.16200000000000001        0.0000000000000000                      +Infinity
 -9.40000000000000002E-002 -0.15800000000000000        0.0000000000000000                      +Infinity
 -9.40000000000000002E-002 -0.15400000000000000        0.0000000000000000                      +Infinity
 -9.40000000000000002E-002 -0.14999999999999999        0.0000000000000000                      +Infinity
 -9.40000000000000002E-002 -0.14599999999999999        0.0000000000000000                      +Infinity
 -9.40000000000000002E-002 -0.14199999999999999        0.0000000000000000                      +Infinity
 -9.40000000000000002E-002 -0.13800000000000001        0.0000000000000000                      +Infinity
 -9.40000000000000002E-002 -0.13400000000000001        0.0000000000000000                      +Infinity
 -9.40000000000000002E-002 -0.13000000000000000        0.0000000000000000                      +Infinity
 -9.40000000000000002E-002 -0.12600000000000000        0.0000000000000000                      +Infinity
 -9.40000000000000002E-002 -0.12200000000000000        0.0000000000000000                      +Infinity
 -9.40000000000000002E-002 -0.11799999999999999        0.0000000000000000                      +Infinity
 -9.40000000000000002E-002 -0.11400000000000000        0.0000000000000000                      +Infinity
 -9.40000000000000002E-002 -0.11000000000000000        0.0000000000000000                      +Infinity
 -9.40000000000000002E-002 -0.10600000000000000        0.0000000000000000                      +Infinity
 -9.40000000000000002E-002 -0.10199999999999999        0.0000000000000000                      +Infinity
 -9.40000000000000002E-002 -9.80000000000000038E-002   0.0000000000000000                      +Infinity
 -9.40000000000000002E-002 -9.40000000000000002E-002   0.0000000000000000                      +Infinity
 -9.40000000000000002E-002 -8.99999999999999967E-002   0.0000000000000000                      +Infinity
 -9.40000000000000002E-002 -8.59999999999999931E-002   0.0000000000000000                      +Infinity
 -9.40000000000000002E-002 -8.20000000000000034E-002   0.0000000000000000                      +Infinity
 -9.40000000000000002E-002 -7.79999999999999999E-002   0.0000000000000000                      +Infinity
 -9.40000000000000002E-002 -7.39999999999999963E-002   0.0000000000000000                      +Infinity
 -9.40000000000000002E-002 -7.00000000000000067E-002   0.0000000000000000                      +Infinity
 -9.40000000000000002E-002 -6.60000000000000031E-002   0.0000000000000000                      +Infinity
 -9.40000000000000002E-002 -6.19999999999999996E-002   0.0000000000000000                      +Infinity
 -9.40000000000000002E-002 -5.80000000000000029E-002   0.0000000000000000                      +Infinity
 -9.40000000000000002E-002 -5.39999999999999994E-002   0.0000000000000000                      +Infinity
 -9.40000000000000002E-002 -5.00000000000000028E-002   0.0000000000000000                      +Infinity
 -9.40000000000000002E-002 -4.59999999999999992E-002   0.0000000000000000                      +Infinity
 -9.40000000000000002E-002 -4.20000000000000026E-002   0.0000000000000000                      +Infinity
 -9.40000000000000002E-002 -3.79999999999999991E-002   0.0000000000000000                      +Infinity
 -9.40000000000000002E-002 -3.40000000000000024E-002   0.0000000000000000                      +Infinity
 -9.40000000000000002E-002 -2.99999999999999989E-002   0.0000000000000000                      +Infinity
 -9.40000000000000002E-002 -2.59999999999999988E-002   0.0000000000000000                      +Infinity
 -9.40000000000000002E-002 -2.19999999999999987E-002   0.0000000000000000                      +Infinity
 -9.40000000000000002E-002 -1.79999999999999986E-002   0.0000000000000000                      +Infinity
 -9.40000000000000002E-002 -1.40000000000000003E-002   0.0000000000000000                      +Infinity
 -9.40000000000000002E-002 -1.00000000000000002E-002   0.0000000000000000                      +Infinity
 -9.40000000000000002E-002 -6.00000000000000012E-003   0.0000000000000000                      +Infinity
 -9.40000000000000002E-002 -2.00000000000000004E-003   0.0000000000000000                      +Infinity
 -9.40000000000000002E-002  2.00000000000000004E-003   0.0000000000000000                      +Infinity
 -9.40000000000000002E-002  6.00000000000000012E-003   0.0000000000000000                      +Infinity
 -9.40000000000000002E-002  1.00000000000000002E-002   0.0000000000000000                      +Infinity
 -9.40000000000000002E-002  1.40000000000000003E-002   0.0000000000000000                      +Infinity
 -9.40000000000000002E-002  1.79999999999999986E-002   0.0000000000000000                      +Infinity
 -9.40000000000000002E-002  2.19999999999999987E-002   0.0000000000000000                      +Infinity
 -9.40000000000000002E-002  2.59999999999999988E-002   0.0000000000000000                      +Infinity
 -9.40000000000000002E-002  2.99999999999999989E-002   0.0000000000000000                      +Infinity
 -9.40000000000000002E-002  3.40000000000000024E-002   0.0000000000000000                      +Infinity
 -9.40000000000000002E-002  3.79999999999999991E-002   0.0000000000000000                      +Infinity
 -9.40000000000000002E-002  4.20000000000000026E-002   0.0000000000000000                      +Infinity
 -9.40000000000000002E-002  4.59999999999999992E-002   0.0000000000000000                      +Infinity
 -9.40000000000000002E-002  5.00000000000000028E-002   0.0000000000000000                      +Infinity
 -9.40000000000000002E-002  5.39999999999999994E-002   0.0000000000000000                      +Infinity
 -9.40000000000000002E-002  5.80000000000000029E-002   0.0000000000000000                      +Infinity
 -9.40000000000000002E-002  6.19999999999999996E-002   0.0000000000000000                      +Infinity
 -9.40000000000000002E-002  6.60000000000000031E-002   0.0000000000000000                      +Infinity
 -9.40000000000000002E-002  7.00000000000000067E-002   0.0000000000000000                      +Infinity
 -9.40000000000000002E-002  7.39999999999999963E-002   0.0000000000000000                      +Infinity
 -9.40000000000000002E-002  7.79999999999999999E-002   0.0000000000000000                      +Infinity
 -9.40000000000000002E-002  8.20000000000000034E-002   0.0000000000000000                      +Infinity
 -9.40000000000000002E-002  8.59999999999999931E-002   0.0000000000000000                      +Infinity
 -9.40000000000000002E-002  8.99999999999999967E-002   0.0000000000000000                      +Infinity
 -9.40000000000000002E-002  9.40000000000000002E-002   0.0000000000000000                      +Infinity
 -9.40000000000000002E-002  9.80000000000000038E-002   0.0000000000000000                      +Infinity
 -9.40000000000000002E-002  0.10199999999999999        0.0000000000000000                      +Infinity
 -9.40000000000000002E-002  0.10600000000000000        0.0000000000000000                      +Infinity
 -9.40000000000000002E-002  0.11000000000000000        0.0000000000000000                      +Infinity
 -9.40000000000000002E-002  0.11400000000000000        0.0000000000000000                      +Infinity
 -9.40000000000000002E-002  0.11799999999999999        0.0000000000000000                      +Infinity
 -9.40000000000000002E-002  0.12200000000000000        0.0000000000000000                      +Infinity
 -9.40000000000000002E-002  0.12600000000000000        0.0000000000000000                      +Infinity
 -9.40000000000000002E-002  0.13000000000000000        0.0000000000000000                      +Infinity
 -9.40000000000000002E-002  0.13400000000000001        0.0000000000000000                      +Infinity
 -9.40000000000000002E-002  0.13800000000000001        0.0000000000000000                      +Infinity
 -9.40000000000000002E-002  0.14199999999999999        0.0000000000000000                      +Infinity
 -9.40000000000000002E-002  0.14599999999999999        0.0000000000000000                      +Infinity
 -9.40000000000000002E-002  0.14999999999999999        0.0000000000000000                      +Infinity
 -9.40000000000000002E-002  0.15400000000000000        0.0000000000000000                      +Infinity
 -9.40000000000000002E-002  0.15800000000000000        0.0000000000000000                      +Infinity
 -9.40000000000000002E-002  0.16200000000000001        0.0000000000000000                      +Infinity
 -9.40000000000000002E-002  0.16600000000000001        0.0000000000000000                      +Infinity
 -9.40000000000000002E-002  0.17000000000000001        0.0000000000000000                      +Infinity
 -9.40000000000000002E-002  0.17399999999999999        0.0000000000000000                      +Infinity
 -9.40000000000000002E-002  0.17799999999999999        0.0000000000000000                      +Infinity
 -9.40000000000000002E-002  0.18200000000000000        0.0000000000000000                      +Infinity
 -9.40000000000000002E-002  0.18600000000000000        0.0000000000000000                      +Infinity
 -9.40000000000000002E-002  0.19000000000000000        0.0000000000000000                      +Infinity
 -9.40000000000000002E-002  0.19400000000000001        0.0000000000000000                      +Infinity
 -9.40000000000000002E-002  0.19800000000000001        0.0000000000000000                      +Infinity
 -9.40000000000000002E-002  0.20200000000000001        0.0000000000000000                      +Infinity
 -9.40000000000000002E-002  0.20599999999999999        0.0000000000000000                      +Infinity
 -9.40000000000000002E-002  0.20999999999999999        0.0000000000000000                      +Infinity
 -9.40000000000000002E-002  0.21400000000000000        0.0000000000000000                      +Infinity
 -9.40000000000000002E-002  0.21800000000000000        0.0000000000000000                      +Infinity
 -9.40000000000000002E-002  0.22200000000000000        0.0000000000000000                      +Infinity
 -9.40000000000000002E-002  0.22600000000000001        0.0000000000000000                      +Infinity
 -9.40000000000000002E-002  0.23000000000000001        0.0000000000000000                      +Infinity
 -9.40000000000000002E-002  0.23400000000000001        0.0000000000000000                      +Infinity
 -9.40000000000000002E-002  0.23799999999999999        0.0000000000000000                      +Infinity
 -9.40000000000000002E-002  0.24199999999999999        0.0000000000000000                      +Infinity
 -9.40000000000000002E-002  0.24600000000000000        0.0000000000000000                      +Infinity
 -9.40000000000000002E-002  0.25000000000000000        0.0000000000000000                      +Infinity
 -9.40000000000000002E-002  0.25400000000000000        0.0000000000000000                      +Infinity
 -9.40000000000000002E-002  0.25800000000000001        0.0000000000000000                      +Infinity
 -9.40000000000000002E-002  0.26200000000000001        0.0000000000000000                      +Infinity
 -9.40000000000000002E-002  0.26600000000000001        0.0000000000000000                      +Infinity
 -9.40000000000000002E-002  0.27000000000000002        0.0000000000000000                      +Infinity
 -9.40000000000000002E-002  0.27400000000000002        0.0000000000000000                      +Infinity
 -9.40000000000000002E-002  0.27800000000000002        0.0000000000000000                      +Infinity
 -9.40000000000000002E-002  0.28199999999999997        0.0000000000000000                      +Infinity
 -9.40000000000000002E-002  0.28599999999999998        0.0000000000000000                      +Infinity
 -9.40000000000000002E-002  0.28999999999999998        0.0000000000000000                      +Infinity
 -9.40000000000000002E-002  0.29399999999999998        0.0000000000000000                      +Infinity
 -9.40000000000000002E-002  0.29799999999999999        0.0000000000000000                      +Infinity
 -9.40000000000000002E-002  0.30199999999999999        0.0000000000000000                      +Infinity
 -9.40000000000000002E-002  0.30599999999999999        0.0000000000000000                      +Infinity
 -9.40000000000000002E-002  0.31000000000000000        0.0000000000000000                      +Infinity
 -9.40000000000000002E-002  0.31400000000000000        0.0000000000000000                      +Infinity
 -9.40000000000000002E-002  0.31800000000000000        0.0000000000000000                      +Infinity
 -9.40000000000000002E-002  0.32200000000000001        0.0000000000000000                      +Infinity
 -9.40000000000000002E-002  0.32600000000000001        0.0000000000000000                      +Infinity
 -9.40000000000000002E-002  0.33000000000000002        0.0000000000000000                      +Infinity
 -9.40000000000000002E-002  0.33400000000000002        0.0000000000000000                      +Infinity
 -9.40000000000000002E-002  0.33800000000000002        0.0000000000000000                      +Infinity
 -9.40000000000000002E-002  0.34200000000000003        0.0000000000000000                      +Infinity
 -9.40000000000000002E-002  0.34599999999999997        0.0000000000000000                      +Infinity
 -9.40000000000000002E-002  0.34999999999999998        0.0000000000000000                      +Infinity
 -9.40000000000000002E-002  0.35399999999999998        0.0000000000000000                      +Infinity
 -9.40000000000000002E-002  0.35799999999999998        0.0000000000000000                      +Infinity
 -9.40000000000000002E-002  0.36199999999999999        0.0000000000000000                      +Infinity
 -9.40000000000000002E-002  0.36599999999999999        0.0000000000000000                      +Infinity
 -9.40000000000000002E-002  0.37000000000000000        0.0000000000000000                      +Infinity
 -9.40000000000000002E-002  0.37400000000000000        0.0000000000000000                      +Infinity
 -9.40000000000000002E-002  0.37800000000000000        0.0000000000000000                      +Infinity
 -9.40000000000000002E-002  0.38200000000000001        0.0000000000000000                      +Infinity
 -9.40000000000000002E-002  0.38600000000000001        0.0000000000000000                      +Infinity
 -9.40000000000000002E-002  0.39000000000000001        0.0000000000000000                      +Infinity
 -9.40000000000000002E-002  0.39400000000000002        0.0000000000000000                      +Infinity
 -9.40000000000000002E-002  0.39800000000000002        0.0000000000000000                      +Infinity
 -9.40000000000000002E-002  0.40200000000000002        0.0000000000000000                      +Infinity
 -9.40000000000000002E-002  0.40600000000000003        0.0000000000000000                      +Infinity
 -9.40000000000000002E-002  0.40999999999999998        0.0000000000000000                      +Infinity
 -9.40000000000000002E-002  0.41399999999999998        0.0000000000000000                      +Infinity
 -9.40000000000000002E-002  0.41799999999999998        0.0000000000000000                      +Infinity
 -9.40000000000000002E-002  0.42199999999999999        0.0000000000000000                      +Infinity
 -9.40000000000000002E-002  0.42599999999999999        0.0000000000000000                      +Infinity
 -9.40000000000000002E-002  0.42999999999999999        0.0000000000000000                      +Infinity
 -9.40000000000000002E-002  0.43400000000000000        0.0000000000000000                      +Infinity
 -9.40000000000000002E-002  0.43800000000000000        0.0000000000000000                      +Infinity
 -9.40000000000000002E-002  0.44200000000000000        0.0000000000000000                      +Infinity
 -9.40000000000000002E-002  0.44600000000000001        0.0000000000000000                      +Infinity
 -9.40000000000000002E-002  0.45000000000000001        0.0000000000000000                      +Infinity
 -9.40000000000000002E-002  0.45400000000000001        0.0000000000000000                      +Infinity
 -9.40000000000000002E-002  0.45800000000000002        0.0000000000000000                      +Infinity
 -9.40000000000000002E-002  0.46200000000000002        0.0000000000000000                      +Infinity
 -9.40000000000000002E-002  0.46600000000000003        0.0000000000000000                      +Infinity
 -9.40000000000000002E-002  0.46999999999999997        0.0000000000000000                      +Infinity
 -9.40000000000000002E-002  0.47399999999999998        0.0000000000000000                      +Infinity
 -9.40000000000000002E-002  0.47799999999999998        0.0000000000000000                      +Infinity
 -9.40000000000000002E-002  0.48199999999999998        0.0000000000000000                      +Infinity
 -9.40000000000000002E-002  0.48599999999999999        0.0000000000000000                      +Infinity
 -9.40000000000000002E-002  0.48999999999999999        0.0000000000000000                      +Infinity
 -9.40000000000000002E-002  0.49399999999999999        0.0000000000000000                      +Infinity
 -9.40000000000000002E-002  0.49800000000000000        0.0000000000000000                      +Infinity
 -9.40000000000000002E-002  0.50200000000000000        0.0000000000000000                      +Infinity
 -9.40000000000000002E-002  0.50600000000000001        0.0000000000000000                      +Infinity
 -9.40000000000000002E-002  0.51000000000000001        0.0000000000000000                      +Infinity
 -9.40000000000000002E-002  0.51400000000000001        0.0000000000000000                      +Infinity
 -9.40000000000000002E-002  0.51800000000000002        0.0000000000000000                      +Infinity
 -9.40000000000000002E-002  0.52200000000000002        0.0000000000000000                      +Infinity
 -9.40000000000000002E-002  0.52600000000000002        0.0000000000000000                      +Infinity
 -9.40000000000000002E-002  0.53000000000000003        0.0000000000000000                      +Infinity
 -9.40000000000000002E-002  0.53400000000000003        0.0000000000000000                      +Infinity
 -9.40000000000000002E-002  0.53800000000000003        0.0000000000000000                      +Infinity
 -9.40000000000000002E-002  0.54200000000000004        0.0000000000000000                      +Infinity
 -9.40000000000000002E-002  0.54600000000000004        0.0000000000000000                      +Infinity
 -9.40000000000000002E-002  0.55000000000000004        0.0000000000000000                      +Infinity
 -9.40000000000000002E-002  0.55400000000000005        0.0000000000000000                      +Infinity
 -9.40000000000000002E-002  0.55800000000000005        0.0000000000000000                      +Infinity
 -9.40000000000000002E-002  0.56200000000000006        0.0000000000000000                      +Infinity
 -9.40000000000000002E-002  0.56599999999999995        0.0000000000000000                      +Infinity
 -9.40000000000000002E-002  0.56999999999999995        0.0000000000000000                      +Infinity
 -9.40000000000000002E-002  0.57399999999999995        0.0000000000000000                      +Infinity
 -9.40000000000000002E-002  0.57799999999999996        0.0000000000000000                      +Infinity
 -9.40000000000000002E-002  0.58199999999999996        0.0000000000000000                      +Infinity
 -9.40000000000000002E-002  0.58599999999999997        0.0000000000000000                      +Infinity
 -9.40000000000000002E-002  0.58999999999999997        0.0000000000000000                      +Infinity
 -9.40000000000000002E-002  0.59399999999999997        0.0000000000000000                      +Infinity
 -9.40000000000000002E-002  0.59799999999999998        0.0000000000000000                      +Infinity
 -9.40000000000000002E-002  0.60199999999999998        0.0000000000000000                      +Infinity
 -9.40000000000000002E-002  0.60599999999999998        0.0000000000000000                      +Infinity
 -9.40000000000000002E-002  0.60999999999999999        0.0000000000000000                      +Infinity
 -9.40000000000000002E-002  0.61399999999999999        0.0000000000000000                      +Infinity
 -9.40000000000000002E-002  0.61799999999999999        0.0000000000000000                      +Infinity
 -9.40000000000000002E-002  0.62200000000000000        0.0000000000000000                      +Infinity
 -9.40000000000000002E-002  0.62600000000000000        0.0000000000000000                      +Infinity
 -9.40000000000000002E-002  0.63000000000000000        0.0000000000000000                      +Infinity
 -9.40000000000000002E-002  0.63400000000000001        0.0000000000000000                      +Infinity
 -9.40000000000000002E-002  0.63800000000000001        0.0000000000000000                      +Infinity
 -9.40000000000000002E-002  0.64200000000000002        0.0000000000000000                      +Infinity
 -9.40000000000000002E-002  0.64600000000000002        0.0000000000000000                      +Infinity
 -9.40000000000000002E-002  0.65000000000000002        0.0000000000000000                      +Infinity
 -9.40000000000000002E-002  0.65400000000000003        0.0000000000000000                      +Infinity
 -9.40000000000000002E-002  0.65800000000000003        0.0000000000000000                      +Infinity
 -9.40000000000000002E-002  0.66200000000000003        0.0000000000000000                      +Infinity
 -9.40000000000000002E-002  0.66600000000000004        0.0000000000000000                      +Infinity
 -9.40000000000000002E-002  0.67000000000000004        0.0000000000000000                      +Infinity
 -9.40000000000000002E-002  0.67400000000000004        0.0000000000000000                      +Infinity
 -9.40000000000000002E-002  0.67800000000000005        0.0000000000000000                      +Infinity
 -9.40000000000000002E-002  0.68200000000000005        0.0000000000000000                      +Infinity
 -9.40000000000000002E-002  0.68600000000000005        0.0000000000000000                      +Infinity
 -9.40000000000000002E-002  0.68999999999999995        0.0000000000000000                      +Infinity
 -9.40000000000000002E-002  0.69399999999999995        0.0000000000000000                      +Infinity
 -9.40000000000000002E-002  0.69799999999999995        0.0000000000000000                      +Infinity
 -9.40000000000000002E-002  0.70199999999999996        0.0000000000000000                      +Infinity
 -9.40000000000000002E-002  0.70599999999999996        0.0000000000000000                      +Infinity
 -9.40000000000000002E-002  0.70999999999999996        0.0000000000000000                      +Infinity
 -9.40000000000000002E-002  0.71399999999999997        0.0000000000000000                      +Infinity
 -9.40000000000000002E-002  0.71799999999999997        0.0000000000000000                      +Infinity
 -9.40000000000000002E-002  0.72199999999999998       3.54600000000000012E-008   17.154860536300351
 -9.40000000000000002E-002  0.72599999999999998       2.30180000000000014E-007   15.284404225406066
 -9.40000000000000002E-002  0.72999999999999998       9.52779999999999986E-007   13.863881809889694
 -9.40000000000000002E-002  0.73399999999999999       2.00794000000000012E-006   13.118401237059309
 -9.40000000000000002E-002  0.73799999999999999       3.08949999999999981E-006   12.687501292445377
 -9.40000000000000002E-002  0.74199999999999999       3.47165999999999989E-006   12.570877692228542
 -9.40000000000000002E-002  0.74600000000000000       4.89698000000000017E-006   12.226891869385577
 -9.40000000000000002E-002  0.75000000000000000       7.72816000000000056E-006   11.770639757334633
 -9.40000000000000002E-002  0.75400000000000000       8.49669999999999947E-006   11.675832705144954
 -9.40000000000000002E-002  0.75800000000000001       1.00294999999999994E-005   11.509979807681660
 -9.40000000000000002E-002  0.76200000000000001       1.43628799999999996E-005   11.150863457350018
 -9.40000000000000002E-002  0.76600000000000001       2.02206799999999997E-005   10.808804714868188
 -9.40000000000000002E-002  0.77000000000000002       2.78057600000000012E-005   10.490267364484842
 -9.40000000000000002E-002  0.77400000000000002       3.64984600000000002E-005   10.218240490046748
 -9.40000000000000002E-002  0.77800000000000002       5.27004000000000011E-005   9.8508875123129354
 -9.40000000000000002E-002  0.78200000000000003       7.36738800000000048E-005   9.5158622313563033
 -9.40000000000000002E-002  0.78600000000000003       1.10029059999999990E-004   9.1147660452435488
 -9.40000000000000002E-002  0.79000000000000004       1.72586660000000010E-004   8.6646110708302473
 -9.40000000000000002E-002  0.79400000000000004       2.66156939999999962E-004   8.2314244231641460
 -9.40000000000000002E-002  0.79800000000000004       3.91277799999999989E-004   7.8460927643210505
 -9.40000000000000002E-002  0.80200000000000005       5.83895580000000033E-004   7.4457883924927808
 -9.40000000000000002E-002  0.80600000000000005       8.81763900000000016E-004   7.0335862248668928
 -9.40000000000000002E-002  0.81000000000000005       1.33758230000000002E-003   6.6168915483768913
 -9.40000000000000002E-002  0.81399999999999995       2.06556841999999989E-003   6.1823498265247858
 -9.40000000000000002E-002  0.81799999999999995       3.18193788000000009E-003   5.7502648715701152
 -9.40000000000000002E-002  0.82199999999999995       4.91603441999999974E-003   5.3152530856755211
 -9.40000000000000002E-002  0.82599999999999996       7.53596742000000024E-003   4.8880680649658279
 -9.40000000000000002E-002  0.82999999999999996       1.13755899399999999E-002   4.4762854526328120
 -9.40000000000000002E-002  0.83399999999999996       1.69357409600000008E-002   4.0783290404956443
 -9.40000000000000002E-002  0.83799999999999997       2.46319200400000014E-002   3.7037121145490324
 -9.40000000000000002E-002  0.84199999999999997       3.49606078800000011E-002   3.3535333404741161
 -9.40000000000000002E-002  0.84599999999999997       4.80769605800000013E-002   3.0349522066435766
 -9.40000000000000002E-002  0.84999999999999998       6.35831414000000011E-002   2.7554069161009833
 -9.40000000000000002E-002  0.85399999999999998       8.01179916800000003E-002   2.5242548348990863
 -9.40000000000000002E-002  0.85799999999999998       9.56362383399999988E-002   2.3472034686167906
 -9.40000000000000002E-002  0.86199999999999999       0.10736195086000000        2.2315494347241578
 -9.40000000000000002E-002  0.86599999999999999       0.11198699770000001        2.1893725063905216
 -9.40000000000000002E-002  0.87000000000000000       0.10740532320000000        2.2311455338898294
 -9.40000000000000002E-002  0.87400000000000000       9.38285573399999934E-002   2.3662860200514966
 -9.40000000000000002E-002  0.87800000000000000       7.35539729200000020E-002   2.6097358168061784
 -9.40000000000000002E-002  0.88200000000000001       5.10781910800000016E-002   2.9743976619139385
 -9.40000000000000002E-002  0.88600000000000001       3.09546887000000034E-002   3.4752307985951867
 -9.40000000000000002E-002  0.89000000000000001       1.61672555999999995E-002   4.1247673415043451
 -9.40000000000000002E-002  0.89400000000000002       7.10777664000000059E-003   4.9465657929313585
 -9.40000000000000002E-002  0.89800000000000002       2.56820471999999987E-003   5.9645481767056943
 -9.40000000000000002E-002  0.90200000000000002       7.45306539999999952E-004   7.2017149611251892
 -9.40000000000000002E-002  0.90600000000000003       1.77745539999999997E-004   8.6351575810162533
 -9.40000000000000002E-002  0.91000000000000003       3.25726200000000019E-005   10.332038499786771
 -9.40000000000000002E-002  0.91400000000000003       3.85085999999999958E-006   12.467214057986048
 -9.40000000000000002E-002  0.91800000000000004       3.90879999999999964E-007   14.754865229436980
 -9.40000000000000002E-002  0.92200000000000004       2.26800000000000019E-008   17.601782358086858
 -9.40000000000000002E-002  0.92600000000000005        0.0000000000000000                      +Infinity
 -9.40000000000000002E-002  0.93000000000000005        0.0000000000000000                      +Infinity
 -9.40000000000000002E-002  0.93400000000000005        0.0000000000000000                      +Infinity
 -9.40000000000000002E-002  0.93799999999999994        0.0000000000000000                      +Infinity
 -9.40000000000000002E-002  0.94199999999999995        0.0000000000000000                      +Infinity
 -9.40000000000000002E-002  0.94599999999999995        0.0000000000000000                      +Infinity
 -9.40000000000000002E-002  0.94999999999999996        0.0000000000000000                      +Infinity
 -9.40000000000000002E-002  0.95399999999999996        0.0000000000000000                      +Infinity
 -9.40000000000000002E-002  0.95799999999999996        0.0000000000000000                      +Infinity
 -9.40000000000000002E-002  0.96199999999999997        0.0000000000000000                      +Infinity
 -9.40000000000000002E-002  0.96599999999999997        0.0000000000000000                      +Infinity
 -9.40000000000000002E-002  0.96999999999999997        0.0000000000000000                      +Infinity
 -9.40000000000000002E-002  0.97399999999999998        0.0000000000000000                      +Infinity
 -9.40000000000000002E-002  0.97799999999999998        0.0000000000000000                      +Infinity
 -9.40000000000000002E-002  0.98199999999999998        0.0000000000000000                      +Infinity
 -9.40000000000000002E-002  0.98599999999999999        0.0000000000000000                      +Infinity
 -9.40000000000000002E-002  0.98999999999999999        0.0000000000000000                      +Infinity
 -9.40000000000000002E-002  0.99399999999999999        0.0000000000000000                      +Infinity
 -9.40000000000000002E-002  0.99800000000000000        0.0000000000000000                      +Infinity
