 -2.00000000000000004E-003 -0.99800000000000000        0.0000000000000000                      +Infinity
 -2.00000000000000004E-003 -0.99399999999999999        0.0000000000000000                      +Infinity
 -2.00000000000000004E-003 -0.98999999999999999        0.0000000000000000                      +Infinity
 -2.00000000000000004E-003 -0.98599999999999999        0.0000000000000000                      +Infinity
 -2.00000000000000004E-003 -0.98199999999999998        0.0000000000000000                      +Infinity
 -2.00000000000000004E-003 -0.97799999999999998        0.0000000000000000                      +Infinity
 -2.00000000000000004E-003 -0.97399999999999998        0.0000000000000000                      +Infinity
 -2.00000000000000004E-003 -0.96999999999999997        0.0000000000000000                      +Infinity
 -2.00000000000000004E-003 -0.96599999999999997        0.0000000000000000                      +Infinity
 -2.00000000000000004E-003 -0.96199999999999997        0.0000000000000000                      +Infinity
 -2.00000000000000004E-003 -0.95799999999999996        0.0000000000000000                      +Infinity
 -2.00000000000000004E-003 -0.95399999999999996        0.0000000000000000                      +Infinity
 -2.00000000000000004E-003 -0.94999999999999996        0.0000000000000000                      +Infinity
 -2.00000000000000004E-003 -0.94599999999999995        0.0000000000000000                      +Infinity
 -2.00000000000000004E-003 -0.94199999999999995        0.0000000000000000                      +Infinity
 -2.00000000000000004E-003 -0.93799999999999994        0.0000000000000000                      +Infinity
 -2.00000000000000004E-003 -0.93400000000000005        0.0000000000000000                      +Infinity
 -2.00000000000000004E-003 -0.93000000000000005        0.0000000000000000                      +Infinity
 -2.00000000000000004E-003 -0.92600000000000005        0.0000000000000000                      +Infinity
 -2.00000000000000004E-003 -0.92200000000000004        0.0000000000000000                      +Infinity
 -2.00000000000000004E-003 -0.91800000000000004        0.0000000000000000                      +Infinity
 -2.00000000000000004E-003 -0.91400000000000003        0.0000000000000000                      +Infinity
 -2.00000000000000004E-003 -0.91000000000000003        0.0000000000000000                      +Infinity
 -2.00000000000000004E-003 -0.90600000000000003        0.0000000000000000                      +Infinity
 -2.00000000000000004E-003 -0.90200000000000002        0.0000000000000000                      +Infinity
 -2.00000000000000004E-003 -0.89800000000000002        0.0000000000000000                      +Infinity
 -2.00000000000000004E-003 -0.89400000000000002        0.0000000000000000                      +Infinity
 -2.00000000000000004E-003 -0.89000000000000001        0.0000000000000000                      +Infinity
 -2.00000000000000004E-003 -0.88600000000000001        0.0000000000000000                      +Infinity
 -2.00000000000000004E-003 -0.88200000000000001        0.0000000000000000                      +Infinity
 -2.00000000000000004E-003 -0.87800000000000000        0.0000000000000000                      +Infinity
 -2.00000000000000004E-003 -0.87400000000000000        0.0000000000000000                      +Infinity
 -2.00000000000000004E-003 -0.87000000000000000        0.0000000000000000                      +Infinity
 -2.00000000000000004E-003 -0.86599999999999999        0.0000000000000000                      +Infinity
 -2.00000000000000004E-003 -0.86199999999999999        0.0000000000000000                      +Infinity
 -2.00000000000000004E-003 -0.85799999999999998        0.0000000000000000                      +Infinity
 -2.00000000000000004E-003 -0.85399999999999998        0.0000000000000000                      +Infinity
 -2.00000000000000004E-003 -0.84999999999999998        0.0000000000000000                      +Infinity
 -2.00000000000000004E-003 -0.84599999999999997        0.0000000000000000                      +Infinity
 -2.00000000000000004E-003 -0.84199999999999997        0.0000000000000000                      +Infinity
 -2.00000000000000004E-003 -0.83799999999999997        0.0000000000000000                      +Infinity
 -2.00000000000000004E-003 -0.83399999999999996        0.0000000000000000                      +Infinity
 -2.00000000000000004E-003 -0.82999999999999996        0.0000000000000000                      +Infinity
 -2.00000000000000004E-003 -0.82599999999999996        0.0000000000000000                      +Infinity
 -2.00000000000000004E-003 -0.82199999999999995        0.0000000000000000                      +Infinity
 -2.00000000000000004E-003 -0.81799999999999995        0.0000000000000000                      +Infinity
 -2.00000000000000004E-003 -0.81399999999999995        0.0000000000000000                      +Infinity
 -2.00000000000000004E-003 -0.81000000000000005        0.0000000000000000                      +Infinity
 -2.00000000000000004E-003 -0.80600000000000005        0.0000000000000000                      +Infinity
 -2.00000000000000004E-003 -0.80200000000000005        0.0000000000000000                      +Infinity
 -2.00000000000000004E-003 -0.79800000000000004        0.0000000000000000                      +Infinity
 -2.00000000000000004E-003 -0.79400000000000004        0.0000000000000000                      +Infinity
 -2.00000000000000004E-003 -0.79000000000000004        0.0000000000000000                      +Infinity
 -2.00000000000000004E-003 -0.78600000000000003       3.99999999999999976E-011   23.942141661814613
 -2.00000000000000004E-003 -0.78200000000000003       6.27600000000000008E-008   16.583947909081580
 -2.00000000000000004E-003 -0.77800000000000002       1.77600000000000002E-007   15.543732006388341
 -2.00000000000000004E-003 -0.77400000000000002       3.33960000000000007E-007   14.912244611620611
 -2.00000000000000004E-003 -0.77000000000000002       5.93939999999999983E-007   14.336487532786640
 -2.00000000000000004E-003 -0.76600000000000001       9.99999999999999955E-007   13.815510557964274
 -2.00000000000000004E-003 -0.76200000000000001       1.46155999999999986E-006   13.436006199525851
 -2.00000000000000004E-003 -0.75800000000000001       1.94119999999999973E-006   13.152204219415351
 -2.00000000000000004E-003 -0.75400000000000000       2.81678000000000016E-006   12.779916169386384
 -2.00000000000000004E-003 -0.75000000000000000       4.12874000000000022E-006   12.397538282284915
 -2.00000000000000004E-003 -0.74600000000000000       6.46780000000000015E-006   11.948674538186985
 -2.00000000000000004E-003 -0.74199999999999999       8.94625999999999996E-006   11.624274990107446
 -2.00000000000000004E-003 -0.73799999999999999       1.15414199999999990E-005   11.369568254194418
 -2.00000000000000004E-003 -0.73399999999999999       1.55267800000000004E-005   11.072944282932756
 -2.00000000000000004E-003 -0.72999999999999998       1.95141600000000009E-005   10.844370202070559
 -2.00000000000000004E-003 -0.72599999999999998       2.54883599999999987E-005   10.577288680602543
 -2.00000000000000004E-003 -0.72199999999999998       3.18808199999999961E-005   10.353505982917593
 -2.00000000000000004E-003 -0.71799999999999997       4.09104599999999979E-005   10.104124781891610
 -2.00000000000000004E-003 -0.71399999999999997       5.09283599999999957E-005   9.8850906186465046
 -2.00000000000000004E-003 -0.70999999999999996       6.55895999999999996E-005   9.6320934111678493
 -2.00000000000000004E-003 -0.70599999999999996       8.19785400000000040E-005   9.4090530522684297
 -2.00000000000000004E-003 -0.70199999999999996       1.01363620000000015E-004   9.1967963083034157
 -2.00000000000000004E-003 -0.69799999999999995       1.22131740000000011E-004   9.0104102597690350
 -2.00000000000000004E-003 -0.69399999999999995       1.45978880000000011E-004   8.8320486042540942
 -2.00000000000000004E-003 -0.68999999999999995       1.74927559999999999E-004   8.6511386125958971
 -2.00000000000000004E-003 -0.68600000000000005       2.09917840000000007E-004   8.4687943418956344
 -2.00000000000000004E-003 -0.68200000000000005       2.48747899999999991E-004   8.2990706241722627
 -2.00000000000000004E-003 -0.67800000000000005       2.84501700000000014E-004   8.1647713290203097
 -2.00000000000000004E-003 -0.67400000000000004       3.25498800000000022E-004   8.0301517829583897
 -2.00000000000000004E-003 -0.67000000000000004       3.68184940000000009E-004   7.9069251916856604
 -2.00000000000000004E-003 -0.66600000000000004       4.14638340000000047E-004   7.7881038875637287
 -2.00000000000000004E-003 -0.66200000000000003       4.67021220000000015E-004   7.6691358623555326
 -2.00000000000000004E-003 -0.65800000000000003       5.12675020000000008E-004   7.5758684028113716
 -2.00000000000000004E-003 -0.65400000000000003       5.74070639999999920E-004   7.4627581030146413
 -2.00000000000000004E-003 -0.65000000000000002       6.42563640000000011E-004   7.3500446955164271
 -2.00000000000000004E-003 -0.64600000000000002       7.03581959999999957E-004   7.2593261849975068
 -2.00000000000000004E-003 -0.64200000000000002       7.68348199999999929E-004   7.1712675421480485
 -2.00000000000000004E-003 -0.63800000000000001       8.32051359999999964E-004   7.0916163882791006
 -2.00000000000000004E-003 -0.63400000000000001       8.94340200000000047E-004   7.0194243182638161
 -2.00000000000000004E-003 -0.63000000000000000       9.62620560000000008E-004   6.9458512425034984
 -2.00000000000000004E-003 -0.62600000000000000       1.02209768000000012E-003   6.8858982144684306
 -2.00000000000000004E-003 -0.62200000000000000       1.09630405999999996E-003   6.8158107019247707
 -2.00000000000000004E-003 -0.61799999999999999       1.16913257999999988E-003   6.7514931897493407
 -2.00000000000000004E-003 -0.61399999999999999       1.23878990000000000E-003   6.6936202629498025
 -2.00000000000000004E-003 -0.60999999999999999       1.31032223999999996E-003   6.6374821872855367
 -2.00000000000000004E-003 -0.60599999999999998       1.38326510000000009E-003   6.5833085599253769
 -2.00000000000000004E-003 -0.60199999999999998       1.45434449999999995E-003   6.5331999953351803
 -2.00000000000000004E-003 -0.59799999999999998       1.52624262000000004E-003   6.4849463679318857
 -2.00000000000000004E-003 -0.59399999999999997       1.59676814000000002E-003   6.4397736050109362
 -2.00000000000000004E-003 -0.58999999999999997       1.66471161999999983E-003   6.3981033717519917
 -2.00000000000000004E-003 -0.58599999999999997       1.74778200000000002E-003   6.3494077234850357
 -2.00000000000000004E-003 -0.58199999999999996       1.81455611999999989E-003   6.3119144031589522
 -2.00000000000000004E-003 -0.57799999999999996       1.88547558000000002E-003   6.2735751928214913
 -2.00000000000000004E-003 -0.57399999999999995       1.95093789999999990E-003   6.2394450476785988
 -2.00000000000000004E-003 -0.56999999999999995       2.00962316000000011E-003   6.2098080570752741
 -2.00000000000000004E-003 -0.56599999999999995       2.07801124000000018E-003   6.1763439772725697
 -2.00000000000000004E-003 -0.56200000000000006       2.13250766000000003E-003   6.1504566865767556
 -2.00000000000000004E-003 -0.55800000000000005       2.19502227999999978E-003   6.1215630821648315
 -2.00000000000000004E-003 -0.55400000000000005       2.25881844000000009E-003   6.0929134165722099
 -2.00000000000000004E-003 -0.55000000000000004       2.33554373999999990E-003   6.0595105498737851
 -2.00000000000000004E-003 -0.54600000000000004       2.41168784000000015E-003   6.0274284280614552
 -2.00000000000000004E-003 -0.54200000000000004       2.46358158000000013E-003   6.0061390610424645
 -2.00000000000000004E-003 -0.53800000000000003       2.51222116000000004E-003   5.9865879928503274
 -2.00000000000000004E-003 -0.53400000000000003       2.57042749999999987E-003   5.9636830514959227
 -2.00000000000000004E-003 -0.53000000000000003       2.61948870000000035E-003   5.9447761329256474
 -2.00000000000000004E-003 -0.52600000000000002       2.65264629999999993E-003   5.9321975334834791
 -2.00000000000000004E-003 -0.52200000000000002       2.69769334000000008E-003   5.9153581896284155
 -2.00000000000000004E-003 -0.51800000000000002       2.74880320000000025E-003   5.8965896620306619
 -2.00000000000000004E-003 -0.51400000000000001       2.78222449999999998E-003   5.8845044913966982
 -2.00000000000000004E-003 -0.51000000000000001       2.81558686000000016E-003   5.8725845630972744
 -2.00000000000000004E-003 -0.50600000000000001       2.84770801999999993E-003   5.8612408117554677
 -2.00000000000000004E-003 -0.50200000000000000       2.88102178000000002E-003   5.8496102630332780
 -2.00000000000000004E-003 -0.49800000000000000       2.93272742000000005E-003   5.8318224288664586
 -2.00000000000000004E-003 -0.49399999999999999       2.96519896000000012E-003   5.8208111459169656
 -2.00000000000000004E-003 -0.48999999999999999       2.99248640000000007E-003   5.8116506652375444
 -2.00000000000000004E-003 -0.48599999999999999       3.03579028000000020E-003   5.7972834995685902
 -2.00000000000000004E-003 -0.48199999999999998       3.07024444000000016E-003   5.7859980984028692
 -2.00000000000000004E-003 -0.47799999999999998       3.07531080000000021E-003   5.7843493096604730
 -2.00000000000000004E-003 -0.47399999999999998       3.09779937999999982E-003   5.7770632969926723
 -2.00000000000000004E-003 -0.46999999999999997       3.09329176000000018E-003   5.7785194605976224
 -2.00000000000000004E-003 -0.46600000000000003       3.12175359999999989E-003   5.7693603837703575
 -2.00000000000000004E-003 -0.46200000000000002       3.14636974000000007E-003   5.7615059542333737
 -2.00000000000000004E-003 -0.45800000000000002       3.18671513999999999E-003   5.7487646294055565
 -2.00000000000000004E-003 -0.45400000000000001       3.21066497999999978E-003   5.7412772044161455
 -2.00000000000000004E-003 -0.45000000000000001       3.21061445999999999E-003   5.7412929395980425
 -2.00000000000000004E-003 -0.44600000000000001       3.23220067999999963E-003   5.7345920486667321
 -2.00000000000000004E-003 -0.44200000000000000       3.26622691999999991E-003   5.7241198073618422
 -2.00000000000000004E-003 -0.43800000000000000       3.26983085999999964E-003   5.7230170201813895
 -2.00000000000000004E-003 -0.43400000000000000       3.29012018000000026E-003   5.7168311859966394
 -2.00000000000000004E-003 -0.42999999999999999       3.31361301999999946E-003   5.7097161380694477
 -2.00000000000000004E-003 -0.42599999999999999       3.30112379999999983E-003   5.7134923230275989
 -2.00000000000000004E-003 -0.42199999999999999       3.30184666000000017E-003   5.7132733730846104
 -2.00000000000000004E-003 -0.41799999999999998       3.32580736000000037E-003   5.7060428193115253
 -2.00000000000000004E-003 -0.41399999999999998       3.33390713999999998E-003   5.7036103474709350
 -2.00000000000000004E-003 -0.40999999999999998       3.34105307999999976E-003   5.7014692282748776
 -2.00000000000000004E-003 -0.40600000000000003       3.34965163999999954E-003   5.6988989266119967
 -2.00000000000000004E-003 -0.40200000000000002       3.35561522000000015E-003   5.6971201513009069
 -2.00000000000000004E-003 -0.39800000000000002       3.37625450000000014E-003   5.6909883200186480
 -2.00000000000000004E-003 -0.39400000000000002       3.37840238000000018E-003   5.6903523498692969
 -2.00000000000000004E-003 -0.39000000000000001       3.37351377999999978E-003   5.6918004131267166
 -2.00000000000000004E-003 -0.38600000000000001       3.37684637999999997E-003   5.6908130286933645
 -2.00000000000000004E-003 -0.38200000000000001       3.41740718000000006E-003   5.6788731499398422
 -2.00000000000000004E-003 -0.37800000000000000       3.45740401999999978E-003   5.6672372547528296
 -2.00000000000000004E-003 -0.37400000000000000       3.48113573999999986E-003   5.6603966763713043
 -2.00000000000000004E-003 -0.37000000000000000       3.50488632000000005E-003   5.6535971926877577
 -2.00000000000000004E-003 -0.36599999999999999       3.50253928000000001E-003   5.6542670649694600
 -2.00000000000000004E-003 -0.36199999999999999       3.49564286000000023E-003   5.6562379831577765
 -2.00000000000000004E-003 -0.35799999999999998       3.50149901999999985E-003   5.6545641107487921
 -2.00000000000000004E-003 -0.35399999999999998       3.53491947999999990E-003   5.6450647578279582
 -2.00000000000000004E-003 -0.34999999999999998       3.55674294000000004E-003   5.6389100573931454
 -2.00000000000000004E-003 -0.34599999999999997       3.55397922000000007E-003   5.6396873961998040
 -2.00000000000000004E-003 -0.34200000000000003       3.56795875999999998E-003   5.6357616226271361
 -2.00000000000000004E-003 -0.33800000000000002       3.56846897999999997E-003   5.6356186323189714
 -2.00000000000000004E-003 -0.33400000000000002       3.56115712000000008E-003   5.6376697532223448
 -2.00000000000000004E-003 -0.33000000000000002       3.55785585999999999E-003   5.6385972020824351
 -2.00000000000000004E-003 -0.32600000000000001       3.56807584000000009E-003   5.6357288088848900
 -2.00000000000000004E-003 -0.32200000000000001       3.57779638000000006E-003   5.6330082044026284
 -2.00000000000000004E-003 -0.31800000000000000       3.57659238000000018E-003   5.6333447810276223
 -2.00000000000000004E-003 -0.31400000000000000       3.58142423999999963E-003   5.6319947252816212
 -2.00000000000000004E-003 -0.31000000000000000       3.57769303999999969E-003   5.6330370885205250
 -2.00000000000000004E-003 -0.30599999999999999       3.59012547999999982E-003   5.6295681244465392
 -2.00000000000000004E-003 -0.30199999999999999       3.60246548000000026E-003   5.6261368123710662
 -2.00000000000000004E-003 -0.29799999999999999       3.62159562000000015E-003   5.6208405712534617
 -2.00000000000000004E-003 -0.29399999999999998       3.62340600000000002E-003   5.6203408115204390
 -2.00000000000000004E-003 -0.28999999999999998       3.62142679999999991E-003   5.6208871871522517
 -2.00000000000000004E-003 -0.28599999999999998       3.61920884000000017E-003   5.6214998295167202
 -2.00000000000000004E-003 -0.28199999999999997       3.62368971999999998E-003   5.6202625125683880
 -2.00000000000000004E-003 -0.27800000000000002       3.61168988000000035E-003   5.6235795053637050
 -2.00000000000000004E-003 -0.27400000000000002       3.61371770000000004E-003   5.6230182027573710
 -2.00000000000000004E-003 -0.27000000000000002       3.62591803999999995E-003   5.6196477703246854
 -2.00000000000000004E-003 -0.26600000000000001       3.63155035999999974E-003   5.6180956254663599
 -2.00000000000000004E-003 -0.26200000000000001       3.60809662000000000E-003   5.6245748977611632
 -2.00000000000000004E-003 -0.25800000000000001       3.59714493999999975E-003   5.6276148203904404
 -2.00000000000000004E-003 -0.25400000000000000       3.59941189999999972E-003   5.6269848079760640
 -2.00000000000000004E-003 -0.25000000000000000       3.59911633999999980E-003   5.6270669247616931
 -2.00000000000000004E-003 -0.24600000000000000       3.59692664000000033E-003   5.6276755092500483
 -2.00000000000000004E-003 -0.24199999999999999       3.59810062000000047E-003   5.6273491783084149
 -2.00000000000000004E-003 -0.23799999999999999       3.59298747999999999E-003   5.6287712554101246
 -2.00000000000000004E-003 -0.23400000000000001       3.60181820000000019E-003   5.6263165054621469
 -2.00000000000000004E-003 -0.23000000000000001       3.57618409999999965E-003   5.6334589408931190
 -2.00000000000000004E-003 -0.22600000000000001       3.55484986000000015E-003   5.6394424500927718
 -2.00000000000000004E-003 -0.22200000000000000       3.55879300000000020E-003   5.6383338365507498
 -2.00000000000000004E-003 -0.21800000000000000       3.55646091999999980E-003   5.6389893521823007
 -2.00000000000000004E-003 -0.21400000000000000       3.54554154000000015E-003   5.6420643690288097
 -2.00000000000000004E-003 -0.20999999999999999       3.53224912000000028E-003   5.6458204664513767
 -2.00000000000000004E-003 -0.20599999999999999       3.52889812000000032E-003   5.6467696040738256
 -2.00000000000000004E-003 -0.20200000000000001       3.53233606000000026E-003   5.6457958535412658
 -2.00000000000000004E-003 -0.19800000000000001       3.52808380000000027E-003   5.6470003882852193
 -2.00000000000000004E-003 -0.19400000000000001       3.53230762000000028E-003   5.6458039049027464
 -2.00000000000000004E-003 -0.19000000000000000       3.54652993999999980E-003   5.6417856352317273
 -2.00000000000000004E-003 -0.18600000000000000       3.53398242000000024E-003   5.6453298796301121
 -2.00000000000000004E-003 -0.18200000000000000       3.53897610000000013E-003   5.6439178309617617
 -2.00000000000000004E-003 -0.17799999999999999       3.53635561999999983E-003   5.6446585679967223
 -2.00000000000000004E-003 -0.17399999999999999       3.52796838000000003E-003   5.6470331034627907
 -2.00000000000000004E-003 -0.17000000000000001       3.51903972000000001E-003   5.6495671334088620
 -2.00000000000000004E-003 -0.16600000000000001       3.51438041999999973E-003   5.6508920366817570
 -2.00000000000000004E-003 -0.16200000000000001       3.51706321999999995E-003   5.6501289501045084
 -2.00000000000000004E-003 -0.15800000000000000       3.52200473999999967E-003   5.6487249230827929
 -2.00000000000000004E-003 -0.15400000000000000       3.51868565999999966E-003   5.6496677511457536
 -2.00000000000000004E-003 -0.14999999999999999       3.52223339999999975E-003   5.6486600019385795
 -2.00000000000000004E-003 -0.14599999999999999       3.51907178000000027E-003   5.6495580230104263
 -2.00000000000000004E-003 -0.14199999999999999       3.50984150000000026E-003   5.6521843992191139
 -2.00000000000000004E-003 -0.13800000000000001       3.50508897999999994E-003   5.6535393722272325
 -2.00000000000000004E-003 -0.13400000000000001       3.51616471999999973E-003   5.6503844515648769
 -2.00000000000000004E-003 -0.13000000000000000       3.50983862000000006E-003   5.6521852197693239
 -2.00000000000000004E-003 -0.12600000000000000       3.49718009999999994E-003   5.6557983209402272
 -2.00000000000000004E-003 -0.12200000000000000       3.49202104000000037E-003   5.6572746158224740
 -2.00000000000000004E-003 -0.11799999999999999       3.48419227999999985E-003   5.6595190320773332
 -2.00000000000000004E-003 -0.11400000000000000       3.48796614000000020E-003   5.6584364805513303
 -2.00000000000000004E-003 -0.11000000000000000       3.49218819999999944E-003   5.6572267478407783
 -2.00000000000000004E-003 -0.10600000000000000       3.46212578000000028E-003   5.6658724912878649
 -2.00000000000000004E-003 -0.10199999999999999       3.44719944000000016E-003   5.6701931341133438
 -2.00000000000000004E-003 -9.80000000000000038E-002  3.43490644000000013E-003   5.6737655909422298
 -2.00000000000000004E-003 -9.40000000000000002E-002  3.42088091999999963E-003   5.6778571821280162
 -2.00000000000000004E-003 -8.99999999999999967E-002  3.41420820000000024E-003   5.6798096722865710
 -2.00000000000000004E-003 -8.59999999999999931E-002  3.42018968000000001E-003   5.6780592674572787
 -2.00000000000000004E-003 -8.20000000000000034E-002  3.43201561999999976E-003   5.6746075460847267
 -2.00000000000000004E-003 -7.79999999999999999E-002  3.42970531999999993E-003   5.6752809340314254
 -2.00000000000000004E-003 -7.39999999999999963E-002  3.42267579999999986E-003   5.6773326361603011
 -2.00000000000000004E-003 -7.00000000000000067E-002  3.39466519999999990E-003   5.6855501384455094
 -2.00000000000000004E-003 -6.60000000000000031E-002  3.38901878000000007E-003   5.6872148449149194
 -2.00000000000000004E-003 -6.19999999999999996E-002  3.39163457999999999E-003   5.6864432968085987
 -2.00000000000000004E-003 -5.80000000000000029E-002  3.39296167999999978E-003   5.6860520870840796
 -2.00000000000000004E-003 -5.39999999999999994E-002  3.39628161999999982E-003   5.6850740869983785
 -2.00000000000000004E-003 -5.00000000000000028E-002  3.41184762000000053E-003   5.6805013103734394
 -2.00000000000000004E-003 -4.59999999999999992E-002  3.41411859999999961E-003   5.6798359159045555
 -2.00000000000000004E-003 -4.20000000000000026E-002  3.40901489999999958E-003   5.6813319150527022
 -2.00000000000000004E-003 -3.79999999999999991E-002  3.41727100000000037E-003   5.6789129996581265
 -2.00000000000000004E-003 -3.40000000000000024E-002  3.42747979999999961E-003   5.6759300400535597
 -2.00000000000000004E-003 -2.99999999999999989E-002  3.43023514000000010E-003   5.6751264662181420
 -2.00000000000000004E-003 -2.59999999999999988E-002  3.41708763999999969E-003   5.6789666579484512
 -2.00000000000000004E-003 -2.19999999999999987E-002  3.41739720000000004E-003   5.6788760702867744
 -2.00000000000000004E-003 -1.79999999999999986E-002  3.42207512000000007E-003   5.6775081516782686
 -2.00000000000000004E-003 -1.40000000000000003E-002  3.41653305999999957E-003   5.6791289672206702
 -2.00000000000000004E-003 -1.00000000000000002E-002  3.41806588000000047E-003   5.6786804200449961
 -2.00000000000000004E-003 -6.00000000000000012E-003  3.40167843999999997E-003   5.6834863103459226
 -2.00000000000000004E-003 -2.00000000000000004E-003  3.40069481999999944E-003   5.6837755094149118
 -2.00000000000000004E-003  2.00000000000000004E-003  3.39318385999999974E-003   5.6859866066139748
 -2.00000000000000004E-003  6.00000000000000012E-003  3.38596391999999987E-003   5.6881166509688397
 -2.00000000000000004E-003  1.00000000000000002E-002  3.38644529999999975E-003   5.6879744918094701
 -2.00000000000000004E-003  1.40000000000000003E-002  3.38033560000000014E-003   5.6897802844753009
 -2.00000000000000004E-003  1.79999999999999986E-002  3.37981995999999969E-003   5.6899328371780973
 -2.00000000000000004E-003  2.19999999999999987E-002  3.37945802000000003E-003   5.6900399314569290
 -2.00000000000000004E-003  2.59999999999999988E-002  3.39134224000000022E-003   5.6865294949507827
 -2.00000000000000004E-003  2.99999999999999989E-002  3.39330161999999973E-003   5.6859519023475737
 -2.00000000000000004E-003  3.40000000000000024E-002  3.38528481999999988E-003   5.6883172343555533
 -2.00000000000000004E-003  3.79999999999999991E-002  3.38478574000000004E-003   5.6884646715193119
 -2.00000000000000004E-003  4.20000000000000026E-002  3.38309653999999951E-003   5.6889638527890769
 -2.00000000000000004E-003  4.59999999999999992E-002  3.38949057999999963E-003   5.6870756402680849
 -2.00000000000000004E-003  5.00000000000000028E-002  3.38582111999999975E-003   5.6881588259638161
 -2.00000000000000004E-003  5.39999999999999994E-002  3.37775275999999992E-003   5.6905446545125571
 -2.00000000000000004E-003  5.80000000000000029E-002  3.37787738000000027E-003   5.6905077608409282
 -2.00000000000000004E-003  6.19999999999999996E-002  3.37839918000000039E-003   5.6903532970630160
 -2.00000000000000004E-003  6.60000000000000031E-002  3.37480713999999994E-003   5.6914170999941112
 -2.00000000000000004E-003  7.00000000000000067E-002  3.38719833999999963E-003   5.6877521476640958
 -2.00000000000000004E-003  7.39999999999999963E-002  3.40146829999999961E-003   5.6835480876404887
 -2.00000000000000004E-003  7.79999999999999999E-002  3.39818948000000006E-003   5.6845124950739843
 -2.00000000000000004E-003  8.20000000000000034E-002  3.39193532000000046E-003   5.6863546296305110
 -2.00000000000000004E-003  8.59999999999999931E-002  3.40496408000000002E-003   5.6825208886286687
 -2.00000000000000004E-003  8.99999999999999967E-002  3.40416998000000028E-003   5.6827541341475856
 -2.00000000000000004E-003  9.40000000000000002E-002  3.39719223999999974E-003   5.6848060002951035
 -2.00000000000000004E-003  9.80000000000000038E-002  3.41111751999999963E-003   5.6807153228996086
 -2.00000000000000004E-003  0.10199999999999999       3.39374541999999972E-003   5.6858211238225342
 -2.00000000000000004E-003  0.10600000000000000       3.37907864000000025E-003   5.6901521983630605
 -2.00000000000000004E-003  0.11000000000000000       3.37583335999999982E-003   5.6911130636562541
 -2.00000000000000004E-003  0.11400000000000000       3.37808040000000045E-003   5.6904476598140503
 -2.00000000000000004E-003  0.11799999999999999       3.38299871999999963E-003   5.6889927675460372
 -2.00000000000000004E-003  0.12200000000000000       3.36944647999999972E-003   5.6930067973664134
 -2.00000000000000004E-003  0.12600000000000000       3.36713975999999989E-003   5.6936916309031558
 -2.00000000000000004E-003  0.13000000000000000       3.35632960000000011E-003   5.6969072830423455
 -2.00000000000000004E-003  0.13400000000000001       3.35746836000000003E-003   5.6965680532896164
 -2.00000000000000004E-003  0.13800000000000001       3.35602408000000010E-003   5.6969983151943371
 -2.00000000000000004E-003  0.14199999999999999       3.36447055999999998E-003   5.6944846655599477
 -2.00000000000000004E-003  0.14599999999999999       3.37332960000000020E-003   5.6918550105109071
 -2.00000000000000004E-003  0.14999999999999999       3.37513051999999971E-003   5.6913212828128170
 -2.00000000000000004E-003  0.15400000000000000       3.37777119999999997E-003   5.6905391952764974
 -2.00000000000000004E-003  0.15800000000000000       3.38440653999999997E-003   5.6885767085200971
 -2.00000000000000004E-003  0.16200000000000001       3.37116777999999949E-003   5.6924960723876445
 -2.00000000000000004E-003  0.16600000000000001       3.38235578000000044E-003   5.6891828359310530
 -2.00000000000000004E-003  0.17000000000000001       3.39143291999999957E-003   5.6865027566326560
 -2.00000000000000004E-003  0.17399999999999999       3.37824716000000025E-003   5.6903982957183779
 -2.00000000000000004E-003  0.17799999999999999       3.37611751999999975E-003   5.6910288924277550
 -2.00000000000000004E-003  0.18200000000000000       3.40201596000000005E-003   5.6833870936614463
 -2.00000000000000004E-003  0.18600000000000000       3.39787462000000050E-003   5.6846051545885485
 -2.00000000000000004E-003  0.19000000000000000       3.39270324000000029E-003   5.6861282594277398
 -2.00000000000000004E-003  0.19400000000000001       3.41127054000000011E-003   5.6806704647066475
 -2.00000000000000004E-003  0.19800000000000001       3.41907276000000043E-003   5.6783858874750734
 -2.00000000000000004E-003  0.20200000000000001       3.42243571999999987E-003   5.6774027825704501
 -2.00000000000000004E-003  0.20599999999999999       3.42628977999999982E-003   5.6762773000534965
 -2.00000000000000004E-003  0.20999999999999999       3.41795329999999972E-003   5.6787133573428727
 -2.00000000000000004E-003  0.21400000000000000       3.41770854000000021E-003   5.6787849700135498
 -2.00000000000000004E-003  0.21800000000000000       3.42629584000000032E-003   5.6762755313780398
 -2.00000000000000004E-003  0.22200000000000000       3.41830586000000042E-003   5.6786102132132950
 -2.00000000000000004E-003  0.22600000000000001       3.42085688000000028E-003   5.6778642095823573
 -2.00000000000000004E-003  0.23000000000000001       3.41863778000000033E-003   5.6785131171956191
 -2.00000000000000004E-003  0.23400000000000001       3.40602665999999990E-003   5.6822088694087975
 -2.00000000000000004E-003  0.23799999999999999       3.41780350000000024E-003   5.6787571857014312
 -2.00000000000000004E-003  0.24199999999999999       3.42331211999999992E-003   5.6771467404183662
 -2.00000000000000004E-003  0.24600000000000000       3.41448701999999982E-003   5.6797280110054125
 -2.00000000000000004E-003  0.25000000000000000       3.41726620000000047E-003   5.6789144042887134
 -2.00000000000000004E-003  0.25400000000000000       3.43482083999999957E-003   5.6737905118732987
 -2.00000000000000004E-003  0.25800000000000001       3.42273660000000021E-003   5.6773148724387168
 -2.00000000000000004E-003  0.26200000000000001       3.43995198000000011E-003   5.6722977669965875
 -2.00000000000000004E-003  0.26600000000000001       3.45603395999999992E-003   5.6676336016997180
 -2.00000000000000004E-003  0.27000000000000002       3.46369314000000020E-003   5.6654198776562170
 -2.00000000000000004E-003  0.27400000000000002       3.47757173999999969E-003   5.6614210046167059
 -2.00000000000000004E-003  0.27800000000000002       3.49223188000000011E-003   5.6572142400020455
 -2.00000000000000004E-003  0.28199999999999997       3.49074578000000031E-003   5.6576398750519612
 -2.00000000000000004E-003  0.28599999999999998       3.50152088000000054E-003   5.6545578677278350
 -2.00000000000000004E-003  0.28999999999999998       3.48796704000000008E-003   5.6584362225213356
 -2.00000000000000004E-003  0.29399999999999998       3.48904294000000007E-003   5.6581278096018721
 -2.00000000000000004E-003  0.29799999999999999       3.48262867999999965E-003   5.6599679025263461
 -2.00000000000000004E-003  0.30199999999999999       3.49826235999999968E-003   5.6554889023395241
 -2.00000000000000004E-003  0.30599999999999999       3.48228068000000024E-003   5.6600678320393669
 -2.00000000000000004E-003  0.31000000000000000       3.48638315999999981E-003   5.6588904239829221
 -2.00000000000000004E-003  0.31400000000000000       3.49756191999999952E-003   5.6556891475070143
 -2.00000000000000004E-003  0.31800000000000000       3.48948061999999979E-003   5.6580023733267604
 -2.00000000000000004E-003  0.32200000000000001       3.48631994000000002E-003   5.6589085575529579
 -2.00000000000000004E-003  0.32600000000000001       3.48958372000000025E-003   5.6579728278189432
 -2.00000000000000004E-003  0.33000000000000002       3.49037592000000021E-003   5.6577458351014318
 -2.00000000000000004E-003  0.33400000000000002       3.50273052000000000E-003   5.6542124660730551
 -2.00000000000000004E-003  0.33800000000000002       3.50322815999999995E-003   5.6540704041444698
 -2.00000000000000004E-003  0.34200000000000003       3.51150998000000032E-003   5.6517091402789630
 -2.00000000000000004E-003  0.34599999999999997       3.49325485999999949E-003   5.6569213527501221
 -2.00000000000000004E-003  0.34999999999999998       3.47554533999999997E-003   5.6620038799038781
 -2.00000000000000004E-003  0.35399999999999998       3.47568375999999981E-003   5.6619640538535414
 -2.00000000000000004E-003  0.35799999999999998       3.45449010000000020E-003   5.6680804158667133
 -2.00000000000000004E-003  0.36199999999999999       3.43823294000000041E-003   5.6727976198082777
 -2.00000000000000004E-003  0.36599999999999999       3.42566661999999965E-003   5.6764591926299630
 -2.00000000000000004E-003  0.37000000000000000       3.42775486000000034E-003   5.6758497918888242
 -2.00000000000000004E-003  0.37400000000000000       3.44184961999999999E-003   5.6717462718624949
 -2.00000000000000004E-003  0.37800000000000000       3.43871523999999965E-003   5.6726573541008252
 -2.00000000000000004E-003  0.38200000000000001       3.43128639999999967E-003   5.6748200443838313
 -2.00000000000000004E-003  0.38600000000000001       3.42555315999999981E-003   5.6764923137393870
 -2.00000000000000004E-003  0.39000000000000001       3.42385545999999985E-003   5.6769880353787148
 -2.00000000000000004E-003  0.39400000000000002       3.42969288000000020E-003   5.6752845611717770
 -2.00000000000000004E-003  0.39800000000000002       3.44196596000000046E-003   5.6717124708407622
 -2.00000000000000004E-003  0.40200000000000002       3.43971447999999978E-003   5.6723668110415204
 -2.00000000000000004E-003  0.40600000000000003       3.43675036000000000E-003   5.6732289168626231
 -2.00000000000000004E-003  0.40999999999999998       3.40607916000000002E-003   5.6821934556729028
 -2.00000000000000004E-003  0.41399999999999998       3.38651718000000006E-003   5.6879532662378782
 -2.00000000000000004E-003  0.41799999999999998       3.37795661999999979E-003   5.6904843025972820
 -2.00000000000000004E-003  0.42199999999999999       3.35820847999999950E-003   5.6963476376798043
 -2.00000000000000004E-003  0.42599999999999999       3.34828261999999986E-003   5.6993077153417522
 -2.00000000000000004E-003  0.42999999999999999       3.33350995999999976E-003   5.7037294880600156
 -2.00000000000000004E-003  0.43400000000000000       3.33479809999999953E-003   5.7033431411772888
 -2.00000000000000004E-003  0.43800000000000000       3.31402136000000019E-003   5.7095929146153148
 -2.00000000000000004E-003  0.44200000000000000       3.29535080000000011E-003   5.7152426523546831
 -2.00000000000000004E-003  0.44600000000000001       3.26200363999999948E-003   5.7254136589041096
 -2.00000000000000004E-003  0.45000000000000001       3.24474415999999972E-003   5.7307187732285207
 -2.00000000000000004E-003  0.45400000000000001       3.23176751999999963E-003   5.7347260716034940
 -2.00000000000000004E-003  0.45800000000000002       3.19694259999999970E-003   5.7455603633978001
 -2.00000000000000004E-003  0.46200000000000002       3.16456354000000002E-003   5.7557401349490727
 -2.00000000000000004E-003  0.46600000000000003       3.13633459999999994E-003   5.7647004857570634
 -2.00000000000000004E-003  0.46999999999999997       3.09507626000000025E-003   5.7779427334076123
 -2.00000000000000004E-003  0.47399999999999998       3.04822491999999978E-003   5.7931958512293624
 -2.00000000000000004E-003  0.47799999999999998       3.00508723999999994E-003   5.8074486798023983
 -2.00000000000000004E-003  0.48199999999999998       2.98720077999999967E-003   5.8134185240627634
 -2.00000000000000004E-003  0.48599999999999999       2.95126887999999990E-003   5.8255200722957294
 -2.00000000000000004E-003  0.48999999999999999       2.90035367999999993E-003   5.8429225908053670
 -2.00000000000000004E-003  0.49399999999999999       2.88376471999999976E-003   5.8486586440246660
 -2.00000000000000004E-003  0.49800000000000000       2.85965798000000024E-003   5.8570532487141076
 -2.00000000000000004E-003  0.50200000000000000       2.82314574000000007E-003   5.8699035051134958
 -2.00000000000000004E-003  0.50600000000000001       2.77945659999999980E-003   5.8854998380117767
 -2.00000000000000004E-003  0.51000000000000001       2.74895221999999981E-003   5.8965354508158470
 -2.00000000000000004E-003  0.51400000000000001       2.72194626000000009E-003   5.9064081177839052
 -2.00000000000000004E-003  0.51800000000000002       2.67807315999999979E-003   5.9226577131916134
 -2.00000000000000004E-003  0.52200000000000002       2.62498441999999997E-003   5.9426803181942587
 -2.00000000000000004E-003  0.52600000000000002       2.57742830000000020E-003   5.9609631601128417
 -2.00000000000000004E-003  0.53000000000000003       2.53074191999999977E-003   5.9792427702199378
 -2.00000000000000004E-003  0.53400000000000003       2.50021250000000009E-003   5.9913795507202776
 -2.00000000000000004E-003  0.53800000000000003       2.46287951999999994E-003   6.0064240769963115
 -2.00000000000000004E-003  0.54200000000000004       2.39994439999999991E-003   6.0323097085632549
 -2.00000000000000004E-003  0.54600000000000004       2.33645290000000002E-003   6.0591213543834916
 -2.00000000000000004E-003  0.55000000000000004       2.27853104000000015E-003   6.0842243243555432
 -2.00000000000000004E-003  0.55400000000000005       2.20648103999999999E-003   6.1163563220856085
 -2.00000000000000004E-003  0.55800000000000005       2.14556842000000010E-003   6.1443507640388395
 -2.00000000000000004E-003  0.56200000000000006       2.08015812000000031E-003   6.1753113689274564
 -2.00000000000000004E-003  0.56599999999999995       2.02939924000000022E-003   6.2000154706142858
 -2.00000000000000004E-003  0.56999999999999995       1.96872990000000010E-003   6.2303666649662581
 -2.00000000000000004E-003  0.57399999999999995       1.90842833999999993E-003   6.2614752342963449
 -2.00000000000000004E-003  0.57799999999999996       1.83570160000000012E-003   6.3003285272259353
 -2.00000000000000004E-003  0.58199999999999996       1.77158173999999980E-003   6.3358824930354070
 -2.00000000000000004E-003  0.58599999999999997       1.70131551999999999E-003   6.3763534918820071
 -2.00000000000000004E-003  0.58999999999999997       1.62503868000000019E-003   6.4222236604068019
 -2.00000000000000004E-003  0.59399999999999997       1.55757624000000009E-003   6.4646243582599192
 -2.00000000000000004E-003  0.59799999999999998       1.49172239999999993E-003   6.5078238534929209
 -2.00000000000000004E-003  0.60199999999999998       1.41459525999999987E-003   6.5609118241385342
 -2.00000000000000004E-003  0.60599999999999998       1.32928560000000013E-003   6.6231136239185222
 -2.00000000000000004E-003  0.60999999999999999       1.25780522000000007E-003   6.6783869657601276
 -2.00000000000000004E-003  0.61399999999999999       1.17546765999999988E-003   6.7460892020597543
 -2.00000000000000004E-003  0.61799999999999999       1.11193984000000005E-003   6.8016491853366672
 -2.00000000000000004E-003  0.62200000000000000       1.04630684000000000E-003   6.8624886102766487
 -2.00000000000000004E-003  0.62600000000000000       9.74007140000000024E-004   6.9340919237531251
 -2.00000000000000004E-003  0.63000000000000000       9.04033740000000021E-004   7.0086438752597342
 -2.00000000000000004E-003  0.63400000000000001       8.32074419999999978E-004   7.0915886740278360
 -2.00000000000000004E-003  0.63800000000000001       7.69200820000000025E-004   7.1701584782075756
 -2.00000000000000004E-003  0.64200000000000002       7.14388719999999987E-004   7.2440833180003237
 -2.00000000000000004E-003  0.64600000000000002       6.52453479999999921E-004   7.3347707163281939
 -2.00000000000000004E-003  0.65000000000000002       6.03427220000000010E-004   7.4128851212193316
 -2.00000000000000004E-003  0.65400000000000003       5.43048239999999985E-004   7.5183124021973526
 -2.00000000000000004E-003  0.65800000000000003       4.80812139999999986E-004   7.6400339254780150
 -2.00000000000000004E-003  0.66200000000000003       4.28726799999999989E-004   7.7546906717353377
 -2.00000000000000004E-003  0.66600000000000004       3.83117440000000015E-004   7.8671689839317809
 -2.00000000000000004E-003  0.67000000000000004       3.40121079999999984E-004   7.9862088861018474
 -2.00000000000000004E-003  0.67400000000000004       2.97557859999999976E-004   8.1199018644938530
 -2.00000000000000004E-003  0.67800000000000005       2.53298600000000042E-004   8.2809415280149512
 -2.00000000000000004E-003  0.68200000000000005       2.13244560000000005E-004   8.4530708818827005
 -2.00000000000000004E-003  0.68600000000000005       1.80549120000000017E-004   8.6195076842488074
 -2.00000000000000004E-003  0.68999999999999995       1.54877919999999998E-004   8.7728733642782526
 -2.00000000000000004E-003  0.69399999999999995       1.30941800000000007E-004   8.9407576082915767
 -2.00000000000000004E-003  0.69799999999999995       1.08884599999999998E-004   9.1252219521666955
 -2.00000000000000004E-003  0.70199999999999996       8.80530999999999989E-005   9.3375705163732228
 -2.00000000000000004E-003  0.70599999999999996       6.98913599999999969E-005   9.5685685215144698
 -2.00000000000000004E-003  0.70999999999999996       5.61366000000000005E-005   9.7877225517430606
 -2.00000000000000004E-003  0.71399999999999997       4.39813199999999999E-005   10.031745559645495
 -2.00000000000000004E-003  0.71799999999999997       3.24854799999999978E-005   10.334717337690460
 -2.00000000000000004E-003  0.72199999999999998       2.51487999999999988E-005   10.590700376274555
 -2.00000000000000004E-003  0.72599999999999998       1.90640800000000013E-005   10.867704621785535
 -2.00000000000000004E-003  0.72999999999999998       1.32465400000000004E-005   11.231774171708432
 -2.00000000000000004E-003  0.73399999999999999       9.03560000000000036E-006   11.614338227713292
 -2.00000000000000004E-003  0.73799999999999999       7.18550000000000007E-006   11.843445451432110
 -2.00000000000000004E-003  0.74199999999999999       5.06477999999999964E-006   12.193199856547542
 -2.00000000000000004E-003  0.74600000000000000       3.49531999999999951E-006   12.564085627099274
 -2.00000000000000004E-003  0.75000000000000000       2.70930000000000005E-006   12.818820259021548
 -2.00000000000000004E-003  0.75400000000000000       1.67905999999999990E-006   13.297276444950491
 -2.00000000000000004E-003  0.75800000000000001       1.16428000000000010E-006   13.663407687754320
 -2.00000000000000004E-003  0.76200000000000001       6.65720000000000061E-007   14.222396675227886
 -2.00000000000000004E-003  0.76600000000000001       5.47719999999999984E-007   14.417501629482379
 -2.00000000000000004E-003  0.77000000000000002       2.80880000000000011E-007   15.085338305086234
 -2.00000000000000004E-003  0.77400000000000002       6.35000000000000061E-008   16.572225931047765
 -2.00000000000000004E-003  0.77800000000000002       1.39999999999999992E-009   20.386793600325198
 -2.00000000000000004E-003  0.78200000000000003        0.0000000000000000                      +Infinity
 -2.00000000000000004E-003  0.78600000000000003        0.0000000000000000                      +Infinity
 -2.00000000000000004E-003  0.79000000000000004        0.0000000000000000                      +Infinity
 -2.00000000000000004E-003  0.79400000000000004        0.0000000000000000                      +Infinity
 -2.00000000000000004E-003  0.79800000000000004        0.0000000000000000                      +Infinity
 -2.00000000000000004E-003  0.80200000000000005        0.0000000000000000                      +Infinity
 -2.00000000000000004E-003  0.80600000000000005        0.0000000000000000                      +Infinity
 -2.00000000000000004E-003  0.81000000000000005        0.0000000000000000                      +Infinity
 -2.00000000000000004E-003  0.81399999999999995        0.0000000000000000                      +Infinity
 -2.00000000000000004E-003  0.81799999999999995        0.0000000000000000                      +Infinity
 -2.00000000000000004E-003  0.82199999999999995        0.0000000000000000                      +Infinity
 -2.00000000000000004E-003  0.82599999999999996        0.0000000000000000                      +Infinity
 -2.00000000000000004E-003  0.82999999999999996        0.0000000000000000                      +Infinity
 -2.00000000000000004E-003  0.83399999999999996        0.0000000000000000                      +Infinity
 -2.00000000000000004E-003  0.83799999999999997        0.0000000000000000                      +Infinity
 -2.00000000000000004E-003  0.84199999999999997        0.0000000000000000                      +Infinity
 -2.00000000000000004E-003  0.84599999999999997        0.0000000000000000                      +Infinity
 -2.00000000000000004E-003  0.84999999999999998        0.0000000000000000                      +Infinity
 -2.00000000000000004E-003  0.85399999999999998        0.0000000000000000                      +Infinity
 -2.00000000000000004E-003  0.85799999999999998        0.0000000000000000                      +Infinity
 -2.00000000000000004E-003  0.86199999999999999        0.0000000000000000                      +Infinity
 -2.00000000000000004E-003  0.86599999999999999        0.0000000000000000                      +Infinity
 -2.00000000000000004E-003  0.87000000000000000        0.0000000000000000                      +Infinity
 -2.00000000000000004E-003  0.87400000000000000        0.0000000000000000                      +Infinity
 -2.00000000000000004E-003  0.87800000000000000        0.0000000000000000                      +Infinity
 -2.00000000000000004E-003  0.88200000000000001        0.0000000000000000                      +Infinity
 -2.00000000000000004E-003  0.88600000000000001        0.0000000000000000                      +Infinity
 -2.00000000000000004E-003  0.89000000000000001        0.0000000000000000                      +Infinity
 -2.00000000000000004E-003  0.89400000000000002        0.0000000000000000                      +Infinity
 -2.00000000000000004E-003  0.89800000000000002        0.0000000000000000                      +Infinity
 -2.00000000000000004E-003  0.90200000000000002        0.0000000000000000                      +Infinity
 -2.00000000000000004E-003  0.90600000000000003        0.0000000000000000                      +Infinity
 -2.00000000000000004E-003  0.91000000000000003        0.0000000000000000                      +Infinity
 -2.00000000000000004E-003  0.91400000000000003        0.0000000000000000                      +Infinity
 -2.00000000000000004E-003  0.91800000000000004        0.0000000000000000                      +Infinity
 -2.00000000000000004E-003  0.92200000000000004        0.0000000000000000                      +Infinity
 -2.00000000000000004E-003  0.92600000000000005        0.0000000000000000                      +Infinity
 -2.00000000000000004E-003  0.93000000000000005        0.0000000000000000                      +Infinity
 -2.00000000000000004E-003  0.93400000000000005        0.0000000000000000                      +Infinity
 -2.00000000000000004E-003  0.93799999999999994        0.0000000000000000                      +Infinity
 -2.00000000000000004E-003  0.94199999999999995        0.0000000000000000                      +Infinity
 -2.00000000000000004E-003  0.94599999999999995        0.0000000000000000                      +Infinity
 -2.00000000000000004E-003  0.94999999999999996        0.0000000000000000                      +Infinity
 -2.00000000000000004E-003  0.95399999999999996        0.0000000000000000                      +Infinity
 -2.00000000000000004E-003  0.95799999999999996        0.0000000000000000                      +Infinity
 -2.00000000000000004E-003  0.96199999999999997        0.0000000000000000                      +Infinity
 -2.00000000000000004E-003  0.96599999999999997        0.0000000000000000                      +Infinity
 -2.00000000000000004E-003  0.96999999999999997        0.0000000000000000                      +Infinity
 -2.00000000000000004E-003  0.97399999999999998        0.0000000000000000                      +Infinity
 -2.00000000000000004E-003  0.97799999999999998        0.0000000000000000                      +Infinity
 -2.00000000000000004E-003  0.98199999999999998        0.0000000000000000                      +Infinity
 -2.00000000000000004E-003  0.98599999999999999        0.0000000000000000                      +Infinity
 -2.00000000000000004E-003  0.98999999999999999        0.0000000000000000                      +Infinity
 -2.00000000000000004E-003  0.99399999999999999        0.0000000000000000                      +Infinity
 -2.00000000000000004E-003  0.99800000000000000        0.0000000000000000                      +Infinity
