 -7.79999999999999999E-002 -0.99800000000000000        0.0000000000000000                      +Infinity
 -7.79999999999999999E-002 -0.99399999999999999        0.0000000000000000                      +Infinity
 -7.79999999999999999E-002 -0.98999999999999999        0.0000000000000000                      +Infinity
 -7.79999999999999999E-002 -0.98599999999999999        0.0000000000000000                      +Infinity
 -7.79999999999999999E-002 -0.98199999999999998        0.0000000000000000                      +Infinity
 -7.79999999999999999E-002 -0.97799999999999998        0.0000000000000000                      +Infinity
 -7.79999999999999999E-002 -0.97399999999999998        0.0000000000000000                      +Infinity
 -7.79999999999999999E-002 -0.96999999999999997        0.0000000000000000                      +Infinity
 -7.79999999999999999E-002 -0.96599999999999997        0.0000000000000000                      +Infinity
 -7.79999999999999999E-002 -0.96199999999999997        0.0000000000000000                      +Infinity
 -7.79999999999999999E-002 -0.95799999999999996        0.0000000000000000                      +Infinity
 -7.79999999999999999E-002 -0.95399999999999996        0.0000000000000000                      +Infinity
 -7.79999999999999999E-002 -0.94999999999999996        0.0000000000000000                      +Infinity
 -7.79999999999999999E-002 -0.94599999999999995        0.0000000000000000                      +Infinity
 -7.79999999999999999E-002 -0.94199999999999995        0.0000000000000000                      +Infinity
 -7.79999999999999999E-002 -0.93799999999999994        0.0000000000000000                      +Infinity
 -7.79999999999999999E-002 -0.93400000000000005        0.0000000000000000                      +Infinity
 -7.79999999999999999E-002 -0.93000000000000005        0.0000000000000000                      +Infinity
 -7.79999999999999999E-002 -0.92600000000000005        0.0000000000000000                      +Infinity
 -7.79999999999999999E-002 -0.92200000000000004        0.0000000000000000                      +Infinity
 -7.79999999999999999E-002 -0.91800000000000004        0.0000000000000000                      +Infinity
 -7.79999999999999999E-002 -0.91400000000000003        0.0000000000000000                      +Infinity
 -7.79999999999999999E-002 -0.91000000000000003        0.0000000000000000                      +Infinity
 -7.79999999999999999E-002 -0.90600000000000003        0.0000000000000000                      +Infinity
 -7.79999999999999999E-002 -0.90200000000000002        0.0000000000000000                      +Infinity
 -7.79999999999999999E-002 -0.89800000000000002        0.0000000000000000                      +Infinity
 -7.79999999999999999E-002 -0.89400000000000002        0.0000000000000000                      +Infinity
 -7.79999999999999999E-002 -0.89000000000000001        0.0000000000000000                      +Infinity
 -7.79999999999999999E-002 -0.88600000000000001        0.0000000000000000                      +Infinity
 -7.79999999999999999E-002 -0.88200000000000001        0.0000000000000000                      +Infinity
 -7.79999999999999999E-002 -0.87800000000000000        0.0000000000000000                      +Infinity
 -7.79999999999999999E-002 -0.87400000000000000        0.0000000000000000                      +Infinity
 -7.79999999999999999E-002 -0.87000000000000000        0.0000000000000000                      +Infinity
 -7.79999999999999999E-002 -0.86599999999999999        0.0000000000000000                      +Infinity
 -7.79999999999999999E-002 -0.86199999999999999        0.0000000000000000                      +Infinity
 -7.79999999999999999E-002 -0.85799999999999998        0.0000000000000000                      +Infinity
 -7.79999999999999999E-002 -0.85399999999999998        0.0000000000000000                      +Infinity
 -7.79999999999999999E-002 -0.84999999999999998        0.0000000000000000                      +Infinity
 -7.79999999999999999E-002 -0.84599999999999997        0.0000000000000000                      +Infinity
 -7.79999999999999999E-002 -0.84199999999999997        0.0000000000000000                      +Infinity
 -7.79999999999999999E-002 -0.83799999999999997        0.0000000000000000                      +Infinity
 -7.79999999999999999E-002 -0.83399999999999996        0.0000000000000000                      +Infinity
 -7.79999999999999999E-002 -0.82999999999999996        0.0000000000000000                      +Infinity
 -7.79999999999999999E-002 -0.82599999999999996        0.0000000000000000                      +Infinity
 -7.79999999999999999E-002 -0.82199999999999995        0.0000000000000000                      +Infinity
 -7.79999999999999999E-002 -0.81799999999999995        0.0000000000000000                      +Infinity
 -7.79999999999999999E-002 -0.81399999999999995        0.0000000000000000                      +Infinity
 -7.79999999999999999E-002 -0.81000000000000005        0.0000000000000000                      +Infinity
 -7.79999999999999999E-002 -0.80600000000000005        0.0000000000000000                      +Infinity
 -7.79999999999999999E-002 -0.80200000000000005        0.0000000000000000                      +Infinity
 -7.79999999999999999E-002 -0.79800000000000004        0.0000000000000000                      +Infinity
 -7.79999999999999999E-002 -0.79400000000000004        0.0000000000000000                      +Infinity
 -7.79999999999999999E-002 -0.79000000000000004        0.0000000000000000                      +Infinity
 -7.79999999999999999E-002 -0.78600000000000003        0.0000000000000000                      +Infinity
 -7.79999999999999999E-002 -0.78200000000000003        0.0000000000000000                      +Infinity
 -7.79999999999999999E-002 -0.77800000000000002        0.0000000000000000                      +Infinity
 -7.79999999999999999E-002 -0.77400000000000002        0.0000000000000000                      +Infinity
 -7.79999999999999999E-002 -0.77000000000000002        0.0000000000000000                      +Infinity
 -7.79999999999999999E-002 -0.76600000000000001        0.0000000000000000                      +Infinity
 -7.79999999999999999E-002 -0.76200000000000001        0.0000000000000000                      +Infinity
 -7.79999999999999999E-002 -0.75800000000000001        0.0000000000000000                      +Infinity
 -7.79999999999999999E-002 -0.75400000000000000        0.0000000000000000                      +Infinity
 -7.79999999999999999E-002 -0.75000000000000000        0.0000000000000000                      +Infinity
 -7.79999999999999999E-002 -0.74600000000000000        0.0000000000000000                      +Infinity
 -7.79999999999999999E-002 -0.74199999999999999        0.0000000000000000                      +Infinity
 -7.79999999999999999E-002 -0.73799999999999999        0.0000000000000000                      +Infinity
 -7.79999999999999999E-002 -0.73399999999999999        0.0000000000000000                      +Infinity
 -7.79999999999999999E-002 -0.72999999999999998        0.0000000000000000                      +Infinity
 -7.79999999999999999E-002 -0.72599999999999998        0.0000000000000000                      +Infinity
 -7.79999999999999999E-002 -0.72199999999999998        0.0000000000000000                      +Infinity
 -7.79999999999999999E-002 -0.71799999999999997        0.0000000000000000                      +Infinity
 -7.79999999999999999E-002 -0.71399999999999997        0.0000000000000000                      +Infinity
 -7.79999999999999999E-002 -0.70999999999999996        0.0000000000000000                      +Infinity
 -7.79999999999999999E-002 -0.70599999999999996        0.0000000000000000                      +Infinity
 -7.79999999999999999E-002 -0.70199999999999996        0.0000000000000000                      +Infinity
 -7.79999999999999999E-002 -0.69799999999999995        0.0000000000000000                      +Infinity
 -7.79999999999999999E-002 -0.69399999999999995        0.0000000000000000                      +Infinity
 -7.79999999999999999E-002 -0.68999999999999995        0.0000000000000000                      +Infinity
 -7.79999999999999999E-002 -0.68600000000000005        0.0000000000000000                      +Infinity
 -7.79999999999999999E-002 -0.68200000000000005        0.0000000000000000                      +Infinity
 -7.79999999999999999E-002 -0.67800000000000005        0.0000000000000000                      +Infinity
 -7.79999999999999999E-002 -0.67400000000000004        0.0000000000000000                      +Infinity
 -7.79999999999999999E-002 -0.67000000000000004        0.0000000000000000                      +Infinity
 -7.79999999999999999E-002 -0.66600000000000004        0.0000000000000000                      +Infinity
 -7.79999999999999999E-002 -0.66200000000000003        0.0000000000000000                      +Infinity
 -7.79999999999999999E-002 -0.65800000000000003        0.0000000000000000                      +Infinity
 -7.79999999999999999E-002 -0.65400000000000003        0.0000000000000000                      +Infinity
 -7.79999999999999999E-002 -0.65000000000000002        0.0000000000000000                      +Infinity
 -7.79999999999999999E-002 -0.64600000000000002        0.0000000000000000                      +Infinity
 -7.79999999999999999E-002 -0.64200000000000002        0.0000000000000000                      +Infinity
 -7.79999999999999999E-002 -0.63800000000000001        0.0000000000000000                      +Infinity
 -7.79999999999999999E-002 -0.63400000000000001        0.0000000000000000                      +Infinity
 -7.79999999999999999E-002 -0.63000000000000000        0.0000000000000000                      +Infinity
 -7.79999999999999999E-002 -0.62600000000000000        0.0000000000000000                      +Infinity
 -7.79999999999999999E-002 -0.62200000000000000        0.0000000000000000                      +Infinity
 -7.79999999999999999E-002 -0.61799999999999999        0.0000000000000000                      +Infinity
 -7.79999999999999999E-002 -0.61399999999999999        0.0000000000000000                      +Infinity
 -7.79999999999999999E-002 -0.60999999999999999        0.0000000000000000                      +Infinity
 -7.79999999999999999E-002 -0.60599999999999998        0.0000000000000000                      +Infinity
 -7.79999999999999999E-002 -0.60199999999999998        0.0000000000000000                      +Infinity
 -7.79999999999999999E-002 -0.59799999999999998        0.0000000000000000                      +Infinity
 -7.79999999999999999E-002 -0.59399999999999997        0.0000000000000000                      +Infinity
 -7.79999999999999999E-002 -0.58999999999999997        0.0000000000000000                      +Infinity
 -7.79999999999999999E-002 -0.58599999999999997        0.0000000000000000                      +Infinity
 -7.79999999999999999E-002 -0.58199999999999996        0.0000000000000000                      +Infinity
 -7.79999999999999999E-002 -0.57799999999999996        0.0000000000000000                      +Infinity
 -7.79999999999999999E-002 -0.57399999999999995        0.0000000000000000                      +Infinity
 -7.79999999999999999E-002 -0.56999999999999995        0.0000000000000000                      +Infinity
 -7.79999999999999999E-002 -0.56599999999999995        0.0000000000000000                      +Infinity
 -7.79999999999999999E-002 -0.56200000000000006        0.0000000000000000                      +Infinity
 -7.79999999999999999E-002 -0.55800000000000005        0.0000000000000000                      +Infinity
 -7.79999999999999999E-002 -0.55400000000000005        0.0000000000000000                      +Infinity
 -7.79999999999999999E-002 -0.55000000000000004        0.0000000000000000                      +Infinity
 -7.79999999999999999E-002 -0.54600000000000004        0.0000000000000000                      +Infinity
 -7.79999999999999999E-002 -0.54200000000000004        0.0000000000000000                      +Infinity
 -7.79999999999999999E-002 -0.53800000000000003        0.0000000000000000                      +Infinity
 -7.79999999999999999E-002 -0.53400000000000003        0.0000000000000000                      +Infinity
 -7.79999999999999999E-002 -0.53000000000000003        0.0000000000000000                      +Infinity
 -7.79999999999999999E-002 -0.52600000000000002        0.0000000000000000                      +Infinity
 -7.79999999999999999E-002 -0.52200000000000002        0.0000000000000000                      +Infinity
 -7.79999999999999999E-002 -0.51800000000000002        0.0000000000000000                      +Infinity
 -7.79999999999999999E-002 -0.51400000000000001        0.0000000000000000                      +Infinity
 -7.79999999999999999E-002 -0.51000000000000001        0.0000000000000000                      +Infinity
 -7.79999999999999999E-002 -0.50600000000000001        0.0000000000000000                      +Infinity
 -7.79999999999999999E-002 -0.50200000000000000        0.0000000000000000                      +Infinity
 -7.79999999999999999E-002 -0.49800000000000000        0.0000000000000000                      +Infinity
 -7.79999999999999999E-002 -0.49399999999999999        0.0000000000000000                      +Infinity
 -7.79999999999999999E-002 -0.48999999999999999        0.0000000000000000                      +Infinity
 -7.79999999999999999E-002 -0.48599999999999999        0.0000000000000000                      +Infinity
 -7.79999999999999999E-002 -0.48199999999999998        0.0000000000000000                      +Infinity
 -7.79999999999999999E-002 -0.47799999999999998        0.0000000000000000                      +Infinity
 -7.79999999999999999E-002 -0.47399999999999998        0.0000000000000000                      +Infinity
 -7.79999999999999999E-002 -0.46999999999999997        0.0000000000000000                      +Infinity
 -7.79999999999999999E-002 -0.46600000000000003        0.0000000000000000                      +Infinity
 -7.79999999999999999E-002 -0.46200000000000002        0.0000000000000000                      +Infinity
 -7.79999999999999999E-002 -0.45800000000000002        0.0000000000000000                      +Infinity
 -7.79999999999999999E-002 -0.45400000000000001        0.0000000000000000                      +Infinity
 -7.79999999999999999E-002 -0.45000000000000001        0.0000000000000000                      +Infinity
 -7.79999999999999999E-002 -0.44600000000000001        0.0000000000000000                      +Infinity
 -7.79999999999999999E-002 -0.44200000000000000        0.0000000000000000                      +Infinity
 -7.79999999999999999E-002 -0.43800000000000000        0.0000000000000000                      +Infinity
 -7.79999999999999999E-002 -0.43400000000000000        0.0000000000000000                      +Infinity
 -7.79999999999999999E-002 -0.42999999999999999        0.0000000000000000                      +Infinity
 -7.79999999999999999E-002 -0.42599999999999999        0.0000000000000000                      +Infinity
 -7.79999999999999999E-002 -0.42199999999999999        0.0000000000000000                      +Infinity
 -7.79999999999999999E-002 -0.41799999999999998        0.0000000000000000                      +Infinity
 -7.79999999999999999E-002 -0.41399999999999998        0.0000000000000000                      +Infinity
 -7.79999999999999999E-002 -0.40999999999999998        0.0000000000000000                      +Infinity
 -7.79999999999999999E-002 -0.40600000000000003        0.0000000000000000                      +Infinity
 -7.79999999999999999E-002 -0.40200000000000002        0.0000000000000000                      +Infinity
 -7.79999999999999999E-002 -0.39800000000000002        0.0000000000000000                      +Infinity
 -7.79999999999999999E-002 -0.39400000000000002        0.0000000000000000                      +Infinity
 -7.79999999999999999E-002 -0.39000000000000001        0.0000000000000000                      +Infinity
 -7.79999999999999999E-002 -0.38600000000000001        0.0000000000000000                      +Infinity
 -7.79999999999999999E-002 -0.38200000000000001        0.0000000000000000                      +Infinity
 -7.79999999999999999E-002 -0.37800000000000000        0.0000000000000000                      +Infinity
 -7.79999999999999999E-002 -0.37400000000000000        0.0000000000000000                      +Infinity
 -7.79999999999999999E-002 -0.37000000000000000        0.0000000000000000                      +Infinity
 -7.79999999999999999E-002 -0.36599999999999999        0.0000000000000000                      +Infinity
 -7.79999999999999999E-002 -0.36199999999999999        0.0000000000000000                      +Infinity
 -7.79999999999999999E-002 -0.35799999999999998        0.0000000000000000                      +Infinity
 -7.79999999999999999E-002 -0.35399999999999998        0.0000000000000000                      +Infinity
 -7.79999999999999999E-002 -0.34999999999999998        0.0000000000000000                      +Infinity
 -7.79999999999999999E-002 -0.34599999999999997        0.0000000000000000                      +Infinity
 -7.79999999999999999E-002 -0.34200000000000003        0.0000000000000000                      +Infinity
 -7.79999999999999999E-002 -0.33800000000000002        0.0000000000000000                      +Infinity
 -7.79999999999999999E-002 -0.33400000000000002        0.0000000000000000                      +Infinity
 -7.79999999999999999E-002 -0.33000000000000002        0.0000000000000000                      +Infinity
 -7.79999999999999999E-002 -0.32600000000000001        0.0000000000000000                      +Infinity
 -7.79999999999999999E-002 -0.32200000000000001        0.0000000000000000                      +Infinity
 -7.79999999999999999E-002 -0.31800000000000000        0.0000000000000000                      +Infinity
 -7.79999999999999999E-002 -0.31400000000000000        0.0000000000000000                      +Infinity
 -7.79999999999999999E-002 -0.31000000000000000        0.0000000000000000                      +Infinity
 -7.79999999999999999E-002 -0.30599999999999999        0.0000000000000000                      +Infinity
 -7.79999999999999999E-002 -0.30199999999999999        0.0000000000000000                      +Infinity
 -7.79999999999999999E-002 -0.29799999999999999        0.0000000000000000                      +Infinity
 -7.79999999999999999E-002 -0.29399999999999998        0.0000000000000000                      +Infinity
 -7.79999999999999999E-002 -0.28999999999999998        0.0000000000000000                      +Infinity
 -7.79999999999999999E-002 -0.28599999999999998        0.0000000000000000                      +Infinity
 -7.79999999999999999E-002 -0.28199999999999997        0.0000000000000000                      +Infinity
 -7.79999999999999999E-002 -0.27800000000000002        0.0000000000000000                      +Infinity
 -7.79999999999999999E-002 -0.27400000000000002        0.0000000000000000                      +Infinity
 -7.79999999999999999E-002 -0.27000000000000002        0.0000000000000000                      +Infinity
 -7.79999999999999999E-002 -0.26600000000000001        0.0000000000000000                      +Infinity
 -7.79999999999999999E-002 -0.26200000000000001        0.0000000000000000                      +Infinity
 -7.79999999999999999E-002 -0.25800000000000001        0.0000000000000000                      +Infinity
 -7.79999999999999999E-002 -0.25400000000000000        0.0000000000000000                      +Infinity
 -7.79999999999999999E-002 -0.25000000000000000        0.0000000000000000                      +Infinity
 -7.79999999999999999E-002 -0.24600000000000000        0.0000000000000000                      +Infinity
 -7.79999999999999999E-002 -0.24199999999999999        0.0000000000000000                      +Infinity
 -7.79999999999999999E-002 -0.23799999999999999        0.0000000000000000                      +Infinity
 -7.79999999999999999E-002 -0.23400000000000001        0.0000000000000000                      +Infinity
 -7.79999999999999999E-002 -0.23000000000000001        0.0000000000000000                      +Infinity
 -7.79999999999999999E-002 -0.22600000000000001        0.0000000000000000                      +Infinity
 -7.79999999999999999E-002 -0.22200000000000000        0.0000000000000000                      +Infinity
 -7.79999999999999999E-002 -0.21800000000000000        0.0000000000000000                      +Infinity
 -7.79999999999999999E-002 -0.21400000000000000        0.0000000000000000                      +Infinity
 -7.79999999999999999E-002 -0.20999999999999999        0.0000000000000000                      +Infinity
 -7.79999999999999999E-002 -0.20599999999999999        0.0000000000000000                      +Infinity
 -7.79999999999999999E-002 -0.20200000000000001        0.0000000000000000                      +Infinity
 -7.79999999999999999E-002 -0.19800000000000001        0.0000000000000000                      +Infinity
 -7.79999999999999999E-002 -0.19400000000000001        0.0000000000000000                      +Infinity
 -7.79999999999999999E-002 -0.19000000000000000        0.0000000000000000                      +Infinity
 -7.79999999999999999E-002 -0.18600000000000000        0.0000000000000000                      +Infinity
 -7.79999999999999999E-002 -0.18200000000000000        0.0000000000000000                      +Infinity
 -7.79999999999999999E-002 -0.17799999999999999        0.0000000000000000                      +Infinity
 -7.79999999999999999E-002 -0.17399999999999999        0.0000000000000000                      +Infinity
 -7.79999999999999999E-002 -0.17000000000000001        0.0000000000000000                      +Infinity
 -7.79999999999999999E-002 -0.16600000000000001        0.0000000000000000                      +Infinity
 -7.79999999999999999E-002 -0.16200000000000001        0.0000000000000000                      +Infinity
 -7.79999999999999999E-002 -0.15800000000000000        0.0000000000000000                      +Infinity
 -7.79999999999999999E-002 -0.15400000000000000        0.0000000000000000                      +Infinity
 -7.79999999999999999E-002 -0.14999999999999999        0.0000000000000000                      +Infinity
 -7.79999999999999999E-002 -0.14599999999999999        0.0000000000000000                      +Infinity
 -7.79999999999999999E-002 -0.14199999999999999        0.0000000000000000                      +Infinity
 -7.79999999999999999E-002 -0.13800000000000001        0.0000000000000000                      +Infinity
 -7.79999999999999999E-002 -0.13400000000000001        0.0000000000000000                      +Infinity
 -7.79999999999999999E-002 -0.13000000000000000        0.0000000000000000                      +Infinity
 -7.79999999999999999E-002 -0.12600000000000000        0.0000000000000000                      +Infinity
 -7.79999999999999999E-002 -0.12200000000000000        0.0000000000000000                      +Infinity
 -7.79999999999999999E-002 -0.11799999999999999        0.0000000000000000                      +Infinity
 -7.79999999999999999E-002 -0.11400000000000000        0.0000000000000000                      +Infinity
 -7.79999999999999999E-002 -0.11000000000000000        0.0000000000000000                      +Infinity
 -7.79999999999999999E-002 -0.10600000000000000        0.0000000000000000                      +Infinity
 -7.79999999999999999E-002 -0.10199999999999999        0.0000000000000000                      +Infinity
 -7.79999999999999999E-002 -9.80000000000000038E-002   0.0000000000000000                      +Infinity
 -7.79999999999999999E-002 -9.40000000000000002E-002   0.0000000000000000                      +Infinity
 -7.79999999999999999E-002 -8.99999999999999967E-002   0.0000000000000000                      +Infinity
 -7.79999999999999999E-002 -8.59999999999999931E-002   0.0000000000000000                      +Infinity
 -7.79999999999999999E-002 -8.20000000000000034E-002   0.0000000000000000                      +Infinity
 -7.79999999999999999E-002 -7.79999999999999999E-002   0.0000000000000000                      +Infinity
 -7.79999999999999999E-002 -7.39999999999999963E-002   0.0000000000000000                      +Infinity
 -7.79999999999999999E-002 -7.00000000000000067E-002   0.0000000000000000                      +Infinity
 -7.79999999999999999E-002 -6.60000000000000031E-002   0.0000000000000000                      +Infinity
 -7.79999999999999999E-002 -6.19999999999999996E-002   0.0000000000000000                      +Infinity
 -7.79999999999999999E-002 -5.80000000000000029E-002   0.0000000000000000                      +Infinity
 -7.79999999999999999E-002 -5.39999999999999994E-002   0.0000000000000000                      +Infinity
 -7.79999999999999999E-002 -5.00000000000000028E-002   0.0000000000000000                      +Infinity
 -7.79999999999999999E-002 -4.59999999999999992E-002   0.0000000000000000                      +Infinity
 -7.79999999999999999E-002 -4.20000000000000026E-002   0.0000000000000000                      +Infinity
 -7.79999999999999999E-002 -3.79999999999999991E-002   0.0000000000000000                      +Infinity
 -7.79999999999999999E-002 -3.40000000000000024E-002   0.0000000000000000                      +Infinity
 -7.79999999999999999E-002 -2.99999999999999989E-002   0.0000000000000000                      +Infinity
 -7.79999999999999999E-002 -2.59999999999999988E-002   0.0000000000000000                      +Infinity
 -7.79999999999999999E-002 -2.19999999999999987E-002   0.0000000000000000                      +Infinity
 -7.79999999999999999E-002 -1.79999999999999986E-002   0.0000000000000000                      +Infinity
 -7.79999999999999999E-002 -1.40000000000000003E-002   0.0000000000000000                      +Infinity
 -7.79999999999999999E-002 -1.00000000000000002E-002   0.0000000000000000                      +Infinity
 -7.79999999999999999E-002 -6.00000000000000012E-003   0.0000000000000000                      +Infinity
 -7.79999999999999999E-002 -2.00000000000000004E-003   0.0000000000000000                      +Infinity
 -7.79999999999999999E-002  2.00000000000000004E-003   0.0000000000000000                      +Infinity
 -7.79999999999999999E-002  6.00000000000000012E-003   0.0000000000000000                      +Infinity
 -7.79999999999999999E-002  1.00000000000000002E-002   0.0000000000000000                      +Infinity
 -7.79999999999999999E-002  1.40000000000000003E-002   0.0000000000000000                      +Infinity
 -7.79999999999999999E-002  1.79999999999999986E-002   0.0000000000000000                      +Infinity
 -7.79999999999999999E-002  2.19999999999999987E-002   0.0000000000000000                      +Infinity
 -7.79999999999999999E-002  2.59999999999999988E-002   0.0000000000000000                      +Infinity
 -7.79999999999999999E-002  2.99999999999999989E-002   0.0000000000000000                      +Infinity
 -7.79999999999999999E-002  3.40000000000000024E-002   0.0000000000000000                      +Infinity
 -7.79999999999999999E-002  3.79999999999999991E-002   0.0000000000000000                      +Infinity
 -7.79999999999999999E-002  4.20000000000000026E-002   0.0000000000000000                      +Infinity
 -7.79999999999999999E-002  4.59999999999999992E-002   0.0000000000000000                      +Infinity
 -7.79999999999999999E-002  5.00000000000000028E-002   0.0000000000000000                      +Infinity
 -7.79999999999999999E-002  5.39999999999999994E-002   0.0000000000000000                      +Infinity
 -7.79999999999999999E-002  5.80000000000000029E-002   0.0000000000000000                      +Infinity
 -7.79999999999999999E-002  6.19999999999999996E-002   0.0000000000000000                      +Infinity
 -7.79999999999999999E-002  6.60000000000000031E-002   0.0000000000000000                      +Infinity
 -7.79999999999999999E-002  7.00000000000000067E-002   0.0000000000000000                      +Infinity
 -7.79999999999999999E-002  7.39999999999999963E-002   0.0000000000000000                      +Infinity
 -7.79999999999999999E-002  7.79999999999999999E-002   0.0000000000000000                      +Infinity
 -7.79999999999999999E-002  8.20000000000000034E-002   0.0000000000000000                      +Infinity
 -7.79999999999999999E-002  8.59999999999999931E-002   0.0000000000000000                      +Infinity
 -7.79999999999999999E-002  8.99999999999999967E-002   0.0000000000000000                      +Infinity
 -7.79999999999999999E-002  9.40000000000000002E-002   0.0000000000000000                      +Infinity
 -7.79999999999999999E-002  9.80000000000000038E-002   0.0000000000000000                      +Infinity
 -7.79999999999999999E-002  0.10199999999999999        0.0000000000000000                      +Infinity
 -7.79999999999999999E-002  0.10600000000000000        0.0000000000000000                      +Infinity
 -7.79999999999999999E-002  0.11000000000000000        0.0000000000000000                      +Infinity
 -7.79999999999999999E-002  0.11400000000000000        0.0000000000000000                      +Infinity
 -7.79999999999999999E-002  0.11799999999999999        0.0000000000000000                      +Infinity
 -7.79999999999999999E-002  0.12200000000000000        0.0000000000000000                      +Infinity
 -7.79999999999999999E-002  0.12600000000000000        0.0000000000000000                      +Infinity
 -7.79999999999999999E-002  0.13000000000000000        0.0000000000000000                      +Infinity
 -7.79999999999999999E-002  0.13400000000000001        0.0000000000000000                      +Infinity
 -7.79999999999999999E-002  0.13800000000000001        0.0000000000000000                      +Infinity
 -7.79999999999999999E-002  0.14199999999999999        0.0000000000000000                      +Infinity
 -7.79999999999999999E-002  0.14599999999999999        0.0000000000000000                      +Infinity
 -7.79999999999999999E-002  0.14999999999999999        0.0000000000000000                      +Infinity
 -7.79999999999999999E-002  0.15400000000000000        0.0000000000000000                      +Infinity
 -7.79999999999999999E-002  0.15800000000000000        0.0000000000000000                      +Infinity
 -7.79999999999999999E-002  0.16200000000000001        0.0000000000000000                      +Infinity
 -7.79999999999999999E-002  0.16600000000000001        0.0000000000000000                      +Infinity
 -7.79999999999999999E-002  0.17000000000000001        0.0000000000000000                      +Infinity
 -7.79999999999999999E-002  0.17399999999999999        0.0000000000000000                      +Infinity
 -7.79999999999999999E-002  0.17799999999999999        0.0000000000000000                      +Infinity
 -7.79999999999999999E-002  0.18200000000000000        0.0000000000000000                      +Infinity
 -7.79999999999999999E-002  0.18600000000000000        0.0000000000000000                      +Infinity
 -7.79999999999999999E-002  0.19000000000000000        0.0000000000000000                      +Infinity
 -7.79999999999999999E-002  0.19400000000000001        0.0000000000000000                      +Infinity
 -7.79999999999999999E-002  0.19800000000000001        0.0000000000000000                      +Infinity
 -7.79999999999999999E-002  0.20200000000000001        0.0000000000000000                      +Infinity
 -7.79999999999999999E-002  0.20599999999999999        0.0000000000000000                      +Infinity
 -7.79999999999999999E-002  0.20999999999999999        0.0000000000000000                      +Infinity
 -7.79999999999999999E-002  0.21400000000000000        0.0000000000000000                      +Infinity
 -7.79999999999999999E-002  0.21800000000000000        0.0000000000000000                      +Infinity
 -7.79999999999999999E-002  0.22200000000000000        0.0000000000000000                      +Infinity
 -7.79999999999999999E-002  0.22600000000000001        0.0000000000000000                      +Infinity
 -7.79999999999999999E-002  0.23000000000000001        0.0000000000000000                      +Infinity
 -7.79999999999999999E-002  0.23400000000000001        0.0000000000000000                      +Infinity
 -7.79999999999999999E-002  0.23799999999999999        0.0000000000000000                      +Infinity
 -7.79999999999999999E-002  0.24199999999999999        0.0000000000000000                      +Infinity
 -7.79999999999999999E-002  0.24600000000000000        0.0000000000000000                      +Infinity
 -7.79999999999999999E-002  0.25000000000000000        0.0000000000000000                      +Infinity
 -7.79999999999999999E-002  0.25400000000000000        0.0000000000000000                      +Infinity
 -7.79999999999999999E-002  0.25800000000000001        0.0000000000000000                      +Infinity
 -7.79999999999999999E-002  0.26200000000000001        0.0000000000000000                      +Infinity
 -7.79999999999999999E-002  0.26600000000000001        0.0000000000000000                      +Infinity
 -7.79999999999999999E-002  0.27000000000000002        0.0000000000000000                      +Infinity
 -7.79999999999999999E-002  0.27400000000000002        0.0000000000000000                      +Infinity
 -7.79999999999999999E-002  0.27800000000000002        0.0000000000000000                      +Infinity
 -7.79999999999999999E-002  0.28199999999999997        0.0000000000000000                      +Infinity
 -7.79999999999999999E-002  0.28599999999999998        0.0000000000000000                      +Infinity
 -7.79999999999999999E-002  0.28999999999999998        0.0000000000000000                      +Infinity
 -7.79999999999999999E-002  0.29399999999999998        0.0000000000000000                      +Infinity
 -7.79999999999999999E-002  0.29799999999999999        0.0000000000000000                      +Infinity
 -7.79999999999999999E-002  0.30199999999999999        0.0000000000000000                      +Infinity
 -7.79999999999999999E-002  0.30599999999999999        0.0000000000000000                      +Infinity
 -7.79999999999999999E-002  0.31000000000000000        0.0000000000000000                      +Infinity
 -7.79999999999999999E-002  0.31400000000000000        0.0000000000000000                      +Infinity
 -7.79999999999999999E-002  0.31800000000000000        0.0000000000000000                      +Infinity
 -7.79999999999999999E-002  0.32200000000000001        0.0000000000000000                      +Infinity
 -7.79999999999999999E-002  0.32600000000000001        0.0000000000000000                      +Infinity
 -7.79999999999999999E-002  0.33000000000000002        0.0000000000000000                      +Infinity
 -7.79999999999999999E-002  0.33400000000000002        0.0000000000000000                      +Infinity
 -7.79999999999999999E-002  0.33800000000000002        0.0000000000000000                      +Infinity
 -7.79999999999999999E-002  0.34200000000000003        0.0000000000000000                      +Infinity
 -7.79999999999999999E-002  0.34599999999999997        0.0000000000000000                      +Infinity
 -7.79999999999999999E-002  0.34999999999999998        0.0000000000000000                      +Infinity
 -7.79999999999999999E-002  0.35399999999999998        0.0000000000000000                      +Infinity
 -7.79999999999999999E-002  0.35799999999999998        0.0000000000000000                      +Infinity
 -7.79999999999999999E-002  0.36199999999999999        0.0000000000000000                      +Infinity
 -7.79999999999999999E-002  0.36599999999999999        0.0000000000000000                      +Infinity
 -7.79999999999999999E-002  0.37000000000000000        0.0000000000000000                      +Infinity
 -7.79999999999999999E-002  0.37400000000000000        0.0000000000000000                      +Infinity
 -7.79999999999999999E-002  0.37800000000000000        0.0000000000000000                      +Infinity
 -7.79999999999999999E-002  0.38200000000000001        0.0000000000000000                      +Infinity
 -7.79999999999999999E-002  0.38600000000000001        0.0000000000000000                      +Infinity
 -7.79999999999999999E-002  0.39000000000000001        0.0000000000000000                      +Infinity
 -7.79999999999999999E-002  0.39400000000000002        0.0000000000000000                      +Infinity
 -7.79999999999999999E-002  0.39800000000000002        0.0000000000000000                      +Infinity
 -7.79999999999999999E-002  0.40200000000000002        0.0000000000000000                      +Infinity
 -7.79999999999999999E-002  0.40600000000000003        0.0000000000000000                      +Infinity
 -7.79999999999999999E-002  0.40999999999999998        0.0000000000000000                      +Infinity
 -7.79999999999999999E-002  0.41399999999999998        0.0000000000000000                      +Infinity
 -7.79999999999999999E-002  0.41799999999999998        0.0000000000000000                      +Infinity
 -7.79999999999999999E-002  0.42199999999999999        0.0000000000000000                      +Infinity
 -7.79999999999999999E-002  0.42599999999999999        0.0000000000000000                      +Infinity
 -7.79999999999999999E-002  0.42999999999999999        0.0000000000000000                      +Infinity
 -7.79999999999999999E-002  0.43400000000000000        0.0000000000000000                      +Infinity
 -7.79999999999999999E-002  0.43800000000000000        0.0000000000000000                      +Infinity
 -7.79999999999999999E-002  0.44200000000000000        0.0000000000000000                      +Infinity
 -7.79999999999999999E-002  0.44600000000000001        0.0000000000000000                      +Infinity
 -7.79999999999999999E-002  0.45000000000000001        0.0000000000000000                      +Infinity
 -7.79999999999999999E-002  0.45400000000000001        0.0000000000000000                      +Infinity
 -7.79999999999999999E-002  0.45800000000000002        0.0000000000000000                      +Infinity
 -7.79999999999999999E-002  0.46200000000000002        0.0000000000000000                      +Infinity
 -7.79999999999999999E-002  0.46600000000000003        0.0000000000000000                      +Infinity
 -7.79999999999999999E-002  0.46999999999999997        0.0000000000000000                      +Infinity
 -7.79999999999999999E-002  0.47399999999999998        0.0000000000000000                      +Infinity
 -7.79999999999999999E-002  0.47799999999999998        0.0000000000000000                      +Infinity
 -7.79999999999999999E-002  0.48199999999999998        0.0000000000000000                      +Infinity
 -7.79999999999999999E-002  0.48599999999999999        0.0000000000000000                      +Infinity
 -7.79999999999999999E-002  0.48999999999999999        0.0000000000000000                      +Infinity
 -7.79999999999999999E-002  0.49399999999999999        0.0000000000000000                      +Infinity
 -7.79999999999999999E-002  0.49800000000000000        0.0000000000000000                      +Infinity
 -7.79999999999999999E-002  0.50200000000000000        0.0000000000000000                      +Infinity
 -7.79999999999999999E-002  0.50600000000000001        0.0000000000000000                      +Infinity
 -7.79999999999999999E-002  0.51000000000000001        0.0000000000000000                      +Infinity
 -7.79999999999999999E-002  0.51400000000000001        0.0000000000000000                      +Infinity
 -7.79999999999999999E-002  0.51800000000000002        0.0000000000000000                      +Infinity
 -7.79999999999999999E-002  0.52200000000000002        0.0000000000000000                      +Infinity
 -7.79999999999999999E-002  0.52600000000000002        0.0000000000000000                      +Infinity
 -7.79999999999999999E-002  0.53000000000000003        0.0000000000000000                      +Infinity
 -7.79999999999999999E-002  0.53400000000000003        0.0000000000000000                      +Infinity
 -7.79999999999999999E-002  0.53800000000000003        0.0000000000000000                      +Infinity
 -7.79999999999999999E-002  0.54200000000000004        0.0000000000000000                      +Infinity
 -7.79999999999999999E-002  0.54600000000000004        0.0000000000000000                      +Infinity
 -7.79999999999999999E-002  0.55000000000000004        0.0000000000000000                      +Infinity
 -7.79999999999999999E-002  0.55400000000000005        0.0000000000000000                      +Infinity
 -7.79999999999999999E-002  0.55800000000000005        0.0000000000000000                      +Infinity
 -7.79999999999999999E-002  0.56200000000000006        0.0000000000000000                      +Infinity
 -7.79999999999999999E-002  0.56599999999999995        0.0000000000000000                      +Infinity
 -7.79999999999999999E-002  0.56999999999999995        0.0000000000000000                      +Infinity
 -7.79999999999999999E-002  0.57399999999999995        0.0000000000000000                      +Infinity
 -7.79999999999999999E-002  0.57799999999999996        0.0000000000000000                      +Infinity
 -7.79999999999999999E-002  0.58199999999999996        0.0000000000000000                      +Infinity
 -7.79999999999999999E-002  0.58599999999999997        0.0000000000000000                      +Infinity
 -7.79999999999999999E-002  0.58999999999999997        0.0000000000000000                      +Infinity
 -7.79999999999999999E-002  0.59399999999999997        0.0000000000000000                      +Infinity
 -7.79999999999999999E-002  0.59799999999999998        0.0000000000000000                      +Infinity
 -7.79999999999999999E-002  0.60199999999999998        0.0000000000000000                      +Infinity
 -7.79999999999999999E-002  0.60599999999999998       9.95999999999999952E-009   18.424688765349906
 -7.79999999999999999E-002  0.60999999999999999       1.33180000000000005E-007   15.831564240263935
 -7.79999999999999999E-002  0.61399999999999999       3.09040000000000020E-007   14.989795118588384
 -7.79999999999999999E-002  0.61799999999999999       4.26960000000000006E-007   14.666575504920722
 -7.79999999999999999E-002  0.62200000000000000       2.94800000000000019E-007   15.036968676631229
 -7.79999999999999999E-002  0.62600000000000000       2.98359999999999980E-007   15.024965025859450
 -7.79999999999999999E-002  0.63000000000000000       2.02819999999999986E-007   15.410946950762561
 -7.79999999999999999E-002  0.63400000000000001       3.39019999999999975E-007   14.897206734256072
 -7.79999999999999999E-002  0.63800000000000001       3.97579999999999991E-007   14.737869665240035
 -7.79999999999999999E-002  0.64200000000000002       4.73620000000000028E-007   14.562860524538536
 -7.79999999999999999E-002  0.64600000000000002       7.04559999999999951E-007   14.165692342449207
 -7.79999999999999999E-002  0.65000000000000002       6.00999999999999942E-007   14.324670902411203
 -7.79999999999999999E-002  0.65400000000000003       9.26820000000000090E-007   13.891506464992196
 -7.79999999999999999E-002  0.65800000000000003       1.05217999999999994E-006   13.764646355623549
 -7.79999999999999999E-002  0.66200000000000003       1.36375999999999992E-006   13.505264967103741
 -7.79999999999999999E-002  0.66600000000000004       1.47496000000000002E-006   13.426879687184275
 -7.79999999999999999E-002  0.67000000000000004       1.79607999999999992E-006   13.229904045646451
 -7.79999999999999999E-002  0.67400000000000004       1.51538000000000001E-006   13.399844325371784
 -7.79999999999999999E-002  0.67800000000000005       1.94549999999999984E-006   13.149991544521804
 -7.79999999999999999E-002  0.68200000000000005       2.88716000000000024E-006   12.755237237967059
 -7.79999999999999999E-002  0.68600000000000005       4.16202000000000068E-006   12.389510024622350
 -7.79999999999999999E-002  0.68999999999999995       5.22111999999999957E-006   12.162798619697327
 -7.79999999999999999E-002  0.69399999999999995       6.86548000000000004E-006   11.889004601305153
 -7.79999999999999999E-002  0.69799999999999995       7.52250000000000040E-006   11.797612028442211
 -7.79999999999999999E-002  0.70199999999999996       9.08898000000000086E-006   11.608447867292158
 -7.79999999999999999E-002  0.70599999999999996       1.15517400000000010E-005   11.368674482992295
 -7.79999999999999999E-002  0.70999999999999996       1.48532599999999995E-005   11.117291188188918
 -7.79999999999999999E-002  0.71399999999999997       1.82297999999999995E-005   10.912452940260927
 -7.79999999999999999E-002  0.71799999999999997       2.36615600000000012E-005   10.651658767521655
 -7.79999999999999999E-002  0.72199999999999998       2.98702000000000007E-005   10.418649230077387
 -7.79999999999999999E-002  0.72599999999999998       3.78391800000000005E-005   10.182165484205674
 -7.79999999999999999E-002  0.72999999999999998       4.94661000000000040E-005   9.9142229714903252
 -7.79999999999999999E-002  0.73399999999999999       6.44813399999999914E-005   9.6491346783441188
 -7.79999999999999999E-002  0.73799999999999999       8.54339599999999927E-005   9.3677668781351446
 -7.79999999999999999E-002  0.74199999999999999       1.06193279999999984E-004   9.1502497279946571
 -7.79999999999999999E-002  0.74600000000000000       1.37253379999999995E-004   8.8936818512840574
 -7.79999999999999999E-002  0.75000000000000000       1.78292939999999991E-004   8.6320826300653319
 -7.79999999999999999E-002  0.75400000000000000       2.37346339999999984E-004   8.3459901333512718
 -7.79999999999999999E-002  0.75800000000000001       3.20607160000000000E-004   8.0452939849128118
 -7.79999999999999999E-002  0.76200000000000001       4.32477300000000061E-004   7.7459807185188874
 -7.79999999999999999E-002  0.76600000000000001       5.69994420000000048E-004   7.4698839866572797
 -7.79999999999999999E-002  0.77000000000000002       7.63101140000000061E-004   7.1781199797633679
 -7.79999999999999999E-002  0.77400000000000002       1.01512738000000000E-003   6.8927411768255977
 -7.79999999999999999E-002  0.77800000000000002       1.37935332000000007E-003   6.5861404983400442
 -7.79999999999999999E-002  0.78200000000000003       1.89097721999999984E-003   6.2706615359146012
 -7.79999999999999999E-002  0.78600000000000003       2.60298715999999998E-003   5.9510955857517560
 -7.79999999999999999E-002  0.79000000000000004       3.60733814000000017E-003   5.6247851359596979
 -7.79999999999999999E-002  0.79400000000000004       5.00073181999999977E-003   5.2981710132582016
 -7.79999999999999999E-002  0.79800000000000004       6.89582257999999965E-003   4.9768394739099513
 -7.79999999999999999E-002  0.80200000000000005       9.49029359999999968E-003   4.6574857290095713
 -7.79999999999999999E-002  0.80600000000000005       1.29113391799999984E-002   4.3496493475126723
 -7.79999999999999999E-002  0.81000000000000005       1.74187722999999996E-002   4.0502067865051981
 -7.79999999999999999E-002  0.81399999999999995       2.32665588600000015E-002   3.7607381914170102
 -7.79999999999999999E-002  0.81799999999999995       3.05807988599999976E-002   3.4873829552122335
 -7.79999999999999999E-002  0.82199999999999995       3.93959426800000040E-002   3.2340924456457874
 -7.79999999999999999E-002  0.82599999999999996       4.94852351999999981E-002   3.0060809326893367
 -7.79999999999999999E-002  0.82999999999999996       6.04999085000000048E-002   2.8051134263431790
 -7.79999999999999999E-002  0.83399999999999996       7.16203571399999933E-002   2.6363759278283605
 -7.79999999999999999E-002  0.83799999999999997       8.15955528600000035E-002   2.5059805177619205
 -7.79999999999999999E-002  0.84199999999999997       8.90870672800000013E-002   2.4181411034130331
 -7.79999999999999999E-002  0.84599999999999997       9.24523877600000044E-002   2.3810614939000523
 -7.79999999999999999E-002  0.84999999999999998       9.06585236200000005E-002   2.4006553184023858
 -7.79999999999999999E-002  0.85399999999999998       8.33988430600000052E-002   2.4841208418959098
 -7.79999999999999999E-002  0.85799999999999998       7.12939989200000040E-002   2.6409431217240114
 -7.79999999999999999E-002  0.86199999999999999       5.61161391999999981E-002   2.8803318215527378
 -7.79999999999999999E-002  0.86599999999999999       4.03906729000000006E-002   3.2091563894812203
 -7.79999999999999999E-002  0.87000000000000000       2.62770552800000029E-002   3.6390591433943742
 -7.79999999999999999E-002  0.87400000000000000       1.52671996000000015E-002   4.1820485688424442
 -7.79999999999999999E-002  0.87800000000000000       7.83990902000000073E-003   4.8485280492789906
 -7.79999999999999999E-002  0.88200000000000001       3.50717957999999988E-003   5.6529431029759767
 -7.79999999999999999E-002  0.88600000000000001       1.34671968000000001E-003   6.6100835101153885
 -7.79999999999999999E-002  0.89000000000000001       4.33254639999999986E-004   7.7441849196740327
 -7.79999999999999999E-002  0.89400000000000002       1.13632639999999990E-004   9.0825397690031799
 -7.79999999999999999E-002  0.89800000000000002       2.44180800000000012E-005   10.620186716451375
 -7.79999999999999999E-002  0.90200000000000002       4.71748000000000044E-006   12.264235799246343
 -7.79999999999999999E-002  0.90600000000000003       4.46179999999999989E-007   14.622543378901907
 -7.79999999999999999E-002  0.91000000000000003       7.23399999999999979E-008   16.441888610422460
 -7.79999999999999999E-002  0.91400000000000003        0.0000000000000000                      +Infinity
 -7.79999999999999999E-002  0.91800000000000004        0.0000000000000000                      +Infinity
 -7.79999999999999999E-002  0.92200000000000004        0.0000000000000000                      +Infinity
 -7.79999999999999999E-002  0.92600000000000005        0.0000000000000000                      +Infinity
 -7.79999999999999999E-002  0.93000000000000005        0.0000000000000000                      +Infinity
 -7.79999999999999999E-002  0.93400000000000005        0.0000000000000000                      +Infinity
 -7.79999999999999999E-002  0.93799999999999994        0.0000000000000000                      +Infinity
 -7.79999999999999999E-002  0.94199999999999995        0.0000000000000000                      +Infinity
 -7.79999999999999999E-002  0.94599999999999995        0.0000000000000000                      +Infinity
 -7.79999999999999999E-002  0.94999999999999996        0.0000000000000000                      +Infinity
 -7.79999999999999999E-002  0.95399999999999996        0.0000000000000000                      +Infinity
 -7.79999999999999999E-002  0.95799999999999996        0.0000000000000000                      +Infinity
 -7.79999999999999999E-002  0.96199999999999997        0.0000000000000000                      +Infinity
 -7.79999999999999999E-002  0.96599999999999997        0.0000000000000000                      +Infinity
 -7.79999999999999999E-002  0.96999999999999997        0.0000000000000000                      +Infinity
 -7.79999999999999999E-002  0.97399999999999998        0.0000000000000000                      +Infinity
 -7.79999999999999999E-002  0.97799999999999998        0.0000000000000000                      +Infinity
 -7.79999999999999999E-002  0.98199999999999998        0.0000000000000000                      +Infinity
 -7.79999999999999999E-002  0.98599999999999999        0.0000000000000000                      +Infinity
 -7.79999999999999999E-002  0.98999999999999999        0.0000000000000000                      +Infinity
 -7.79999999999999999E-002  0.99399999999999999        0.0000000000000000                      +Infinity
 -7.79999999999999999E-002  0.99800000000000000        0.0000000000000000                      +Infinity
