  0.42649999999999999      -0.99750000000000005        0.0000000000000000                      +Infinity
  0.42649999999999999      -0.99250000000000005        0.0000000000000000                      +Infinity
  0.42649999999999999      -0.98750000000000004        0.0000000000000000                      +Infinity
  0.42649999999999999      -0.98250000000000004        0.0000000000000000                      +Infinity
  0.42649999999999999      -0.97750000000000004        0.0000000000000000                      +Infinity
  0.42649999999999999      -0.97250000000000003        0.0000000000000000                      +Infinity
  0.42649999999999999      -0.96750000000000003        0.0000000000000000                      +Infinity
  0.42649999999999999      -0.96250000000000002        0.0000000000000000                      +Infinity
  0.42649999999999999      -0.95750000000000002        0.0000000000000000                      +Infinity
  0.42649999999999999      -0.95250000000000001        0.0000000000000000                      +Infinity
  0.42649999999999999      -0.94750000000000001        0.0000000000000000                      +Infinity
  0.42649999999999999      -0.94250000000000000        0.0000000000000000                      +Infinity
  0.42649999999999999      -0.93750000000000000        0.0000000000000000                      +Infinity
  0.42649999999999999      -0.93250000000000000        0.0000000000000000                      +Infinity
  0.42649999999999999      -0.92749999999999999        0.0000000000000000                      +Infinity
  0.42649999999999999      -0.92249999999999999        0.0000000000000000                      +Infinity
  0.42649999999999999      -0.91749999999999998        0.0000000000000000                      +Infinity
  0.42649999999999999      -0.91249999999999998        0.0000000000000000                      +Infinity
  0.42649999999999999      -0.90749999999999997        0.0000000000000000                      +Infinity
  0.42649999999999999      -0.90249999999999997        0.0000000000000000                      +Infinity
  0.42649999999999999      -0.89749999999999996        0.0000000000000000                      +Infinity
  0.42649999999999999      -0.89249999999999996       9.99999999999999955E-008   16.118095650958320
  0.42649999999999999      -0.88749999999999996        0.0000000000000000                      +Infinity
  0.42649999999999999      -0.88249999999999995       9.99999999999999955E-008   16.118095650958320
  0.42649999999999999      -0.87749999999999995       1.99999999999999991E-007   15.424948470398375
  0.42649999999999999      -0.87250000000000005       6.99999999999999968E-007   14.172185501903007
  0.42649999999999999      -0.86750000000000005       6.99999999999999968E-007   14.172185501903007
  0.42649999999999999      -0.86250000000000004       2.50000000000000020E-006   12.899219826090119
  0.42649999999999999      -0.85750000000000004       4.60000000000000000E-006   12.289454254469225
  0.42649999999999999      -0.85250000000000004       6.39999999999999971E-006   11.959212567598648
  0.42649999999999999      -0.84750000000000003       8.30000000000000015E-006   11.699255043161722
  0.42649999999999999      -0.84250000000000003       1.20000000000000003E-005   11.330603908176274
  0.42649999999999999      -0.83750000000000002       1.95999999999999987E-005   10.839980991727803
  0.42649999999999999      -0.83250000000000002       3.21000000000000010E-005   10.346654527828305
  0.42649999999999999      -0.82750000000000001       4.52000000000000009E-005   10.004413471126089
  0.42649999999999999      -0.82250000000000001       5.81999999999999984E-005   9.7516252032268813
  0.42649999999999999      -0.81750000000000000       8.03000000000000003E-005   9.4297409370115588
  0.42649999999999999      -0.81250000000000000       1.05299999999999998E-004   9.1586971388243441
  0.42649999999999999      -0.80750000000000000       1.39600000000000005E-004   8.8767293676360026
  0.42649999999999999      -0.80249999999999999       1.79900000000000009E-004   8.6231094170077860
  0.42649999999999999      -0.79749999999999999       2.15799999999999987E-004   8.4411585051402405
  0.42649999999999999      -0.79249999999999998       2.66500000000000027E-004   8.2301363143583739
  0.42649999999999999      -0.78749999999999998       3.23800000000000010E-004   8.0353845167207396
  0.42649999999999999      -0.78249999999999997       3.86100000000000007E-004   7.8594141546940834
  0.42649999999999999      -0.77749999999999997       4.67299999999999975E-004   7.6685391082578933
  0.42649999999999999      -0.77249999999999996       5.33700000000000016E-004   7.5356766746243746
  0.42649999999999999      -0.76749999999999996       6.32999999999999991E-004   7.3650401358200979
  0.42649999999999999      -0.76249999999999996       7.25700000000000021E-004   7.2283738516801828
  0.42649999999999999      -0.75749999999999995       8.12400000000000014E-004   7.1155177282580446
  0.42649999999999999      -0.75249999999999995       9.11600000000000040E-004   7.0003092605927453
  0.42649999999999999      -0.74750000000000005       1.02509999999999993E-003   6.8829651101749185
  0.42649999999999999      -0.74250000000000005       1.12990000000000009E-003   6.7856261457490739
  0.42649999999999999      -0.73750000000000004       1.24109999999999997E-003   6.6917571958287985
  0.42649999999999999      -0.73250000000000004       1.37440000000000001E-003   6.5897380067342830
  0.42649999999999999      -0.72750000000000004       1.48379999999999996E-003   6.5131489142088483
  0.42649999999999999      -0.72250000000000003       1.61209999999999999E-003   6.4302176020823216
  0.42649999999999999      -0.71750000000000003       1.71619999999999997E-003   6.3676427345912536
  0.42649999999999999      -0.71250000000000002       1.83770000000000005E-003   6.2992404892628953
  0.42649999999999999      -0.70750000000000002       1.96470000000000021E-003   6.2324157170721568
  0.42649999999999999      -0.70250000000000001       2.05639999999999989E-003   6.1867983977829244
  0.42649999999999999      -0.69750000000000001       2.20950000000000009E-003   6.1149890333934795
  0.42649999999999999      -0.69250000000000000       2.31249999999999989E-003   6.0694260885776936
  0.42649999999999999      -0.68750000000000000       2.44090000000000019E-003   6.0153884552273551
  0.42649999999999999      -0.68250000000000000       2.51249999999999998E-003   5.9864770055969432
  0.42649999999999999      -0.67749999999999999       2.63649999999999995E-003   5.9383029989937492
  0.42649999999999999      -0.67249999999999999       2.69110000000000009E-003   5.9178052470210911
  0.42649999999999999      -0.66749999999999998       2.78560000000000006E-003   5.8832919889503499
  0.42649999999999999      -0.66249999999999998       2.90870000000000017E-003   5.8400490330099100
  0.42649999999999999      -0.65749999999999997       2.98320000000000009E-003   5.8147587290996627
  0.42649999999999999      -0.65249999999999997       3.06479999999999990E-003   5.7877729645778349
  0.42649999999999999      -0.64749999999999996       3.11679999999999987E-003   5.7709484445160584
  0.42649999999999999      -0.64249999999999996       3.23870000000000017E-003   5.7325832642619270
  0.42649999999999999      -0.63749999999999996       3.30480000000000010E-003   5.7123793218817189
  0.42649999999999999      -0.63249999999999995       3.36920000000000015E-003   5.6930799515230657
  0.42649999999999999      -0.62749999999999995       3.40660000000000008E-003   5.6820405525377975
  0.42649999999999999      -0.62250000000000005       3.49119999999999986E-003   5.6575097623255228
  0.42649999999999999      -0.61750000000000005       3.58109999999999982E-003   5.6320852631951714
  0.42649999999999999      -0.61250000000000004       3.58409999999999979E-003   5.6312478824729864
  0.42649999999999999      -0.60750000000000004       3.63230000000000020E-003   5.6178892225352666
  0.42649999999999999      -0.60250000000000004       3.67840000000000007E-003   5.6052774039553572
  0.42649999999999999      -0.59750000000000003       3.72999999999999981E-003   5.5913470453264127
  0.42649999999999999      -0.59250000000000003       3.74969999999999991E-003   5.5860794421999884
  0.42649999999999999      -0.58750000000000002       3.79329999999999988E-003   5.5745189263368919
  0.42649999999999999      -0.58250000000000002       3.83009999999999991E-003   5.5648643664698589
  0.42649999999999999      -0.57750000000000001       3.84130000000000018E-003   5.5619444280081343
  0.42649999999999999      -0.57250000000000001       3.87900000000000007E-003   5.5521778905243071
  0.42649999999999999      -0.56750000000000000       3.89660000000000006E-003   5.5476509009524877
  0.42649999999999999      -0.56250000000000000       3.90129999999999991E-003   5.5464454480564163
  0.42649999999999999      -0.55750000000000000       3.92710000000000021E-003   5.5398540389791382
  0.42649999999999999      -0.55249999999999999       3.93099999999999960E-003   5.5388614325424141
  0.42649999999999999      -0.54749999999999999       3.96339999999999974E-003   5.5306530362311612
  0.42649999999999999      -0.54249999999999998       3.97980000000000035E-003   5.5265237122047086
  0.42649999999999999      -0.53749999999999998       3.92479999999999999E-003   5.5404398844600493
  0.42649999999999999      -0.53249999999999997       3.97859999999999967E-003   5.5268252803613969
  0.42649999999999999      -0.52749999999999997       3.96900000000000031E-003   5.5292411051812085
  0.42649999999999999      -0.52249999999999996       4.00209999999999975E-003   5.5209360556265308
  0.42649999999999999      -0.51749999999999996       4.01509999999999975E-003   5.5176930252933269
  0.42649999999999999      -0.51249999999999996       4.00730000000000010E-003   5.5196375811513851
  0.42649999999999999      -0.50749999999999995       3.97980000000000035E-003   5.5265237122047086
  0.42649999999999999      -0.50249999999999995       4.01880000000000032E-003   5.5167719283761150
  0.42649999999999999      -0.49750000000000000       4.02540000000000016E-003   5.5151309941673770
  0.42649999999999999      -0.49249999999999999       3.94349999999999996E-003   5.5356866251262282
  0.42649999999999999      -0.48749999999999999       3.97910000000000017E-003   5.5266996159104487
  0.42649999999999999      -0.48249999999999998       3.98949999999999999E-003   5.5240893692159387
  0.42649999999999999      -0.47749999999999998       3.94309999999999973E-003   5.5357880630082930
  0.42649999999999999      -0.47249999999999998       3.93079999999999992E-003   5.5389123114760022
  0.42649999999999999      -0.46750000000000003       3.92379999999999986E-003   5.5406947069775461
  0.42649999999999999      -0.46250000000000002       3.93259999999999964E-003   5.5384544942388176
  0.42649999999999999      -0.45750000000000002       3.89140000000000015E-003   5.5489862889269981
  0.42649999999999999      -0.45250000000000001       3.87069999999999992E-003   5.5543199097440281
  0.42649999999999999      -0.44750000000000001       3.86589999999999981E-003   5.5555607650592540
  0.42649999999999999      -0.44250000000000000       3.85959999999999992E-003   5.5571917278180454
  0.42649999999999999      -0.43750000000000000       3.87220000000000012E-003   5.5539324580092089
  0.42649999999999999      -0.43250000000000000       3.82940000000000016E-003   5.5650471460251696
  0.42649999999999999      -0.42749999999999999       3.81149999999999978E-003   5.5697324665359460
  0.42649999999999999      -0.42249999999999999       3.81800000000000021E-003   5.5680285536785812
  0.42649999999999999      -0.41749999999999998       3.78569999999999992E-003   5.5765244686372997
  0.42649999999999999      -0.41249999999999998       3.80059999999999990E-003   5.5725963299770171
  0.42649999999999999      -0.40749999999999997       3.78120000000000019E-003   5.5777138594130449
  0.42649999999999999      -0.40250000000000002       3.73170000000000012E-003   5.5908913850802451
  0.42649999999999999      -0.39750000000000002       3.70600000000000009E-003   5.5978021511189686
  0.42649999999999999      -0.39250000000000002       3.75900000000000019E-003   5.5836023144000961
  0.42649999999999999      -0.38750000000000001       3.71600000000000012E-003   5.5951074580305447
  0.42649999999999999      -0.38250000000000001       3.71490000000000015E-003   5.5954035190751119
  0.42649999999999999      -0.37750000000000000       3.68410000000000005E-003   5.6037290165492273
  0.42649999999999999      -0.37250000000000000       3.67430000000000014E-003   5.6063926406507063
  0.42649999999999999      -0.36749999999999999       3.64569999999999998E-003   5.6142068880638361
  0.42649999999999999      -0.36249999999999999       3.63480000000000010E-003   5.6172011901430823
  0.42649999999999999      -0.35749999999999998       3.61869999999999987E-003   5.6216404336641572
  0.42649999999999999      -0.35249999999999998       3.62620000000000000E-003   5.6195700109725655
  0.42649999999999999      -0.34749999999999998       3.55889999999999982E-003   5.6383037706291068
  0.42649999999999999      -0.34250000000000003       3.58049999999999992E-003   5.6322528235172795
  0.42649999999999999      -0.33750000000000002       3.58910000000000002E-003   5.6298538042903701
  0.42649999999999999      -0.33250000000000002       3.55799999999999996E-003   5.6385566897384933
  0.42649999999999999      -0.32750000000000001       3.54179999999999990E-003   5.6431202064895754
  0.42649999999999999      -0.32250000000000001       3.50259999999999981E-003   5.6542497291257101
  0.42649999999999999      -0.31750000000000000       3.46649999999999996E-003   5.6646098395817290
  0.42649999999999999      -0.31250000000000000       3.44720000000000009E-003   5.6701929716626456
  0.42649999999999999      -0.30750000000000000       3.44550000000000021E-003   5.6706862471670112
  0.42649999999999999      -0.30249999999999999       3.45530000000000012E-003   5.6678459948518958
  0.42649999999999999      -0.29749999999999999       3.43630000000000021E-003   5.6733599678449540
  0.42649999999999999      -0.29249999999999998       3.42809999999999990E-003   5.6757491071434965
  0.42649999999999999      -0.28749999999999998       3.38749999999999989E-003   5.6876630927763179
  0.42649999999999999      -0.28249999999999997       3.34819999999999996E-003   5.6993323909825895
  0.42649999999999999      -0.27750000000000002       3.35680000000000006E-003   5.6967671397622963
  0.42649999999999999      -0.27250000000000002       3.33970000000000013E-003   5.7018742963868991
  0.42649999999999999      -0.26750000000000002       3.33819999999999993E-003   5.7023235394199574
  0.42649999999999999      -0.26250000000000001       3.35760000000000008E-003   5.6965288459448926
  0.42649999999999999      -0.25750000000000001       3.29580000000000021E-003   5.7151063483876445
  0.42649999999999999      -0.25250000000000000       3.30450000000000015E-003   5.7124701030537661
  0.42649999999999999      -0.24750000000000000       3.28029999999999988E-003   5.7198203973539741
  0.42649999999999999      -0.24249999999999999       3.30720000000000016E-003   5.7116533690367701
  0.42649999999999999      -0.23749999999999999       3.26409999999999981E-003   5.7247712050946857
  0.42649999999999999      -0.23250000000000001       3.25440000000000017E-003   5.7277473521100335
  0.42649999999999999      -0.22750000000000001       3.24850000000000009E-003   5.7295619276436884
  0.42649999999999999      -0.22250000000000000       3.20579999999999997E-003   5.7427936097724936
  0.42649999999999999      -0.21750000000000000       3.20380000000000014E-003   5.7434176736968912
  0.42649999999999999      -0.21249999999999999       3.18700000000000016E-003   5.7486752435469377
  0.42649999999999999      -0.20749999999999999       3.17229999999999986E-003   5.7532984021281166
  0.42649999999999999      -0.20250000000000001       3.13739999999999982E-003   5.7643608475421342
  0.42649999999999999      -0.19750000000000001       3.17799999999999984E-003   5.7515032108676127
  0.42649999999999999      -0.19250000000000000       3.14020000000000011E-003   5.7634687868228527
  0.42649999999999999      -0.18750000000000000       3.16450000000000021E-003   5.7557602137489141
  0.42649999999999999      -0.18250000000000000       3.13869999999999991E-003   5.7639465775277650
  0.42649999999999999      -0.17749999999999999       3.11569999999999989E-003   5.7713014328871521
  0.42649999999999999      -0.17249999999999999       3.12819999999999982E-003   5.7672975197241332
  0.42649999999999999      -0.16750000000000001       3.12120000000000019E-003   5.7695377357216682
  0.42649999999999999      -0.16250000000000001       3.08690000000000006E-003   5.7805879278967538
  0.42649999999999999      -0.15750000000000000       3.09310000000000010E-003   5.7785814547316834
  0.42649999999999999      -0.15250000000000000       3.06040000000000001E-003   5.7892096526065773
  0.42649999999999999      -0.14749999999999999       3.09399999999999996E-003   5.7782905268312623
  0.42649999999999999      -0.14249999999999999       3.05529999999999994E-003   5.7908774915071826
  0.42649999999999999      -0.13750000000000001       3.07349999999999984E-003   5.7849383016172098
  0.42649999999999999      -0.13250000000000001       3.04790000000000009E-003   5.7933024500948944
  0.42649999999999999      -0.12750000000000000       3.04939999999999985E-003   5.7928104290264679
  0.42649999999999999      -0.12250000000000000       3.03829999999999985E-003   5.7964571305068446
  0.42649999999999999      -0.11749999999999999       2.99979999999999995E-003   5.8092096592030149
  0.42649999999999999      -0.11250000000000000       3.04209999999999984E-003   5.7952072125755487
  0.42649999999999999      -0.10750000000000000       2.98720000000000019E-003   5.8134187851768155
  0.42649999999999999      -0.10249999999999999       2.99039999999999983E-003   5.8123481212629757
  0.42649999999999999      -9.75000000000000033E-002  3.03149999999999991E-003   5.7986977324524887
  0.42649999999999999      -9.24999999999999989E-002  2.98050000000000008E-003   5.8156642073042928
  0.42649999999999999      -8.74999999999999944E-002  3.01410000000000003E-003   5.8044540008278958
  0.42649999999999999      -8.25000000000000039E-002  2.99210000000000014E-003   5.8117797969685308
  0.42649999999999999      -7.74999999999999994E-002  3.01320000000000017E-003   5.8047526420127342
  0.42649999999999999      -7.24999999999999950E-002  2.97659999999999982E-003   5.8169735694292157
  0.42649999999999999      -6.75000000000000044E-002  2.98290000000000013E-003   5.8148592973101367
  0.42649999999999999      -6.25000000000000000E-002  2.99499999999999983E-003   5.8108110474147248
  0.42649999999999999      -5.75000000000000025E-002  2.95699999999999999E-003   5.8235800381117970
  0.42649999999999999      -5.24999999999999981E-002  2.98469999999999985E-003   5.8142560397008500
  0.42649999999999999      -4.75000000000000006E-002  2.93340000000000007E-003   5.8315931191516190
  0.42649999999999999      -4.25000000000000031E-002  2.99000000000000004E-003   5.8124818915795418
  0.42649999999999999      -3.74999999999999986E-002  2.96599999999999989E-003   5.8205410352663964
  0.42649999999999999      -3.25000000000000011E-002  2.96400000000000005E-003   5.8212155715482963
  0.42649999999999999      -2.75000000000000001E-002  2.95070000000000011E-003   5.8257128486431924
  0.42649999999999999      -2.24999999999999992E-002  2.96709999999999986E-003   5.8201702341632284
  0.42649999999999999      -1.75000000000000017E-002  2.96739999999999981E-003   5.8200691304475809
  0.42649999999999999      -1.25000000000000007E-002  2.94459999999999991E-003   5.8277822945329660
  0.42649999999999999      -7.49999999999999972E-003  2.93360000000000018E-003   5.8315249412071575
  0.42649999999999999      -2.50000000000000005E-003  2.95299999999999990E-003   5.8249336762203514
  0.42649999999999999       2.50000000000000005E-003  2.92740000000000014E-003   5.8336406219144274
  0.42649999999999999       7.49999999999999972E-003  2.95789999999999985E-003   5.8232757218910844
  0.42649999999999999       1.25000000000000007E-002  2.93409999999999982E-003   5.8313545166792471
  0.42649999999999999       1.75000000000000017E-002  2.96860000000000006E-003   5.8196648177736092
  0.42649999999999999       2.24999999999999992E-002  2.96450000000000012E-003   5.8210468948168517
  0.42649999999999999       2.75000000000000001E-002  2.94670000000000001E-003   5.8270693788474830
  0.42649999999999999       3.25000000000000011E-002  2.96659999999999979E-003   5.8203387630747621
  0.42649999999999999       3.74999999999999986E-002  2.96249999999999986E-003   5.8217217725208874
  0.42649999999999999       4.25000000000000031E-002  2.93379999999999986E-003   5.8314567679106117
  0.42649999999999999       4.75000000000000006E-002  2.97730000000000000E-003   5.8167384294358584
  0.42649999999999999       5.24999999999999981E-002  2.95159999999999997E-003   5.8254078827800626
  0.42649999999999999       5.75000000000000025E-002  2.99249999999999993E-003   5.8116461205321457
  0.42649999999999999       6.25000000000000000E-002  2.98279999999999986E-003   5.8148928222946346
  0.42649999999999999       6.75000000000000044E-002  2.99640000000000019E-003   5.8103437108905460
  0.42649999999999999       7.24999999999999950E-002  2.98089999999999987E-003   5.8155300106388790
  0.42649999999999999       7.74999999999999994E-002  2.97579999999999980E-003   5.8172423685706773
  0.42649999999999999       8.25000000000000039E-002  2.96219999999999990E-003   5.8218230434714018
  0.42649999999999999       8.74999999999999944E-002  2.98899999999999990E-003   5.8128163956803363
  0.42649999999999999       9.24999999999999989E-002  3.00739999999999992E-003   5.8066793608760543
  0.42649999999999999       9.75000000000000033E-002  3.01400000000000019E-003   5.8044871787778334
  0.42649999999999999       0.10249999999999999       3.01320000000000017E-003   5.8047526420127342
  0.42649999999999999       0.10750000000000000       3.02190000000000011E-003   5.8018695063475292
  0.42649999999999999       0.11250000000000000       3.00819999999999994E-003   5.8064133857431610
  0.42649999999999999       0.11749999999999999       3.02749999999999981E-003   5.8000180825370267
  0.42649999999999999       0.12250000000000000       3.02939999999999980E-003   5.7993906988713491
  0.42649999999999999       0.12750000000000000       3.04669999999999984E-003   5.7936962413250024
  0.42649999999999999       0.13250000000000001       3.02309999999999992E-003   5.8014724840098078
  0.42649999999999999       0.13750000000000001       3.05760000000000016E-003   5.7901249844782656
  0.42649999999999999       0.14249999999999999       3.04250000000000007E-003   5.7950757331025917
  0.42649999999999999       0.14749999999999999       3.06580000000000004E-003   5.7874467322322669
  0.42649999999999999       0.15250000000000000       3.07889999999999987E-003   5.7831828886444958
  0.42649999999999999       0.15750000000000000       3.07490000000000020E-003   5.7844828985776564
  0.42649999999999999       0.16250000000000001       3.10610000000000009E-003   5.7743873590237529
  0.42649999999999999       0.16750000000000001       3.12189999999999994E-003   5.7693134881514121
  0.42649999999999999       0.17249999999999999       3.11750000000000005E-003   5.7707238804100829
  0.42649999999999999       0.17749999999999999       3.14590000000000009E-003   5.7616552612466716
  0.42649999999999999       0.18250000000000000       3.15879999999999980E-003   5.7575630703408480
  0.42649999999999999       0.18750000000000000       3.17650000000000007E-003   5.7519753172576857
  0.42649999999999999       0.19250000000000000       3.16050000000000011E-003   5.7570250360519211
  0.42649999999999999       0.19750000000000001       3.21060000000000009E-003   5.7412974434189605
  0.42649999999999999       0.20250000000000001       3.20589999999999981E-003   5.7427624167971487
  0.42649999999999999       0.20749999999999999       3.17940000000000019E-003   5.7510627792375031
  0.42649999999999999       0.21249999999999999       3.25710000000000019E-003   5.7269180500583579
  0.42649999999999999       0.21750000000000000       3.20399999999999982E-003   5.7433552497760241
  0.42649999999999999       0.22250000000000000       3.26100000000000001E-003   5.7257213821749549
  0.42649999999999999       0.22750000000000001       3.23919999999999981E-003   5.7324288932463228
  0.42649999999999999       0.23250000000000001       3.25079999999999987E-003   5.7288541590852242
  0.42649999999999999       0.23749999999999999       3.29949999999999992E-003   5.7139843371407979
  0.42649999999999999       0.24249999999999999       3.27409999999999984E-003   5.7217122568221841
  0.42649999999999999       0.24750000000000000       3.33400000000000016E-003   5.7035824946535350
  0.42649999999999999       0.25250000000000000       3.31309999999999981E-003   5.7098709719967582
  0.42649999999999999       0.25750000000000001       3.32169999999999991E-003   5.7072785789129101
  0.42649999999999999       0.26250000000000001       3.33370000000000020E-003   5.7036724807057571
  0.42649999999999999       0.26750000000000002       3.38689999999999998E-003   5.6878402302354489
  0.42649999999999999       0.27250000000000002       3.35769999999999992E-003   5.6964990632099424
  0.42649999999999999       0.27750000000000002       3.39909999999999995E-003   5.6842445882831605
  0.42649999999999999       0.28249999999999997       3.39880000000000000E-003   5.6843328508348883
  0.42649999999999999       0.28749999999999998       3.43740000000000018E-003   5.6730399073216873
  0.42649999999999999       0.29249999999999998       3.44850000000000018E-003   5.6698159250929283
  0.42649999999999999       0.29749999999999999       3.48320000000000010E-003   5.6598038674839914
  0.42649999999999999       0.30249999999999999       3.49020000000000016E-003   5.6577962378195030
  0.42649999999999999       0.30750000000000000       3.49259999999999978E-003   5.6571088344585290
  0.42649999999999999       0.31250000000000000       3.47810000000000003E-003   5.6612691113069697
  0.42649999999999999       0.31750000000000000       3.53479999999999983E-003   5.6450985583204245
  0.42649999999999999       0.32250000000000001       3.55110000000000018E-003   5.6404978643363162
  0.42649999999999999       0.32750000000000001       3.58939999999999997E-003   5.6297702213690979
  0.42649999999999999       0.33250000000000002       3.57720000000000000E-003   5.6331749074922479
  0.42649999999999999       0.33750000000000002       3.61429999999999998E-003   5.6228570797426176
  0.42649999999999999       0.34250000000000003       3.63299999999999994E-003   5.6176965257430718
  0.42649999999999999       0.34749999999999998       3.66540000000000008E-003   5.6088178090804979
  0.42649999999999999       0.35249999999999998       3.65309999999999984E-003   5.6121791567832027
  0.42649999999999999       0.35749999999999998       3.69160000000000018E-003   5.6016953105728522
  0.42649999999999999       0.36249999999999999       3.72250000000000011E-003   5.5933597934061101
  0.42649999999999999       0.36749999999999999       3.72900000000000011E-003   5.5916151777854530
  0.42649999999999999       0.37250000000000000       3.71179999999999991E-003   5.5962383448200699
  0.42649999999999999       0.37750000000000000       3.75539999999999988E-003   5.5845604748055635
  0.42649999999999999       0.38250000000000001       3.75669999999999997E-003   5.5842143665234643
  0.42649999999999999       0.38750000000000001       3.79629999999999985E-003   5.5737283707987233
  0.42649999999999999       0.39250000000000002       3.80640000000000015E-003   5.5710714184155812
  0.42649999999999999       0.39750000000000002       3.80009999999999983E-003   5.5727278968065779
  0.42649999999999999       0.40250000000000002       3.83950000000000003E-003   5.5624131291936756
  0.42649999999999999       0.40749999999999997       3.88170000000000008E-003   5.5514820769742572
  0.42649999999999999       0.41249999999999998       3.84899999999999999E-003   5.5599419046805281
  0.42649999999999999       0.41749999999999998       3.90010000000000009E-003   5.5467530851496205
  0.42649999999999999       0.42249999999999999       3.90239999999999988E-003   5.5461635305026187
  0.42649999999999999       0.42749999999999999       3.93009999999999974E-003   5.5390904081320720
  0.42649999999999999       0.43250000000000000       3.92990000000000006E-003   5.5391412987173254
  0.42649999999999999       0.43750000000000000       3.90500000000000005E-003   5.5454974956904879
  0.42649999999999999       0.44250000000000000       3.93039999999999969E-003   5.5390140771098357
  0.42649999999999999       0.44750000000000001       3.96490000000000037E-003   5.5302746448943312
  0.42649999999999999       0.45250000000000001       3.95690000000000017E-003   5.5322943885686415
  0.42649999999999999       0.45750000000000002       3.97729999999999959E-003   5.5271520818575368
  0.42649999999999999       0.46250000000000002       3.98260000000000020E-003   5.5258204066396992
  0.42649999999999999       0.46750000000000003       4.02749999999999983E-003   5.5146094429131445
  0.42649999999999999       0.47249999999999998       4.03310000000000040E-003   5.5132199679606684
  0.42649999999999999       0.47749999999999998       3.99699999999999969E-003   5.5222111992529506
  0.42649999999999999       0.48249999999999998       4.05020000000000033E-003   5.5089890163669262
  0.42649999999999999       0.48749999999999999       4.02860000000000024E-003   5.5143363579199507
  0.42649999999999999       0.49249999999999999       4.06549999999999967E-003   5.5052185423163822
  0.42649999999999999       0.49750000000000000       4.03460000000000017E-003   5.5128481147640240
  0.42649999999999999       0.50249999999999995       4.03010000000000000E-003   5.5139640894356230
  0.42649999999999999       0.50749999999999995       4.03199999999999999E-003   5.5134927482130696
  0.42649999999999999       0.51249999999999996       4.07490000000000022E-003   5.5029090724677197
  0.42649999999999999       0.51749999999999996       4.03750000000000029E-003   5.5121295904333625
  0.42649999999999999       0.52249999999999996       4.01919999999999968E-003   5.5166724011304495
  0.42649999999999999       0.52749999999999997       4.05259999999999995E-003   5.5083966285330455
  0.42649999999999999       0.53249999999999997       4.04130000000000027E-003   5.5111888565916418
  0.42649999999999999       0.53749999999999998       4.07200000000000010E-003   5.5036209997339158
  0.42649999999999999       0.54249999999999998       3.98049999999999966E-003   5.5263478394356413
  0.42649999999999999       0.54749999999999999       3.99250000000000039E-003   5.5233376778751069
  0.42649999999999999       0.55249999999999999       4.02899999999999960E-003   5.5142370727729269
  0.42649999999999999       0.55750000000000000       3.97660000000000027E-003   5.5273280961402929
  0.42649999999999999       0.56250000000000000       3.96559999999999968E-003   5.5300981112579102
  0.42649999999999999       0.56750000000000000       3.96619999999999959E-003   5.5299468215125449
  0.42649999999999999       0.57250000000000001       3.95600000000000031E-003   5.5325218652216712
  0.42649999999999999       0.57750000000000001       3.89760000000000020E-003   5.5473942998887509
  0.42649999999999999       0.58250000000000002       3.87309999999999998E-003   5.5537000590048970
  0.42649999999999999       0.58750000000000002       3.84190000000000009E-003   5.5617882430848686
  0.42649999999999999       0.59250000000000003       3.78709999999999984E-003   5.5761547242848932
  0.42649999999999999       0.59750000000000003       3.76910000000000005E-003   5.5809190328124449
  0.42649999999999999       0.60250000000000004       3.69430000000000019E-003   5.6009641877251912
  0.42649999999999999       0.60750000000000004       3.68279999999999996E-003   5.6040819465505836
  0.42649999999999999       0.61250000000000004       3.63849999999999981E-003   5.6161837701771331
  0.42649999999999999       0.61750000000000005       3.56809999999999983E-003   5.6357220377512913
  0.42649999999999999       0.62250000000000005       3.55840000000000019E-003   5.6384442733480657
  0.42649999999999999       0.62749999999999995       3.44670000000000002E-003   5.6703380274368449
  0.42649999999999999       0.63249999999999995       3.44329999999999983E-003   5.6713249651076669
  0.42649999999999999       0.63749999999999996       3.31810000000000004E-003   5.7083629490303105
  0.42649999999999999       0.64249999999999996       3.26349999999999991E-003   5.7249550398890019
  0.42649999999999999       0.64749999999999996       3.20760000000000012E-003   5.7422322850314007
  0.42649999999999999       0.65249999999999997       3.14679999999999994E-003   5.7613692155091867
  0.42649999999999999       0.65749999999999997       3.05740000000000005E-003   5.7901903973973408
  0.42649999999999999       0.66249999999999998       2.94489999999999986E-003   5.8276804183124860
  0.42649999999999999       0.66749999999999998       2.83080000000000007E-003   5.8671959217626446
  0.42649999999999999       0.67249999999999999       2.78109999999999989E-003   5.8849087460884073
  0.42649999999999999       0.67749999999999999       2.63890000000000001E-003   5.9373931153202548
  0.42649999999999999       0.68250000000000000       2.57889999999999986E-003   5.9603923275535715
  0.42649999999999999       0.68750000000000000       2.43509999999999994E-003   6.0177674555290341
  0.42649999999999999       0.69250000000000000       2.30999999999999999E-003   6.0705077544484345
  0.42649999999999999       0.69750000000000001       2.21620000000000020E-003   6.1119612614620493
  0.42649999999999999       0.70250000000000001       2.10969999999999994E-003   6.1612095216974962
  0.42649999999999999       0.70750000000000002       1.99689999999999980E-003   6.2161593009149287
  0.42649999999999999       0.71250000000000002       1.87490000000000009E-003   6.2791999543153691
  0.42649999999999999       0.71750000000000003       1.74130000000000010E-003   6.3531233182789366
  0.42649999999999999       0.72250000000000003       1.61309999999999991E-003   6.4295974854805324
  0.42649999999999999       0.72750000000000004       1.51509999999999991E-003   6.4922738355984846
  0.42649999999999999       0.73250000000000004       1.38199999999999998E-003   6.5842235536366589
  0.42649999999999999       0.73750000000000004       1.29539999999999994E-003   6.6489357512154577
  0.42649999999999999       0.74250000000000005       1.17390000000000007E-003   6.7474237400797978
  0.42649999999999999       0.74750000000000005       1.04649999999999990E-003   6.8623040160782196
  0.42649999999999999       0.75249999999999995       9.59899999999999968E-004   6.9486814455947830
  0.42649999999999999       0.75749999999999995       8.50100000000000009E-004   7.0701565683409608
  0.42649999999999999       0.76249999999999996       7.33999999999999952E-004   7.2170015293497585
  0.42649999999999999       0.76749999999999996       6.43499999999999975E-004   7.3485885309280929
  0.42649999999999999       0.77249999999999996       5.75899999999999958E-004   7.4595765234516476
  0.42649999999999999       0.77749999999999997       4.73900000000000027E-004   7.6545142289907311
  0.42649999999999999       0.78249999999999997       4.07099999999999975E-004   7.8064517024553410
  0.42649999999999999       0.78749999999999998       3.52299999999999998E-004   7.9510274726170822
  0.42649999999999999       0.79249999999999998       2.86999999999999983E-004   8.1560283422046531
  0.42649999999999999       0.79749999999999999       2.28900000000000007E-004   8.3822253310057526
  0.42649999999999999       0.80249999999999999       1.86600000000000009E-004   8.5865432695510311
  0.42649999999999999       0.80750000000000000       1.54400000000000012E-004   8.7759639203735986
  0.42649999999999999       0.81250000000000000       1.11799999999999993E-004   9.0987989972432750
  0.42649999999999999       0.81750000000000000       8.37000000000000016E-005   9.3882715804688441
  0.42649999999999999       0.82250000000000001       6.15000000000000041E-005   9.6964733831518011
  0.42649999999999999       0.82750000000000001       4.77000000000000007E-005   9.9505791600699780
  0.42649999999999999       0.83250000000000002       3.00000000000000008E-005   10.414313176302120
  0.42649999999999999       0.83750000000000002       2.18000000000000013E-005   10.733600588169232
  0.42649999999999999       0.84250000000000003       1.52999999999999992E-005   11.087657729565885
  0.42649999999999999       0.84750000000000003       1.09999999999999997E-005   11.417615285165903
  0.42649999999999999       0.85250000000000004       5.39999999999999997E-006   12.129111604394046
  0.42649999999999999       0.85750000000000004       3.19999999999999986E-006   12.652359748158593
  0.42649999999999999       0.86250000000000004       1.79999999999999992E-006   13.227723893062155
  0.42649999999999999       0.86750000000000005       9.99999999999999955E-007   13.815510557964274
  0.42649999999999999       0.87250000000000005       3.99999999999999982E-007   14.731801289838430
  0.42649999999999999       0.87749999999999995       3.99999999999999982E-007   14.731801289838430
  0.42649999999999999       0.88249999999999995       9.99999999999999955E-008   16.118095650958320
  0.42649999999999999       0.88749999999999996        0.0000000000000000                      +Infinity
  0.42649999999999999       0.89249999999999996       9.99999999999999955E-008   16.118095650958320
  0.42649999999999999       0.89749999999999996       9.99999999999999955E-008   16.118095650958320
  0.42649999999999999       0.90249999999999997        0.0000000000000000                      +Infinity
  0.42649999999999999       0.90749999999999997        0.0000000000000000                      +Infinity
  0.42649999999999999       0.91249999999999998        0.0000000000000000                      +Infinity
  0.42649999999999999       0.91749999999999998        0.0000000000000000                      +Infinity
  0.42649999999999999       0.92249999999999999        0.0000000000000000                      +Infinity
  0.42649999999999999       0.92749999999999999        0.0000000000000000                      +Infinity
  0.42649999999999999       0.93250000000000000        0.0000000000000000                      +Infinity
  0.42649999999999999       0.93750000000000000        0.0000000000000000                      +Infinity
  0.42649999999999999       0.94250000000000000        0.0000000000000000                      +Infinity
  0.42649999999999999       0.94750000000000001        0.0000000000000000                      +Infinity
  0.42649999999999999       0.95250000000000001        0.0000000000000000                      +Infinity
  0.42649999999999999       0.95750000000000002        0.0000000000000000                      +Infinity
  0.42649999999999999       0.96250000000000002        0.0000000000000000                      +Infinity
  0.42649999999999999       0.96750000000000003        0.0000000000000000                      +Infinity
  0.42649999999999999       0.97250000000000003        0.0000000000000000                      +Infinity
  0.42649999999999999       0.97750000000000004        0.0000000000000000                      +Infinity
  0.42649999999999999       0.98250000000000004        0.0000000000000000                      +Infinity
  0.42649999999999999       0.98750000000000004        0.0000000000000000                      +Infinity
  0.42649999999999999       0.99250000000000005        0.0000000000000000                      +Infinity
  0.42649999999999999       0.99750000000000005        0.0000000000000000                      +Infinity
