  0.42149999999999999      -0.99750000000000005        0.0000000000000000                      +Infinity
  0.42149999999999999      -0.99250000000000005        0.0000000000000000                      +Infinity
  0.42149999999999999      -0.98750000000000004        0.0000000000000000                      +Infinity
  0.42149999999999999      -0.98250000000000004        0.0000000000000000                      +Infinity
  0.42149999999999999      -0.97750000000000004        0.0000000000000000                      +Infinity
  0.42149999999999999      -0.97250000000000003        0.0000000000000000                      +Infinity
  0.42149999999999999      -0.96750000000000003        0.0000000000000000                      +Infinity
  0.42149999999999999      -0.96250000000000002        0.0000000000000000                      +Infinity
  0.42149999999999999      -0.95750000000000002        0.0000000000000000                      +Infinity
  0.42149999999999999      -0.95250000000000001        0.0000000000000000                      +Infinity
  0.42149999999999999      -0.94750000000000001        0.0000000000000000                      +Infinity
  0.42149999999999999      -0.94250000000000000        0.0000000000000000                      +Infinity
  0.42149999999999999      -0.93750000000000000        0.0000000000000000                      +Infinity
  0.42149999999999999      -0.93250000000000000        0.0000000000000000                      +Infinity
  0.42149999999999999      -0.92749999999999999        0.0000000000000000                      +Infinity
  0.42149999999999999      -0.92249999999999999        0.0000000000000000                      +Infinity
  0.42149999999999999      -0.91749999999999998        0.0000000000000000                      +Infinity
  0.42149999999999999      -0.91249999999999998        0.0000000000000000                      +Infinity
  0.42149999999999999      -0.90749999999999997        0.0000000000000000                      +Infinity
  0.42149999999999999      -0.90249999999999997        0.0000000000000000                      +Infinity
  0.42149999999999999      -0.89749999999999996        0.0000000000000000                      +Infinity
  0.42149999999999999      -0.89249999999999996        0.0000000000000000                      +Infinity
  0.42149999999999999      -0.88749999999999996        0.0000000000000000                      +Infinity
  0.42149999999999999      -0.88249999999999995        0.0000000000000000                      +Infinity
  0.42149999999999999      -0.87749999999999995        0.0000000000000000                      +Infinity
  0.42149999999999999      -0.87250000000000005        0.0000000000000000                      +Infinity
  0.42149999999999999      -0.86750000000000005        0.0000000000000000                      +Infinity
  0.42149999999999999      -0.86250000000000004        0.0000000000000000                      +Infinity
  0.42149999999999999      -0.85750000000000004       5.99999999999999973E-007   14.326336181730264
  0.42149999999999999      -0.85250000000000004       8.99999999999999959E-007   13.920871073622100
  0.42149999999999999      -0.84750000000000003       7.99999999999999964E-007   14.038654109278484
  0.42149999999999999      -0.84250000000000003       1.50000000000000004E-006   13.410045449856110
  0.42149999999999999      -0.83750000000000002       1.99999999999999991E-006   13.122363377404328
  0.42149999999999999      -0.83250000000000002       3.09999999999999997E-006   12.684108446473173
  0.42149999999999999      -0.82750000000000001       4.30000000000000033E-006   12.356895535264757
  0.42149999999999999      -0.82250000000000001       6.19999999999999993E-006   11.990961265913228
  0.42149999999999999      -0.81750000000000000       8.10000000000000037E-006   11.723646496285880
  0.42149999999999999      -0.81250000000000000       1.56999999999999988E-005   11.061849845610011
  0.42149999999999999      -0.80750000000000000       2.04000000000000012E-005   10.799975657114103
  0.42149999999999999      -0.80249999999999999       2.57000000000000013E-005   10.569019566063099
  0.42149999999999999      -0.79749999999999999       3.72999999999999986E-005   10.196517231314504
  0.42149999999999999      -0.79249999999999998       4.75000000000000026E-005   9.9547808469236791
  0.42149999999999999      -0.78749999999999998       6.00999999999999972E-005   9.7195007164231129
  0.42149999999999999      -0.78249999999999997       7.07999999999999998E-005   9.5556515572645999
  0.42149999999999999      -0.77749999999999997       9.13999999999999990E-005   9.3002650795041699
  0.42149999999999999      -0.77249999999999996       1.09199999999999998E-004   9.1223294946534690
  0.42149999999999999      -0.76749999999999996       1.37799999999999988E-004   8.8897071993847163
  0.42149999999999999      -0.76249999999999996       1.58099999999999994E-004   8.7522828137488471
  0.42149999999999999      -0.75749999999999995       1.98299999999999995E-004   8.5257295224385246
  0.42149999999999999      -0.75249999999999995       2.28099999999999988E-004   8.3857264286739319
  0.42149999999999999      -0.74750000000000005       2.63200000000000001E-004   8.2425963585131115
  0.42149999999999999      -0.74250000000000005       3.11699999999999987E-004   8.0734693711909831
  0.42149999999999999      -0.73750000000000004       3.43099999999999991E-004   7.9774886080998701
  0.42149999999999999      -0.73250000000000004       3.88900000000000020E-004   7.8521883168025726
  0.42149999999999999      -0.72750000000000004       4.52499999999999994E-004   7.7007227948242933
  0.42149999999999999      -0.72250000000000003       4.89799999999999979E-004   7.6215134134462064
  0.42149999999999999      -0.71750000000000003       5.56700000000000033E-004   7.4934840627748116
  0.42149999999999999      -0.71250000000000002       6.04700000000000007E-004   7.4107780906851071
  0.42149999999999999      -0.70750000000000002       6.62999999999999961E-004   7.3187355677784121
  0.42149999999999999      -0.70250000000000001       7.28299999999999976E-004   7.2247975067404049
  0.42149999999999999      -0.69750000000000001       7.81499999999999968E-004   7.1542954081027430
  0.42149999999999999      -0.69250000000000000       8.64500000000000034E-004   7.0533592528409290
  0.42149999999999999      -0.68750000000000000       9.35100000000000015E-004   6.9748570825228731
  0.42149999999999999      -0.68250000000000000       1.00360000000000011E-003   6.9041617434720068
  0.42149999999999999      -0.67749999999999999       1.07970000000000006E-003   6.8310720542111794
  0.42149999999999999      -0.67249999999999999       1.15290000000000011E-003   6.7654747717253665
  0.42149999999999999      -0.66749999999999998       1.23240000000000003E-003   6.6987917912417609
  0.42149999999999999      -0.66249999999999998       1.29480000000000003E-003   6.6493990359121851
  0.42149999999999999      -0.65749999999999997       1.38100000000000007E-003   6.5849474045549821
  0.42149999999999999      -0.65249999999999997       1.44750000000000000E-003   6.5379173485171238
  0.42149999999999999      -0.64749999999999996       1.53429999999999994E-003   6.4796810280131139
  0.42149999999999999      -0.64249999999999996       1.60950000000000004E-003   6.4318317072254114
  0.42149999999999999      -0.63749999999999996       1.66059999999999992E-003   6.4005762961363439
  0.42149999999999999      -0.63249999999999995       1.75570000000000001E-003   6.3448876411891115
  0.42149999999999999      -0.62749999999999995       1.82690000000000001E-003   6.3051347376217501
  0.42149999999999999      -0.62250000000000005       1.92049999999999990E-003   6.2551697101783148
  0.42149999999999999      -0.61750000000000005       1.98389999999999981E-003   6.2226906746155475
  0.42149999999999999      -0.61250000000000004       2.00709999999999994E-003   6.2110643847988269
  0.42149999999999999      -0.60750000000000004       2.09569999999999982E-003   6.1678676525383773
  0.42149999999999999      -0.60250000000000004       2.20399999999999980E-003   6.1174813876914689
  0.42149999999999999      -0.59750000000000003       2.25910000000000000E-003   6.0927887751010976
  0.42149999999999999      -0.59250000000000003       2.33700000000000010E-003   6.0588872234254163
  0.42149999999999999      -0.58750000000000002       2.40649999999999979E-003   6.0295818692211105
  0.42149999999999999      -0.58250000000000002       2.48540000000000002E-003   5.9973216665923799
  0.42149999999999999      -0.57750000000000001       2.52190000000000010E-003   5.9827426932961130
  0.42149999999999999      -0.57250000000000001       2.59619999999999990E-003   5.9537064415053802
  0.42149999999999999      -0.56750000000000000       2.64180000000000014E-003   5.9362947759745106
  0.42149999999999999      -0.56250000000000000       2.72619999999999980E-003   5.9048465808275319
  0.42149999999999999      -0.55750000000000000       2.76759999999999983E-003   5.8897747603396180
  0.42149999999999999      -0.55249999999999999       2.83879999999999983E-003   5.8643738513134460
  0.42149999999999999      -0.54749999999999999       2.89410000000000014E-003   5.8450810971196567
  0.42149999999999999      -0.54249999999999998       2.94040000000000013E-003   5.8292096524643418
  0.42149999999999999      -0.53749999999999998       2.99380000000000002E-003   5.8112117954831390
  0.42149999999999999      -0.53249999999999997       3.03460000000000014E-003   5.7976756588731329
  0.42149999999999999      -0.52749999999999997       3.06600000000000015E-003   5.7873814985325147
  0.42149999999999999      -0.52249999999999996       3.13050000000000004E-003   5.7665625427789093
  0.42149999999999999      -0.51749999999999996       3.18529999999999985E-003   5.7492088028709905
  0.42149999999999999      -0.51249999999999996       3.22870000000000015E-003   5.7356756995432754
  0.42149999999999999      -0.50749999999999995       3.25200000000000012E-003   5.7284850872965727
  0.42149999999999999      -0.50249999999999995       3.29279999999999981E-003   5.7160170123245440
  0.42149999999999999      -0.49750000000000000       3.33220000000000001E-003   5.7041225324693059
  0.42149999999999999      -0.49249999999999999       3.41520000000000018E-003   5.6795192225205220
  0.42149999999999999      -0.48749999999999999       3.44090000000000021E-003   5.6720222139084662
  0.42149999999999999      -0.48249999999999998       3.44319999999999999E-003   5.6713540074368636
  0.42149999999999999      -0.47749999999999998       3.54000000000000018E-003   5.6436285518364535
  0.42149999999999999      -0.47249999999999998       3.53799999999999991E-003   5.6441936832445432
  0.42149999999999999      -0.46750000000000003       3.53620000000000019E-003   5.6447025747202852
  0.42149999999999999      -0.46250000000000002       3.63370000000000012E-003   5.6175038660757775
  0.42149999999999999      -0.45750000000000002       3.64279999999999986E-003   5.6150026622706104
  0.42149999999999999      -0.45250000000000001       3.65899999999999993E-003   5.6105653929450670
  0.42149999999999999      -0.44750000000000001       3.71339999999999995E-003   5.5958073799909034
  0.42149999999999999      -0.44250000000000000       3.72829999999999993E-003   5.5918029132934937
  0.42149999999999999      -0.43750000000000000       3.74019999999999995E-003   5.5886161930496545
  0.42149999999999999      -0.43250000000000000       3.77329999999999983E-003   5.5798053288364908
  0.42149999999999999      -0.42749999999999999       3.78970000000000001E-003   5.5754684186936005
  0.42149999999999999      -0.42249999999999999       3.80230000000000021E-003   5.5721491321897698
  0.42149999999999999      -0.41749999999999998       3.88920000000000021E-003   5.5495517980287721
  0.42149999999999999      -0.41249999999999998       3.87550000000000004E-003   5.5530805922427078
  0.42149999999999999      -0.40749999999999997       3.88449999999999993E-003   5.5507610035737986
  0.42149999999999999      -0.40250000000000002       3.90530000000000000E-003   5.5454206740574783
  0.42149999999999999      -0.39750000000000002       3.92859999999999997E-003   5.5394721506640980
  0.42149999999999999      -0.39250000000000002       3.95039999999999975E-003   5.5339384393733591
  0.42149999999999999      -0.38750000000000001       3.99329999999999997E-003   5.5231373222431905
  0.42149999999999999      -0.38250000000000001       3.97080000000000002E-003   5.5287876932487077
  0.42149999999999999      -0.37750000000000000       4.01979999999999959E-003   5.5165231288326231
  0.42149999999999999      -0.37250000000000000       4.01460000000000011E-003   5.5178175629474477
  0.42149999999999999      -0.36749999999999999       4.03479999999999984E-003   5.5127985447835934
  0.42149999999999999      -0.36249999999999999       4.07430000000000032E-003   5.5030563261861420
  0.42149999999999999      -0.35749999999999998       4.04260000000000036E-003   5.5108672296513763
  0.42149999999999999      -0.35249999999999998       4.08899999999999975E-003   5.4994548375996315
  0.42149999999999999      -0.34749999999999998       4.08399999999999996E-003   5.5006783786797175
  0.42149999999999999      -0.34250000000000003       4.11510000000000001E-003   5.4930921438118032
  0.42149999999999999      -0.33750000000000002       4.10340000000000010E-003   5.4959393806321684
  0.42149999999999999      -0.33250000000000002       4.09970000000000039E-003   5.4968414786806905
  0.42149999999999999      -0.32750000000000001       4.11219999999999988E-003   5.4937971138797730
  0.42149999999999999      -0.32250000000000001       4.15760000000000001E-003   5.4828172942700419
  0.42149999999999999      -0.31750000000000000       4.15879999999999982E-003   5.4825287078604594
  0.42149999999999999      -0.31250000000000000       4.18249999999999959E-003   5.4768461251032949
  0.42149999999999999      -0.30750000000000000       4.15849999999999987E-003   5.4826008466555320
  0.42149999999999999      -0.30249999999999999       4.15339999999999980E-003   5.4838280030553959
  0.42149999999999999      -0.29749999999999999       4.19879999999999993E-003   5.4729565088026311
  0.42149999999999999      -0.29249999999999998       4.17119999999999991E-003   5.4795515147850367
  0.42149999999999999      -0.28749999999999998       4.19739999999999957E-003   5.4732899930009538
  0.42149999999999999      -0.28249999999999997       4.22750000000000035E-003   5.4661444771915386
  0.42149999999999999      -0.27750000000000002       4.15719999999999978E-003   5.4829135082500073
  0.42149999999999999      -0.27250000000000002       4.21719999999999994E-003   5.4685838782614793
  0.42149999999999999      -0.26750000000000002       4.18530000000000030E-003   5.4761768930221022
  0.42149999999999999      -0.26250000000000001       4.21579999999999958E-003   5.4689159071984799
  0.42149999999999999      -0.25750000000000001       4.19489999999999967E-003   5.4738857772493592
  0.42149999999999999      -0.25250000000000000       4.19359999999999958E-003   5.4741957253951323
  0.42149999999999999      -0.24750000000000000       4.15550000000000034E-003   5.4833225209711927
  0.42149999999999999      -0.24249999999999999       4.23120000000000007E-003   5.4652696382125043
  0.42149999999999999      -0.23749999999999999       4.22119999999999961E-003   5.4676358311673390
  0.42149999999999999      -0.23250000000000001       4.21879999999999998E-003   5.4682045515618150
  0.42149999999999999      -0.22750000000000001       4.19790000000000007E-003   5.4731708787344964
  0.42149999999999999      -0.22250000000000000       4.24170000000000016E-003   5.4627911466983692
  0.42149999999999999      -0.21750000000000000       4.21860000000000030E-003   5.4682519595311030
  0.42149999999999999      -0.21249999999999999       4.23909999999999999E-003   5.4634042964204372
  0.42149999999999999      -0.20749999999999999       4.24819999999999972E-003   5.4612599151714898
  0.42149999999999999      -0.20250000000000001       4.26740000000000019E-003   5.4567505364934910
  0.42149999999999999      -0.19750000000000001       4.24300000000000024E-003   5.4624847127619489
  0.42149999999999999      -0.19250000000000000       4.25760000000000027E-003   5.4590496577408496
  0.42149999999999999      -0.18750000000000000       4.21769999999999957E-003   5.4684653232103031
  0.42149999999999999      -0.18250000000000000       4.19420000000000036E-003   5.4740526604672555
  0.42149999999999999      -0.17749999999999999       4.21630000000000008E-003   5.4687973127793938
  0.42149999999999999      -0.17249999999999999       4.22810000000000026E-003   5.4660025594090023
  0.42149999999999999      -0.16750000000000001       4.22569999999999977E-003   5.4665703514231208
  0.42149999999999999      -0.16250000000000001       4.20629999999999962E-003   5.4711718775690787
  0.42149999999999999      -0.15750000000000000       4.19060000000000005E-003   5.4749113572092662
  0.42149999999999999      -0.15250000000000000       4.21820000000000007E-003   5.4683467822127598
  0.42149999999999999      -0.14749999999999999       4.20140000000000010E-003   5.4723374759026937
  0.42149999999999999      -0.14249999999999999       4.27180000000000008E-003   5.4557199948995700
  0.42149999999999999      -0.13750000000000001       4.23739999999999967E-003   5.4638054053740843
  0.42149999999999999      -0.13250000000000001       4.22479999999999991E-003   5.4667833565715505
  0.42149999999999999      -0.12750000000000000       4.20330000000000009E-003   5.4718853479189784
  0.42149999999999999      -0.12250000000000000       4.21999999999999979E-003   5.4679201509342166
  0.42149999999999999      -0.11749999999999999       4.22159999999999983E-003   5.4675410758728162
  0.42149999999999999      -0.11250000000000000       4.20300000000000014E-003   5.4719567229591570
  0.42149999999999999      -0.10750000000000000       4.17320000000000017E-003   5.4790721513704597
  0.42149999999999999      -0.10249999999999999       4.26860000000000000E-003   5.4564693743548061
  0.42149999999999999      -9.75000000000000033E-002  4.21199999999999960E-003   5.4698176847104083
  0.42149999999999999      -9.24999999999999989E-002  4.18759999999999966E-003   5.4756275015190745
  0.42149999999999999      -8.74999999999999944E-002  4.25049999999999994E-003   5.4607186559068603
  0.42149999999999999      -8.25000000000000039E-002  4.22110000000000020E-003   5.4676595213939372
  0.42149999999999999      -7.74999999999999994E-002  4.23540000000000028E-003   5.4642775043347926
  0.42149999999999999      -7.24999999999999950E-002  4.23109999999999979E-003   5.4652932724490606
  0.42149999999999999      -6.75000000000000044E-002  4.22110000000000020E-003   5.4676595213939372
  0.42149999999999999      -6.25000000000000000E-002  4.25639999999999959E-003   5.4593315463966974
  0.42149999999999999      -5.75000000000000025E-002  4.23830000000000040E-003   5.4635930335337912
  0.42149999999999999      -5.24999999999999981E-002  4.22629999999999968E-003   5.4664283731928780
  0.42149999999999999      -4.75000000000000006E-002  4.22219999999999974E-003   5.4673989597637158
  0.42149999999999999      -4.25000000000000031E-002  4.26189999999999989E-003   5.4580402087438102
  0.42149999999999999      -3.74999999999999986E-002  4.26159999999999994E-003   5.4581106023614847
  0.42149999999999999      -3.25000000000000011E-002  4.24509999999999992E-003   5.4619899023702603
  0.42149999999999999      -2.75000000000000001E-002  4.27489999999999988E-003   5.4549945686798722
  0.42149999999999999      -2.24999999999999992E-002  4.29639999999999970E-003   5.4499778162403825
  0.42149999999999999      -1.75000000000000017E-002  4.25340000000000006E-003   5.4600366158752474
  0.42149999999999999      -1.25000000000000007E-002  4.28379999999999993E-003   5.4529148128272320
  0.42149999999999999      -7.49999999999999972E-003  4.27069999999999967E-003   5.4559775307511540
  0.42149999999999999      -2.50000000000000005E-003  4.25790000000000023E-003   5.4589791979909519
  0.42149999999999999       2.50000000000000005E-003  4.25769999999999968E-003   5.4590261706059264
  0.42149999999999999       7.49999999999999972E-003  4.27459999999999993E-003   5.4550647482225640
  0.42149999999999999       1.25000000000000007E-002  4.32040000000000028E-003   5.4444072884199546
  0.42149999999999999       1.75000000000000017E-002  4.28080000000000040E-003   5.4536153709671789
  0.42149999999999999       2.24999999999999992E-002  4.28149999999999972E-003   5.4534518634980271
  0.42149999999999999       2.75000000000000001E-002  4.29150000000000018E-003   5.4511189568059990
  0.42149999999999999       3.25000000000000011E-002  4.26559999999999960E-003   5.4571724279798843
  0.42149999999999999       3.74999999999999986E-002  4.26119999999999971E-003   5.4582044682272315
  0.42149999999999999       4.25000000000000031E-002  4.25950000000000027E-003   5.4586034964813788
  0.42149999999999999       4.75000000000000006E-002  4.28239999999999957E-003   5.4532416788851030
  0.42149999999999999       5.24999999999999981E-002  4.29940000000000010E-003   5.4492798009022385
  0.42149999999999999       5.75000000000000025E-002  4.28949999999999991E-003   5.4515851029512543
  0.42149999999999999       6.25000000000000000E-002  4.28620000000000043E-003   5.4523547194636990
  0.42149999999999999       6.75000000000000044E-002  4.27419999999999970E-003   5.4551583286081833
  0.42149999999999999       7.24999999999999950E-002  4.27160000000000040E-003   5.4557668146668838
  0.42149999999999999       7.74999999999999994E-002  4.27639999999999965E-003   5.4546437448249296
  0.42149999999999999       8.25000000000000039E-002  4.26990000000000008E-003   5.4561648712195847
  0.42149999999999999       8.74999999999999944E-002  4.30019999999999968E-003   5.4490937457363460
  0.42149999999999999       9.24999999999999989E-002  4.25030000000000026E-003   5.4607657103017493
  0.42149999999999999       9.75000000000000033E-002  4.25090000000000016E-003   5.4606245537589100
  0.42149999999999999       0.10249999999999999       4.27329999999999984E-003   5.4553689165001575
  0.42149999999999999       0.10750000000000000       4.25009999999999971E-003   5.4608127669108590
  0.42149999999999999       0.11250000000000000       4.28019999999999963E-003   5.4537555415082339
  0.42149999999999999       0.11749999999999999       4.28759999999999992E-003   5.4520281431469098
  0.42149999999999999       0.12250000000000000       4.27760000000000033E-003   5.4543631743297523
  0.42149999999999999       0.12750000000000000       4.28960000000000018E-003   5.4515617904825788
  0.42149999999999999       0.13250000000000001       4.24159999999999988E-003   5.4628147224295134
  0.42149999999999999       0.13750000000000001       4.25989999999999962E-003   5.4585095931547851
  0.42149999999999999       0.14249999999999999       4.23340000000000001E-003   5.4647498262782044
  0.42149999999999999       0.14749999999999999       4.23899999999999971E-003   5.4634278866116368
  0.42149999999999999       0.15250000000000000       4.21830000000000035E-003   5.4683230756993941
  0.42149999999999999       0.15750000000000000       4.22949999999999975E-003   5.4656714962202049
  0.42149999999999999       0.16250000000000001       4.20520000000000008E-003   5.4714334242625986
  0.42149999999999999       0.16750000000000001       4.23459999999999982E-003   5.4644664063424386
  0.42149999999999999       0.17249999999999999       4.23929999999999967E-003   5.4633571177074636
  0.42149999999999999       0.17749999999999999       4.24219999999999979E-003   5.4626732763791583
  0.42149999999999999       0.18250000000000000       4.25869999999999981E-003   5.4587913295922128
  0.42149999999999999       0.18750000000000000       4.25519999999999978E-003   5.4596135145361666
  0.42149999999999999       0.19250000000000000       4.20520000000000008E-003   5.4714334242625986
  0.42149999999999999       0.19750000000000001       4.21820000000000007E-003   5.4683467822127598
  0.42149999999999999       0.20250000000000001       4.21779999999999985E-003   5.4684416138866103
  0.42149999999999999       0.20749999999999999       4.19820000000000002E-003   5.4730994169843683
  0.42149999999999999       0.21249999999999999       4.21909999999999993E-003   5.4681334438217073
  0.42149999999999999       0.21750000000000000       4.19999999999999974E-003   5.4726707536928147
  0.42149999999999999       0.22250000000000000       4.20240000000000023E-003   5.4720994883245222
  0.42149999999999999       0.22750000000000001       4.21850000000000003E-003   5.4682756643585924
  0.42149999999999999       0.23250000000000001       4.22750000000000035E-003   5.4661444771915386
  0.42149999999999999       0.23749999999999999       4.22080000000000025E-003   5.4677305954412789
  0.42149999999999999       0.24249999999999999       4.21410000000000014E-003   5.4693192334593004
  0.42149999999999999       0.24750000000000000       4.18970000000000019E-003   5.4751261466567707
  0.42149999999999999       0.25250000000000000       4.18739999999999998E-003   5.4756752627131133
  0.42149999999999999       0.25750000000000001       4.22479999999999991E-003   5.4667833565715505
  0.42149999999999999       0.26250000000000001       4.20300000000000014E-003   5.4719567229591570
  0.42149999999999999       0.26750000000000002       4.17269999999999967E-003   5.4791919706830798
  0.42149999999999999       0.27250000000000002       4.18050000000000019E-003   5.4773244223741617
  0.42149999999999999       0.27750000000000002       4.17830000000000024E-003   5.4778508137343564
  0.42149999999999999       0.28249999999999997       4.17619999999999970E-003   5.4783535368283127
  0.42149999999999999       0.28749999999999998       4.16780000000000015E-003   5.4803669603272844
  0.42149999999999999       0.29249999999999998       4.16609999999999984E-003   5.4807749325908297
  0.42149999999999999       0.29749999999999999       4.15960000000000028E-003   5.4823363631781961
  0.42149999999999999       0.30249999999999999       4.11589999999999959E-003   5.4928977567379311
  0.42149999999999999       0.30750000000000000       4.16169999999999995E-003   5.4818316343390530
  0.42149999999999999       0.31250000000000000       4.10720000000000009E-003   5.4950137478473984
  0.42149999999999999       0.31750000000000000       4.10069999999999966E-003   5.4965975881375568
  0.42149999999999999       0.32250000000000001       4.11179999999999966E-003   5.4938943901444413
  0.42149999999999999       0.32750000000000001       4.07070000000000001E-003   5.5039403041442574
  0.42149999999999999       0.33250000000000002       4.04329999999999967E-003   5.5106940887513538
  0.42149999999999999       0.33750000000000002       4.04790000000000011E-003   5.5095570508594225
  0.42149999999999999       0.34250000000000003       4.03080000000000018E-003   5.5137904115580270
  0.42149999999999999       0.34749999999999998       4.02950000000000010E-003   5.5141129801997080
  0.42149999999999999       0.35249999999999998       4.02209999999999981E-003   5.5159511246886490
  0.42149999999999999       0.35749999999999998       3.98439999999999992E-003   5.5253685426932639
  0.42149999999999999       0.36249999999999999       3.99579999999999987E-003   5.5225114694984256
  0.42149999999999999       0.36749999999999999       3.97050000000000007E-003   5.5288632476290083
  0.42149999999999999       0.37250000000000000       3.94810000000000039E-003   5.5345208284510345
  0.42149999999999999       0.37750000000000000       3.94200000000000019E-003   5.5360670702516082
  0.42149999999999999       0.38250000000000001       3.96550000000000027E-003   5.5301233284408999
  0.42149999999999999       0.38750000000000001       3.89829999999999994E-003   5.5472147183133380
  0.42149999999999999       0.39250000000000002       3.90940000000000037E-003   5.5443713694453525
  0.42149999999999999       0.39750000000000002       3.89159999999999983E-003   5.5489348948630015
  0.42149999999999999       0.40250000000000002       3.86829999999999986E-003   5.5549401449364142
  0.42149999999999999       0.40749999999999997       3.87440000000000007E-003   5.5533644668752551
  0.42149999999999999       0.41249999999999998       3.85339999999999988E-003   5.5587994035176145
  0.42149999999999999       0.41749999999999998       3.81340000000000021E-003   5.5692340993339293
  0.42149999999999999       0.42249999999999999       3.75450000000000002E-003   5.5848001584243354
  0.42149999999999999       0.42749999999999999       3.76910000000000005E-003   5.5809190328124449
  0.42149999999999999       0.43250000000000000       3.74310000000000007E-003   5.5878411338791887
  0.42149999999999999       0.43750000000000000       3.72319999999999986E-003   5.5931717654162467
  0.42149999999999999       0.44250000000000000       3.67089999999999994E-003   5.6073184153723847
  0.42149999999999999       0.44750000000000001       3.63720000000000016E-003   5.6165411241125165
  0.42149999999999999       0.45250000000000001       3.64249999999999990E-003   5.6150850198949138
  0.42149999999999999       0.45750000000000002       3.60599999999999983E-003   5.6251561542010116
  0.42149999999999999       0.46250000000000002       3.59470000000000015E-003   5.6282947405262567
  0.42149999999999999       0.46750000000000003       3.56339999999999999E-003   5.6370401337144047
  0.42149999999999999       0.47249999999999998       3.53300000000000012E-003   5.6456079106051291
  0.42149999999999999       0.47749999999999998       3.49549999999999991E-003   5.6562788520122345
  0.42149999999999999       0.48249999999999998       3.48519999999999993E-003   5.6592298476071425
  0.42149999999999999       0.48749999999999999       3.39159999999999982E-003   5.6864534925344259
  0.42149999999999999       0.49249999999999999       3.33650000000000006E-003   5.7028329256206129
  0.42149999999999999       0.49750000000000000       3.31689999999999980E-003   5.7087246671955203
  0.42149999999999999       0.50249999999999995       3.26059999999999978E-003   5.7258440514587203
  0.42149999999999999       0.50749999999999995       3.25459999999999985E-003   5.7276858987377599
  0.42149999999999999       0.51249999999999996       3.18980000000000001E-003   5.7477970600756203
  0.42149999999999999       0.51749999999999996       3.15059999999999993E-003   5.7601623680924057
  0.42149999999999999       0.52249999999999996       3.13810000000000000E-003   5.7641377577475668
  0.42149999999999999       0.52749999999999997       3.03810000000000018E-003   5.7965229589579250
  0.42149999999999999       0.53249999999999997       3.01750000000000022E-003   5.8033266049925878
  0.42149999999999999       0.53749999999999998       2.95230000000000015E-003   5.8251707513912248
  0.42149999999999999       0.54249999999999998       2.89999999999999980E-003   5.8430445419897090
  0.42149999999999999       0.54749999999999999       2.87509999999999979E-003   5.8516678227290289
  0.42149999999999999       0.55249999999999999       2.77539999999999992E-003   5.8869603980273641
  0.42149999999999999       0.55750000000000000       2.74669999999999992E-003   5.8973550878801761
  0.42149999999999999       0.56250000000000000       2.66810000000000007E-003   5.9263886703717938
  0.42149999999999999       0.56750000000000000       2.62899999999999983E-003   5.9411517332343928
  0.42149999999999999       0.57250000000000001       2.57529999999999999E-003   5.9617892467982321
  0.42149999999999999       0.57750000000000001       2.51769999999999989E-003   5.9844094926343052
  0.42149999999999999       0.58250000000000002       2.44820000000000020E-003   6.0124022183228618
  0.42149999999999999       0.58750000000000002       2.37009999999999998E-003   6.0448231306324161
  0.42149999999999999       0.59250000000000003       2.31700000000000005E-003   6.0674820335318982
  0.42149999999999999       0.59750000000000003       2.25770000000000007E-003   6.0934086830203471
  0.42149999999999999       0.60250000000000004       2.18179999999999980E-003   6.1276050548006182
  0.42149999999999999       0.60750000000000004       2.11280000000000018E-003   6.1597411969813516
  0.42149999999999999       0.61250000000000004       2.06060000000000011E-003   6.1847580764533063
  0.42149999999999999       0.61750000000000005       1.97629999999999985E-003   6.2265288693178853
  0.42149999999999999       0.62250000000000005       1.88909999999999989E-003   6.2716547538014673
  0.42149999999999999       0.62749999999999995       1.84549999999999992E-003   6.2950050354942206
  0.42149999999999999       0.63249999999999995       1.75549999999999990E-003   6.3450015623557876
  0.42149999999999999       0.63749999999999996       1.65329999999999991E-003   6.4049819884069752
  0.42149999999999999       0.64249999999999996       1.61929999999999995E-003   6.4257613218848491
  0.42149999999999999       0.64749999999999996       1.53440000000000000E-003   6.4796158538351003
  0.42149999999999999       0.65249999999999997       1.44129999999999996E-003   6.5422097948752169
  0.42149999999999999       0.65749999999999997       1.36950000000000006E-003   6.5933095692611410
  0.42149999999999999       0.66249999999999998       1.29680000000000008E-003   6.6478555875428080
  0.42149999999999999       0.66749999999999998       1.21490000000000009E-003   6.7130935101035778
  0.42149999999999999       0.67249999999999999       1.14729999999999997E-003   6.7703439231591771
  0.42149999999999999       0.67749999999999999       1.08249999999999991E-003   6.8284820980876288
  0.42149999999999999       0.68250000000000000       1.00960000000000004E-003   6.8982010661773252
  0.42149999999999999       0.68750000000000000       9.38999999999999948E-004   6.9706950787560116
  0.42149999999999999       0.69250000000000000       8.64799999999999987E-004   7.0530122916392752
  0.42149999999999999       0.69750000000000001       7.92500000000000019E-004   7.1403180522128382
  0.42149999999999999       0.70250000000000001       7.43199999999999959E-004   7.2045453704646452
  0.42149999999999999       0.70750000000000002       6.74899999999999979E-004   7.3009460262149135
  0.42149999999999999       0.71250000000000002       6.11099999999999946E-004   7.4002499460634041
  0.42149999999999999       0.71750000000000003       5.56999999999999986E-004   7.4929453180369903
  0.42149999999999999       0.72250000000000003       5.01900000000000002E-004   7.5971096613033859
  0.42149999999999999       0.72750000000000004       4.31400000000000023E-004   7.7484748240092181
  0.42149999999999999       0.73250000000000004       4.00799999999999984E-004   7.8220480081936188
  0.42149999999999999       0.73750000000000004       3.33000000000000017E-004   8.0073680679838297
  0.42149999999999999       0.74250000000000005       2.94099999999999993E-004   8.1315907124043250
  0.42149999999999999       0.74750000000000005       2.66599999999999975E-004   8.2297611502196659
  0.42149999999999999       0.75249999999999995       2.26800000000000010E-004   8.3914419861106779
  0.42149999999999999       0.75749999999999995       1.94500000000000011E-004   8.5450783949057723
  0.42149999999999999       0.76249999999999996       1.63000000000000005E-004   8.7217603571575122
  0.42149999999999999       0.76749999999999996       1.30700000000000006E-004   8.9426059373340969
  0.42149999999999999       0.77249999999999996       1.11399999999999997E-004   9.1023832304710908
  0.42149999999999999       0.77749999999999997       9.00999999999999945E-005   9.3145903933499827
  0.42149999999999999       0.78249999999999997       7.43000000000000035E-005   9.5073996062405612
  0.42149999999999999       0.78749999999999998       6.09999999999999987E-005   9.7046366937909632
  0.42149999999999999       0.79249999999999998       4.78000000000000031E-005   9.9484849184668640
  0.42149999999999999       0.79749999999999999       3.74000000000000011E-005   10.193839853543787
  0.42149999999999999       0.80249999999999999       2.87999999999999987E-005   10.455135170822373
  0.42149999999999999       0.80750000000000000       2.08999999999999998E-005   10.775761398993509
  0.42149999999999999       0.81250000000000000       1.46999999999999999E-005   11.127663064179583
  0.42149999999999999       0.81750000000000000       1.13000000000000002E-005   11.390707832245980
  0.42149999999999999       0.82250000000000001       7.79999999999999986E-006   11.761386824268728
  0.42149999999999999       0.82750000000000001       6.29999999999999982E-006   11.974960924566787
  0.42149999999999999       0.83250000000000002       3.80000000000000004E-006   12.480509491231935
  0.42149999999999999       0.83750000000000002       1.59999999999999993E-006   13.345506928718539
  0.42149999999999999       0.84250000000000003       1.70000000000000003E-006   13.284882306902103
  0.42149999999999999       0.84750000000000003       4.99999999999999977E-007   14.508657738524219
  0.42149999999999999       0.85250000000000004       4.99999999999999977E-007   14.508657738524219
  0.42149999999999999       0.85750000000000004        0.0000000000000000                      +Infinity
  0.42149999999999999       0.86250000000000004       3.99999999999999982E-007   14.731801289838430
  0.42149999999999999       0.86750000000000005        0.0000000000000000                      +Infinity
  0.42149999999999999       0.87250000000000005        0.0000000000000000                      +Infinity
  0.42149999999999999       0.87749999999999995        0.0000000000000000                      +Infinity
  0.42149999999999999       0.88249999999999995        0.0000000000000000                      +Infinity
  0.42149999999999999       0.88749999999999996        0.0000000000000000                      +Infinity
  0.42149999999999999       0.89249999999999996        0.0000000000000000                      +Infinity
  0.42149999999999999       0.89749999999999996        0.0000000000000000                      +Infinity
  0.42149999999999999       0.90249999999999997        0.0000000000000000                      +Infinity
  0.42149999999999999       0.90749999999999997        0.0000000000000000                      +Infinity
  0.42149999999999999       0.91249999999999998        0.0000000000000000                      +Infinity
  0.42149999999999999       0.91749999999999998        0.0000000000000000                      +Infinity
  0.42149999999999999       0.92249999999999999        0.0000000000000000                      +Infinity
  0.42149999999999999       0.92749999999999999        0.0000000000000000                      +Infinity
  0.42149999999999999       0.93250000000000000        0.0000000000000000                      +Infinity
  0.42149999999999999       0.93750000000000000        0.0000000000000000                      +Infinity
  0.42149999999999999       0.94250000000000000        0.0000000000000000                      +Infinity
  0.42149999999999999       0.94750000000000001        0.0000000000000000                      +Infinity
  0.42149999999999999       0.95250000000000001        0.0000000000000000                      +Infinity
  0.42149999999999999       0.95750000000000002        0.0000000000000000                      +Infinity
  0.42149999999999999       0.96250000000000002        0.0000000000000000                      +Infinity
  0.42149999999999999       0.96750000000000003        0.0000000000000000                      +Infinity
  0.42149999999999999       0.97250000000000003        0.0000000000000000                      +Infinity
  0.42149999999999999       0.97750000000000004        0.0000000000000000                      +Infinity
  0.42149999999999999       0.98250000000000004        0.0000000000000000                      +Infinity
  0.42149999999999999       0.98750000000000004        0.0000000000000000                      +Infinity
  0.42149999999999999       0.99250000000000005        0.0000000000000000                      +Infinity
  0.42149999999999999       0.99750000000000005        0.0000000000000000                      +Infinity
