  0.44200000000000000       -1.4359737232198939       0.60855578956000000        2.1918740215992045        80.688635555970251        2.0631424774429576       0.38859549641784802
  0.44100000000000000       -1.4242955259800856       0.57930726775999997        2.2574165104634223        94.113648329804505        2.0297784841705102       0.35693787381964803
  0.44000000000000000       -1.4120772563199278       0.54319768984000005        2.3166028391686773        114.51335720108706        1.9951587701916187       0.32108949324775998
  0.43900000000000000       -1.3996559949399621       0.50439044688000001        2.3440901741016278        131.95005058162141        1.9602532169624574       0.28446668203401598
  0.43800000000000000       -1.3864486058600261       0.45875425604000003        2.3199091888183867        146.84856723398778        1.9234490052577631       0.24398253757955998
  0.43700000000000000       -1.3737549260800361       0.41522864343999999        2.2301681277613974        151.31779998814034        1.8883704137621391       0.20704132518614402
  0.43600000000000000       -1.3613046688399362       0.37068108387999998        2.1346896820535406        152.56141564984313        1.8542733549036690       0.17239561632485598
  0.43500000000000000       -1.3503047025599666       0.33670456868000004        2.0095972922912066        143.91196702199983        1.8243848044429909       0.14645317737964000
  0.43400000000000000       -1.3394151053199446       0.30297147444000000        1.8757691858358081        132.71459085420267        1.7950286881415631       0.12237111313867999
  0.43300000000000000       -1.3289985926798682       0.27275862627999997        1.7513480009739928        119.74036614721157        1.7671713664132043       0.10205093244738400
  0.43200000000000000       -1.3193848563799531       0.24701165719999998        1.6679425026744406        108.66753086548759        1.7416701441557332       8.61692798263679893E-002
  0.43099999999999999       -1.3101465880799841       0.22568307399999998        1.5707334563543243        95.717000348121118        1.7173296491184578       7.31409706205120025E-002
  0.42999999999999999       -1.3014324046200334       0.20776808227999999        1.4999208489272426        85.431778014851986        1.6945375103115383       6.30354313666000032E-002
