 -0.11000000000000000      -0.99800000000000000        0.0000000000000000                      +Infinity
 -0.11000000000000000      -0.99399999999999999        0.0000000000000000                      +Infinity
 -0.11000000000000000      -0.98999999999999999        0.0000000000000000                      +Infinity
 -0.11000000000000000      -0.98599999999999999        0.0000000000000000                      +Infinity
 -0.11000000000000000      -0.98199999999999998        0.0000000000000000                      +Infinity
 -0.11000000000000000      -0.97799999999999998        0.0000000000000000                      +Infinity
 -0.11000000000000000      -0.97399999999999998        0.0000000000000000                      +Infinity
 -0.11000000000000000      -0.96999999999999997        0.0000000000000000                      +Infinity
 -0.11000000000000000      -0.96599999999999997        0.0000000000000000                      +Infinity
 -0.11000000000000000      -0.96199999999999997        0.0000000000000000                      +Infinity
 -0.11000000000000000      -0.95799999999999996        0.0000000000000000                      +Infinity
 -0.11000000000000000      -0.95399999999999996        0.0000000000000000                      +Infinity
 -0.11000000000000000      -0.94999999999999996        0.0000000000000000                      +Infinity
 -0.11000000000000000      -0.94599999999999995        0.0000000000000000                      +Infinity
 -0.11000000000000000      -0.94199999999999995        0.0000000000000000                      +Infinity
 -0.11000000000000000      -0.93799999999999994        0.0000000000000000                      +Infinity
 -0.11000000000000000      -0.93400000000000005        0.0000000000000000                      +Infinity
 -0.11000000000000000      -0.93000000000000005        0.0000000000000000                      +Infinity
 -0.11000000000000000      -0.92600000000000005        0.0000000000000000                      +Infinity
 -0.11000000000000000      -0.92200000000000004        0.0000000000000000                      +Infinity
 -0.11000000000000000      -0.91800000000000004        0.0000000000000000                      +Infinity
 -0.11000000000000000      -0.91400000000000003        0.0000000000000000                      +Infinity
 -0.11000000000000000      -0.91000000000000003        0.0000000000000000                      +Infinity
 -0.11000000000000000      -0.90600000000000003        0.0000000000000000                      +Infinity
 -0.11000000000000000      -0.90200000000000002        0.0000000000000000                      +Infinity
 -0.11000000000000000      -0.89800000000000002        0.0000000000000000                      +Infinity
 -0.11000000000000000      -0.89400000000000002        0.0000000000000000                      +Infinity
 -0.11000000000000000      -0.89000000000000001        0.0000000000000000                      +Infinity
 -0.11000000000000000      -0.88600000000000001        0.0000000000000000                      +Infinity
 -0.11000000000000000      -0.88200000000000001        0.0000000000000000                      +Infinity
 -0.11000000000000000      -0.87800000000000000        0.0000000000000000                      +Infinity
 -0.11000000000000000      -0.87400000000000000        0.0000000000000000                      +Infinity
 -0.11000000000000000      -0.87000000000000000        0.0000000000000000                      +Infinity
 -0.11000000000000000      -0.86599999999999999        0.0000000000000000                      +Infinity
 -0.11000000000000000      -0.86199999999999999        0.0000000000000000                      +Infinity
 -0.11000000000000000      -0.85799999999999998        0.0000000000000000                      +Infinity
 -0.11000000000000000      -0.85399999999999998        0.0000000000000000                      +Infinity
 -0.11000000000000000      -0.84999999999999998        0.0000000000000000                      +Infinity
 -0.11000000000000000      -0.84599999999999997        0.0000000000000000                      +Infinity
 -0.11000000000000000      -0.84199999999999997        0.0000000000000000                      +Infinity
 -0.11000000000000000      -0.83799999999999997        0.0000000000000000                      +Infinity
 -0.11000000000000000      -0.83399999999999996        0.0000000000000000                      +Infinity
 -0.11000000000000000      -0.82999999999999996        0.0000000000000000                      +Infinity
 -0.11000000000000000      -0.82599999999999996        0.0000000000000000                      +Infinity
 -0.11000000000000000      -0.82199999999999995        0.0000000000000000                      +Infinity
 -0.11000000000000000      -0.81799999999999995        0.0000000000000000                      +Infinity
 -0.11000000000000000      -0.81399999999999995        0.0000000000000000                      +Infinity
 -0.11000000000000000      -0.81000000000000005        0.0000000000000000                      +Infinity
 -0.11000000000000000      -0.80600000000000005        0.0000000000000000                      +Infinity
 -0.11000000000000000      -0.80200000000000005        0.0000000000000000                      +Infinity
 -0.11000000000000000      -0.79800000000000004        0.0000000000000000                      +Infinity
 -0.11000000000000000      -0.79400000000000004        0.0000000000000000                      +Infinity
 -0.11000000000000000      -0.79000000000000004        0.0000000000000000                      +Infinity
 -0.11000000000000000      -0.78600000000000003        0.0000000000000000                      +Infinity
 -0.11000000000000000      -0.78200000000000003        0.0000000000000000                      +Infinity
 -0.11000000000000000      -0.77800000000000002        0.0000000000000000                      +Infinity
 -0.11000000000000000      -0.77400000000000002        0.0000000000000000                      +Infinity
 -0.11000000000000000      -0.77000000000000002        0.0000000000000000                      +Infinity
 -0.11000000000000000      -0.76600000000000001        0.0000000000000000                      +Infinity
 -0.11000000000000000      -0.76200000000000001        0.0000000000000000                      +Infinity
 -0.11000000000000000      -0.75800000000000001        0.0000000000000000                      +Infinity
 -0.11000000000000000      -0.75400000000000000        0.0000000000000000                      +Infinity
 -0.11000000000000000      -0.75000000000000000        0.0000000000000000                      +Infinity
 -0.11000000000000000      -0.74600000000000000        0.0000000000000000                      +Infinity
 -0.11000000000000000      -0.74199999999999999        0.0000000000000000                      +Infinity
 -0.11000000000000000      -0.73799999999999999        0.0000000000000000                      +Infinity
 -0.11000000000000000      -0.73399999999999999        0.0000000000000000                      +Infinity
 -0.11000000000000000      -0.72999999999999998        0.0000000000000000                      +Infinity
 -0.11000000000000000      -0.72599999999999998        0.0000000000000000                      +Infinity
 -0.11000000000000000      -0.72199999999999998        0.0000000000000000                      +Infinity
 -0.11000000000000000      -0.71799999999999997        0.0000000000000000                      +Infinity
 -0.11000000000000000      -0.71399999999999997        0.0000000000000000                      +Infinity
 -0.11000000000000000      -0.70999999999999996        0.0000000000000000                      +Infinity
 -0.11000000000000000      -0.70599999999999996        0.0000000000000000                      +Infinity
 -0.11000000000000000      -0.70199999999999996        0.0000000000000000                      +Infinity
 -0.11000000000000000      -0.69799999999999995        0.0000000000000000                      +Infinity
 -0.11000000000000000      -0.69399999999999995        0.0000000000000000                      +Infinity
 -0.11000000000000000      -0.68999999999999995        0.0000000000000000                      +Infinity
 -0.11000000000000000      -0.68600000000000005        0.0000000000000000                      +Infinity
 -0.11000000000000000      -0.68200000000000005        0.0000000000000000                      +Infinity
 -0.11000000000000000      -0.67800000000000005        0.0000000000000000                      +Infinity
 -0.11000000000000000      -0.67400000000000004        0.0000000000000000                      +Infinity
 -0.11000000000000000      -0.67000000000000004        0.0000000000000000                      +Infinity
 -0.11000000000000000      -0.66600000000000004        0.0000000000000000                      +Infinity
 -0.11000000000000000      -0.66200000000000003        0.0000000000000000                      +Infinity
 -0.11000000000000000      -0.65800000000000003        0.0000000000000000                      +Infinity
 -0.11000000000000000      -0.65400000000000003        0.0000000000000000                      +Infinity
 -0.11000000000000000      -0.65000000000000002        0.0000000000000000                      +Infinity
 -0.11000000000000000      -0.64600000000000002        0.0000000000000000                      +Infinity
 -0.11000000000000000      -0.64200000000000002        0.0000000000000000                      +Infinity
 -0.11000000000000000      -0.63800000000000001        0.0000000000000000                      +Infinity
 -0.11000000000000000      -0.63400000000000001        0.0000000000000000                      +Infinity
 -0.11000000000000000      -0.63000000000000000        0.0000000000000000                      +Infinity
 -0.11000000000000000      -0.62600000000000000        0.0000000000000000                      +Infinity
 -0.11000000000000000      -0.62200000000000000        0.0000000000000000                      +Infinity
 -0.11000000000000000      -0.61799999999999999        0.0000000000000000                      +Infinity
 -0.11000000000000000      -0.61399999999999999        0.0000000000000000                      +Infinity
 -0.11000000000000000      -0.60999999999999999        0.0000000000000000                      +Infinity
 -0.11000000000000000      -0.60599999999999998        0.0000000000000000                      +Infinity
 -0.11000000000000000      -0.60199999999999998        0.0000000000000000                      +Infinity
 -0.11000000000000000      -0.59799999999999998        0.0000000000000000                      +Infinity
 -0.11000000000000000      -0.59399999999999997        0.0000000000000000                      +Infinity
 -0.11000000000000000      -0.58999999999999997        0.0000000000000000                      +Infinity
 -0.11000000000000000      -0.58599999999999997        0.0000000000000000                      +Infinity
 -0.11000000000000000      -0.58199999999999996        0.0000000000000000                      +Infinity
 -0.11000000000000000      -0.57799999999999996        0.0000000000000000                      +Infinity
 -0.11000000000000000      -0.57399999999999995        0.0000000000000000                      +Infinity
 -0.11000000000000000      -0.56999999999999995        0.0000000000000000                      +Infinity
 -0.11000000000000000      -0.56599999999999995        0.0000000000000000                      +Infinity
 -0.11000000000000000      -0.56200000000000006        0.0000000000000000                      +Infinity
 -0.11000000000000000      -0.55800000000000005        0.0000000000000000                      +Infinity
 -0.11000000000000000      -0.55400000000000005        0.0000000000000000                      +Infinity
 -0.11000000000000000      -0.55000000000000004        0.0000000000000000                      +Infinity
 -0.11000000000000000      -0.54600000000000004        0.0000000000000000                      +Infinity
 -0.11000000000000000      -0.54200000000000004        0.0000000000000000                      +Infinity
 -0.11000000000000000      -0.53800000000000003        0.0000000000000000                      +Infinity
 -0.11000000000000000      -0.53400000000000003        0.0000000000000000                      +Infinity
 -0.11000000000000000      -0.53000000000000003        0.0000000000000000                      +Infinity
 -0.11000000000000000      -0.52600000000000002        0.0000000000000000                      +Infinity
 -0.11000000000000000      -0.52200000000000002        0.0000000000000000                      +Infinity
 -0.11000000000000000      -0.51800000000000002        0.0000000000000000                      +Infinity
 -0.11000000000000000      -0.51400000000000001        0.0000000000000000                      +Infinity
 -0.11000000000000000      -0.51000000000000001        0.0000000000000000                      +Infinity
 -0.11000000000000000      -0.50600000000000001        0.0000000000000000                      +Infinity
 -0.11000000000000000      -0.50200000000000000        0.0000000000000000                      +Infinity
 -0.11000000000000000      -0.49800000000000000        0.0000000000000000                      +Infinity
 -0.11000000000000000      -0.49399999999999999        0.0000000000000000                      +Infinity
 -0.11000000000000000      -0.48999999999999999        0.0000000000000000                      +Infinity
 -0.11000000000000000      -0.48599999999999999        0.0000000000000000                      +Infinity
 -0.11000000000000000      -0.48199999999999998        0.0000000000000000                      +Infinity
 -0.11000000000000000      -0.47799999999999998        0.0000000000000000                      +Infinity
 -0.11000000000000000      -0.47399999999999998        0.0000000000000000                      +Infinity
 -0.11000000000000000      -0.46999999999999997        0.0000000000000000                      +Infinity
 -0.11000000000000000      -0.46600000000000003        0.0000000000000000                      +Infinity
 -0.11000000000000000      -0.46200000000000002        0.0000000000000000                      +Infinity
 -0.11000000000000000      -0.45800000000000002        0.0000000000000000                      +Infinity
 -0.11000000000000000      -0.45400000000000001        0.0000000000000000                      +Infinity
 -0.11000000000000000      -0.45000000000000001        0.0000000000000000                      +Infinity
 -0.11000000000000000      -0.44600000000000001        0.0000000000000000                      +Infinity
 -0.11000000000000000      -0.44200000000000000        0.0000000000000000                      +Infinity
 -0.11000000000000000      -0.43800000000000000        0.0000000000000000                      +Infinity
 -0.11000000000000000      -0.43400000000000000        0.0000000000000000                      +Infinity
 -0.11000000000000000      -0.42999999999999999        0.0000000000000000                      +Infinity
 -0.11000000000000000      -0.42599999999999999        0.0000000000000000                      +Infinity
 -0.11000000000000000      -0.42199999999999999        0.0000000000000000                      +Infinity
 -0.11000000000000000      -0.41799999999999998        0.0000000000000000                      +Infinity
 -0.11000000000000000      -0.41399999999999998        0.0000000000000000                      +Infinity
 -0.11000000000000000      -0.40999999999999998        0.0000000000000000                      +Infinity
 -0.11000000000000000      -0.40600000000000003        0.0000000000000000                      +Infinity
 -0.11000000000000000      -0.40200000000000002        0.0000000000000000                      +Infinity
 -0.11000000000000000      -0.39800000000000002        0.0000000000000000                      +Infinity
 -0.11000000000000000      -0.39400000000000002        0.0000000000000000                      +Infinity
 -0.11000000000000000      -0.39000000000000001        0.0000000000000000                      +Infinity
 -0.11000000000000000      -0.38600000000000001        0.0000000000000000                      +Infinity
 -0.11000000000000000      -0.38200000000000001        0.0000000000000000                      +Infinity
 -0.11000000000000000      -0.37800000000000000        0.0000000000000000                      +Infinity
 -0.11000000000000000      -0.37400000000000000        0.0000000000000000                      +Infinity
 -0.11000000000000000      -0.37000000000000000        0.0000000000000000                      +Infinity
 -0.11000000000000000      -0.36599999999999999        0.0000000000000000                      +Infinity
 -0.11000000000000000      -0.36199999999999999        0.0000000000000000                      +Infinity
 -0.11000000000000000      -0.35799999999999998        0.0000000000000000                      +Infinity
 -0.11000000000000000      -0.35399999999999998        0.0000000000000000                      +Infinity
 -0.11000000000000000      -0.34999999999999998        0.0000000000000000                      +Infinity
 -0.11000000000000000      -0.34599999999999997        0.0000000000000000                      +Infinity
 -0.11000000000000000      -0.34200000000000003        0.0000000000000000                      +Infinity
 -0.11000000000000000      -0.33800000000000002        0.0000000000000000                      +Infinity
 -0.11000000000000000      -0.33400000000000002        0.0000000000000000                      +Infinity
 -0.11000000000000000      -0.33000000000000002        0.0000000000000000                      +Infinity
 -0.11000000000000000      -0.32600000000000001        0.0000000000000000                      +Infinity
 -0.11000000000000000      -0.32200000000000001        0.0000000000000000                      +Infinity
 -0.11000000000000000      -0.31800000000000000        0.0000000000000000                      +Infinity
 -0.11000000000000000      -0.31400000000000000        0.0000000000000000                      +Infinity
 -0.11000000000000000      -0.31000000000000000        0.0000000000000000                      +Infinity
 -0.11000000000000000      -0.30599999999999999        0.0000000000000000                      +Infinity
 -0.11000000000000000      -0.30199999999999999        0.0000000000000000                      +Infinity
 -0.11000000000000000      -0.29799999999999999        0.0000000000000000                      +Infinity
 -0.11000000000000000      -0.29399999999999998        0.0000000000000000                      +Infinity
 -0.11000000000000000      -0.28999999999999998        0.0000000000000000                      +Infinity
 -0.11000000000000000      -0.28599999999999998        0.0000000000000000                      +Infinity
 -0.11000000000000000      -0.28199999999999997        0.0000000000000000                      +Infinity
 -0.11000000000000000      -0.27800000000000002        0.0000000000000000                      +Infinity
 -0.11000000000000000      -0.27400000000000002        0.0000000000000000                      +Infinity
 -0.11000000000000000      -0.27000000000000002        0.0000000000000000                      +Infinity
 -0.11000000000000000      -0.26600000000000001        0.0000000000000000                      +Infinity
 -0.11000000000000000      -0.26200000000000001        0.0000000000000000                      +Infinity
 -0.11000000000000000      -0.25800000000000001        0.0000000000000000                      +Infinity
 -0.11000000000000000      -0.25400000000000000        0.0000000000000000                      +Infinity
 -0.11000000000000000      -0.25000000000000000        0.0000000000000000                      +Infinity
 -0.11000000000000000      -0.24600000000000000        0.0000000000000000                      +Infinity
 -0.11000000000000000      -0.24199999999999999        0.0000000000000000                      +Infinity
 -0.11000000000000000      -0.23799999999999999        0.0000000000000000                      +Infinity
 -0.11000000000000000      -0.23400000000000001        0.0000000000000000                      +Infinity
 -0.11000000000000000      -0.23000000000000001        0.0000000000000000                      +Infinity
 -0.11000000000000000      -0.22600000000000001        0.0000000000000000                      +Infinity
 -0.11000000000000000      -0.22200000000000000        0.0000000000000000                      +Infinity
 -0.11000000000000000      -0.21800000000000000        0.0000000000000000                      +Infinity
 -0.11000000000000000      -0.21400000000000000        0.0000000000000000                      +Infinity
 -0.11000000000000000      -0.20999999999999999        0.0000000000000000                      +Infinity
 -0.11000000000000000      -0.20599999999999999        0.0000000000000000                      +Infinity
 -0.11000000000000000      -0.20200000000000001        0.0000000000000000                      +Infinity
 -0.11000000000000000      -0.19800000000000001        0.0000000000000000                      +Infinity
 -0.11000000000000000      -0.19400000000000001        0.0000000000000000                      +Infinity
 -0.11000000000000000      -0.19000000000000000        0.0000000000000000                      +Infinity
 -0.11000000000000000      -0.18600000000000000        0.0000000000000000                      +Infinity
 -0.11000000000000000      -0.18200000000000000        0.0000000000000000                      +Infinity
 -0.11000000000000000      -0.17799999999999999        0.0000000000000000                      +Infinity
 -0.11000000000000000      -0.17399999999999999        0.0000000000000000                      +Infinity
 -0.11000000000000000      -0.17000000000000001        0.0000000000000000                      +Infinity
 -0.11000000000000000      -0.16600000000000001        0.0000000000000000                      +Infinity
 -0.11000000000000000      -0.16200000000000001        0.0000000000000000                      +Infinity
 -0.11000000000000000      -0.15800000000000000        0.0000000000000000                      +Infinity
 -0.11000000000000000      -0.15400000000000000        0.0000000000000000                      +Infinity
 -0.11000000000000000      -0.14999999999999999        0.0000000000000000                      +Infinity
 -0.11000000000000000      -0.14599999999999999        0.0000000000000000                      +Infinity
 -0.11000000000000000      -0.14199999999999999        0.0000000000000000                      +Infinity
 -0.11000000000000000      -0.13800000000000001        0.0000000000000000                      +Infinity
 -0.11000000000000000      -0.13400000000000001        0.0000000000000000                      +Infinity
 -0.11000000000000000      -0.13000000000000000        0.0000000000000000                      +Infinity
 -0.11000000000000000      -0.12600000000000000        0.0000000000000000                      +Infinity
 -0.11000000000000000      -0.12200000000000000        0.0000000000000000                      +Infinity
 -0.11000000000000000      -0.11799999999999999        0.0000000000000000                      +Infinity
 -0.11000000000000000      -0.11400000000000000        0.0000000000000000                      +Infinity
 -0.11000000000000000      -0.11000000000000000        0.0000000000000000                      +Infinity
 -0.11000000000000000      -0.10600000000000000        0.0000000000000000                      +Infinity
 -0.11000000000000000      -0.10199999999999999        0.0000000000000000                      +Infinity
 -0.11000000000000000      -9.80000000000000038E-002   0.0000000000000000                      +Infinity
 -0.11000000000000000      -9.40000000000000002E-002   0.0000000000000000                      +Infinity
 -0.11000000000000000      -8.99999999999999967E-002   0.0000000000000000                      +Infinity
 -0.11000000000000000      -8.59999999999999931E-002   0.0000000000000000                      +Infinity
 -0.11000000000000000      -8.20000000000000034E-002   0.0000000000000000                      +Infinity
 -0.11000000000000000      -7.79999999999999999E-002   0.0000000000000000                      +Infinity
 -0.11000000000000000      -7.39999999999999963E-002   0.0000000000000000                      +Infinity
 -0.11000000000000000      -7.00000000000000067E-002   0.0000000000000000                      +Infinity
 -0.11000000000000000      -6.60000000000000031E-002   0.0000000000000000                      +Infinity
 -0.11000000000000000      -6.19999999999999996E-002   0.0000000000000000                      +Infinity
 -0.11000000000000000      -5.80000000000000029E-002   0.0000000000000000                      +Infinity
 -0.11000000000000000      -5.39999999999999994E-002   0.0000000000000000                      +Infinity
 -0.11000000000000000      -5.00000000000000028E-002   0.0000000000000000                      +Infinity
 -0.11000000000000000      -4.59999999999999992E-002   0.0000000000000000                      +Infinity
 -0.11000000000000000      -4.20000000000000026E-002   0.0000000000000000                      +Infinity
 -0.11000000000000000      -3.79999999999999991E-002   0.0000000000000000                      +Infinity
 -0.11000000000000000      -3.40000000000000024E-002   0.0000000000000000                      +Infinity
 -0.11000000000000000      -2.99999999999999989E-002   0.0000000000000000                      +Infinity
 -0.11000000000000000      -2.59999999999999988E-002   0.0000000000000000                      +Infinity
 -0.11000000000000000      -2.19999999999999987E-002   0.0000000000000000                      +Infinity
 -0.11000000000000000      -1.79999999999999986E-002   0.0000000000000000                      +Infinity
 -0.11000000000000000      -1.40000000000000003E-002   0.0000000000000000                      +Infinity
 -0.11000000000000000      -1.00000000000000002E-002   0.0000000000000000                      +Infinity
 -0.11000000000000000      -6.00000000000000012E-003   0.0000000000000000                      +Infinity
 -0.11000000000000000      -2.00000000000000004E-003   0.0000000000000000                      +Infinity
 -0.11000000000000000       2.00000000000000004E-003   0.0000000000000000                      +Infinity
 -0.11000000000000000       6.00000000000000012E-003   0.0000000000000000                      +Infinity
 -0.11000000000000000       1.00000000000000002E-002   0.0000000000000000                      +Infinity
 -0.11000000000000000       1.40000000000000003E-002   0.0000000000000000                      +Infinity
 -0.11000000000000000       1.79999999999999986E-002   0.0000000000000000                      +Infinity
 -0.11000000000000000       2.19999999999999987E-002   0.0000000000000000                      +Infinity
 -0.11000000000000000       2.59999999999999988E-002   0.0000000000000000                      +Infinity
 -0.11000000000000000       2.99999999999999989E-002   0.0000000000000000                      +Infinity
 -0.11000000000000000       3.40000000000000024E-002   0.0000000000000000                      +Infinity
 -0.11000000000000000       3.79999999999999991E-002   0.0000000000000000                      +Infinity
 -0.11000000000000000       4.20000000000000026E-002   0.0000000000000000                      +Infinity
 -0.11000000000000000       4.59999999999999992E-002   0.0000000000000000                      +Infinity
 -0.11000000000000000       5.00000000000000028E-002   0.0000000000000000                      +Infinity
 -0.11000000000000000       5.39999999999999994E-002   0.0000000000000000                      +Infinity
 -0.11000000000000000       5.80000000000000029E-002   0.0000000000000000                      +Infinity
 -0.11000000000000000       6.19999999999999996E-002   0.0000000000000000                      +Infinity
 -0.11000000000000000       6.60000000000000031E-002   0.0000000000000000                      +Infinity
 -0.11000000000000000       7.00000000000000067E-002   0.0000000000000000                      +Infinity
 -0.11000000000000000       7.39999999999999963E-002   0.0000000000000000                      +Infinity
 -0.11000000000000000       7.79999999999999999E-002   0.0000000000000000                      +Infinity
 -0.11000000000000000       8.20000000000000034E-002   0.0000000000000000                      +Infinity
 -0.11000000000000000       8.59999999999999931E-002   0.0000000000000000                      +Infinity
 -0.11000000000000000       8.99999999999999967E-002   0.0000000000000000                      +Infinity
 -0.11000000000000000       9.40000000000000002E-002   0.0000000000000000                      +Infinity
 -0.11000000000000000       9.80000000000000038E-002   0.0000000000000000                      +Infinity
 -0.11000000000000000       0.10199999999999999        0.0000000000000000                      +Infinity
 -0.11000000000000000       0.10600000000000000        0.0000000000000000                      +Infinity
 -0.11000000000000000       0.11000000000000000        0.0000000000000000                      +Infinity
 -0.11000000000000000       0.11400000000000000        0.0000000000000000                      +Infinity
 -0.11000000000000000       0.11799999999999999        0.0000000000000000                      +Infinity
 -0.11000000000000000       0.12200000000000000        0.0000000000000000                      +Infinity
 -0.11000000000000000       0.12600000000000000        0.0000000000000000                      +Infinity
 -0.11000000000000000       0.13000000000000000        0.0000000000000000                      +Infinity
 -0.11000000000000000       0.13400000000000001        0.0000000000000000                      +Infinity
 -0.11000000000000000       0.13800000000000001        0.0000000000000000                      +Infinity
 -0.11000000000000000       0.14199999999999999        0.0000000000000000                      +Infinity
 -0.11000000000000000       0.14599999999999999        0.0000000000000000                      +Infinity
 -0.11000000000000000       0.14999999999999999        0.0000000000000000                      +Infinity
 -0.11000000000000000       0.15400000000000000        0.0000000000000000                      +Infinity
 -0.11000000000000000       0.15800000000000000        0.0000000000000000                      +Infinity
 -0.11000000000000000       0.16200000000000001        0.0000000000000000                      +Infinity
 -0.11000000000000000       0.16600000000000001        0.0000000000000000                      +Infinity
 -0.11000000000000000       0.17000000000000001        0.0000000000000000                      +Infinity
 -0.11000000000000000       0.17399999999999999        0.0000000000000000                      +Infinity
 -0.11000000000000000       0.17799999999999999        0.0000000000000000                      +Infinity
 -0.11000000000000000       0.18200000000000000        0.0000000000000000                      +Infinity
 -0.11000000000000000       0.18600000000000000        0.0000000000000000                      +Infinity
 -0.11000000000000000       0.19000000000000000        0.0000000000000000                      +Infinity
 -0.11000000000000000       0.19400000000000001        0.0000000000000000                      +Infinity
 -0.11000000000000000       0.19800000000000001        0.0000000000000000                      +Infinity
 -0.11000000000000000       0.20200000000000001        0.0000000000000000                      +Infinity
 -0.11000000000000000       0.20599999999999999        0.0000000000000000                      +Infinity
 -0.11000000000000000       0.20999999999999999        0.0000000000000000                      +Infinity
 -0.11000000000000000       0.21400000000000000        0.0000000000000000                      +Infinity
 -0.11000000000000000       0.21800000000000000        0.0000000000000000                      +Infinity
 -0.11000000000000000       0.22200000000000000        0.0000000000000000                      +Infinity
 -0.11000000000000000       0.22600000000000001        0.0000000000000000                      +Infinity
 -0.11000000000000000       0.23000000000000001        0.0000000000000000                      +Infinity
 -0.11000000000000000       0.23400000000000001        0.0000000000000000                      +Infinity
 -0.11000000000000000       0.23799999999999999        0.0000000000000000                      +Infinity
 -0.11000000000000000       0.24199999999999999        0.0000000000000000                      +Infinity
 -0.11000000000000000       0.24600000000000000        0.0000000000000000                      +Infinity
 -0.11000000000000000       0.25000000000000000        0.0000000000000000                      +Infinity
 -0.11000000000000000       0.25400000000000000        0.0000000000000000                      +Infinity
 -0.11000000000000000       0.25800000000000001        0.0000000000000000                      +Infinity
 -0.11000000000000000       0.26200000000000001        0.0000000000000000                      +Infinity
 -0.11000000000000000       0.26600000000000001        0.0000000000000000                      +Infinity
 -0.11000000000000000       0.27000000000000002        0.0000000000000000                      +Infinity
 -0.11000000000000000       0.27400000000000002        0.0000000000000000                      +Infinity
 -0.11000000000000000       0.27800000000000002        0.0000000000000000                      +Infinity
 -0.11000000000000000       0.28199999999999997        0.0000000000000000                      +Infinity
 -0.11000000000000000       0.28599999999999998        0.0000000000000000                      +Infinity
 -0.11000000000000000       0.28999999999999998        0.0000000000000000                      +Infinity
 -0.11000000000000000       0.29399999999999998        0.0000000000000000                      +Infinity
 -0.11000000000000000       0.29799999999999999        0.0000000000000000                      +Infinity
 -0.11000000000000000       0.30199999999999999        0.0000000000000000                      +Infinity
 -0.11000000000000000       0.30599999999999999        0.0000000000000000                      +Infinity
 -0.11000000000000000       0.31000000000000000        0.0000000000000000                      +Infinity
 -0.11000000000000000       0.31400000000000000        0.0000000000000000                      +Infinity
 -0.11000000000000000       0.31800000000000000        0.0000000000000000                      +Infinity
 -0.11000000000000000       0.32200000000000001        0.0000000000000000                      +Infinity
 -0.11000000000000000       0.32600000000000001        0.0000000000000000                      +Infinity
 -0.11000000000000000       0.33000000000000002        0.0000000000000000                      +Infinity
 -0.11000000000000000       0.33400000000000002        0.0000000000000000                      +Infinity
 -0.11000000000000000       0.33800000000000002        0.0000000000000000                      +Infinity
 -0.11000000000000000       0.34200000000000003        0.0000000000000000                      +Infinity
 -0.11000000000000000       0.34599999999999997        0.0000000000000000                      +Infinity
 -0.11000000000000000       0.34999999999999998        0.0000000000000000                      +Infinity
 -0.11000000000000000       0.35399999999999998        0.0000000000000000                      +Infinity
 -0.11000000000000000       0.35799999999999998        0.0000000000000000                      +Infinity
 -0.11000000000000000       0.36199999999999999        0.0000000000000000                      +Infinity
 -0.11000000000000000       0.36599999999999999        0.0000000000000000                      +Infinity
 -0.11000000000000000       0.37000000000000000        0.0000000000000000                      +Infinity
 -0.11000000000000000       0.37400000000000000        0.0000000000000000                      +Infinity
 -0.11000000000000000       0.37800000000000000        0.0000000000000000                      +Infinity
 -0.11000000000000000       0.38200000000000001        0.0000000000000000                      +Infinity
 -0.11000000000000000       0.38600000000000001        0.0000000000000000                      +Infinity
 -0.11000000000000000       0.39000000000000001        0.0000000000000000                      +Infinity
 -0.11000000000000000       0.39400000000000002        0.0000000000000000                      +Infinity
 -0.11000000000000000       0.39800000000000002        0.0000000000000000                      +Infinity
 -0.11000000000000000       0.40200000000000002        0.0000000000000000                      +Infinity
 -0.11000000000000000       0.40600000000000003        0.0000000000000000                      +Infinity
 -0.11000000000000000       0.40999999999999998        0.0000000000000000                      +Infinity
 -0.11000000000000000       0.41399999999999998        0.0000000000000000                      +Infinity
 -0.11000000000000000       0.41799999999999998        0.0000000000000000                      +Infinity
 -0.11000000000000000       0.42199999999999999        0.0000000000000000                      +Infinity
 -0.11000000000000000       0.42599999999999999        0.0000000000000000                      +Infinity
 -0.11000000000000000       0.42999999999999999        0.0000000000000000                      +Infinity
 -0.11000000000000000       0.43400000000000000        0.0000000000000000                      +Infinity
 -0.11000000000000000       0.43800000000000000        0.0000000000000000                      +Infinity
 -0.11000000000000000       0.44200000000000000        0.0000000000000000                      +Infinity
 -0.11000000000000000       0.44600000000000001        0.0000000000000000                      +Infinity
 -0.11000000000000000       0.45000000000000001        0.0000000000000000                      +Infinity
 -0.11000000000000000       0.45400000000000001        0.0000000000000000                      +Infinity
 -0.11000000000000000       0.45800000000000002        0.0000000000000000                      +Infinity
 -0.11000000000000000       0.46200000000000002        0.0000000000000000                      +Infinity
 -0.11000000000000000       0.46600000000000003        0.0000000000000000                      +Infinity
 -0.11000000000000000       0.46999999999999997        0.0000000000000000                      +Infinity
 -0.11000000000000000       0.47399999999999998        0.0000000000000000                      +Infinity
 -0.11000000000000000       0.47799999999999998        0.0000000000000000                      +Infinity
 -0.11000000000000000       0.48199999999999998        0.0000000000000000                      +Infinity
 -0.11000000000000000       0.48599999999999999        0.0000000000000000                      +Infinity
 -0.11000000000000000       0.48999999999999999        0.0000000000000000                      +Infinity
 -0.11000000000000000       0.49399999999999999        0.0000000000000000                      +Infinity
 -0.11000000000000000       0.49800000000000000        0.0000000000000000                      +Infinity
 -0.11000000000000000       0.50200000000000000        0.0000000000000000                      +Infinity
 -0.11000000000000000       0.50600000000000001        0.0000000000000000                      +Infinity
 -0.11000000000000000       0.51000000000000001        0.0000000000000000                      +Infinity
 -0.11000000000000000       0.51400000000000001        0.0000000000000000                      +Infinity
 -0.11000000000000000       0.51800000000000002        0.0000000000000000                      +Infinity
 -0.11000000000000000       0.52200000000000002        0.0000000000000000                      +Infinity
 -0.11000000000000000       0.52600000000000002        0.0000000000000000                      +Infinity
 -0.11000000000000000       0.53000000000000003        0.0000000000000000                      +Infinity
 -0.11000000000000000       0.53400000000000003        0.0000000000000000                      +Infinity
 -0.11000000000000000       0.53800000000000003        0.0000000000000000                      +Infinity
 -0.11000000000000000       0.54200000000000004        0.0000000000000000                      +Infinity
 -0.11000000000000000       0.54600000000000004        0.0000000000000000                      +Infinity
 -0.11000000000000000       0.55000000000000004        0.0000000000000000                      +Infinity
 -0.11000000000000000       0.55400000000000005        0.0000000000000000                      +Infinity
 -0.11000000000000000       0.55800000000000005        0.0000000000000000                      +Infinity
 -0.11000000000000000       0.56200000000000006        0.0000000000000000                      +Infinity
 -0.11000000000000000       0.56599999999999995        0.0000000000000000                      +Infinity
 -0.11000000000000000       0.56999999999999995        0.0000000000000000                      +Infinity
 -0.11000000000000000       0.57399999999999995        0.0000000000000000                      +Infinity
 -0.11000000000000000       0.57799999999999996        0.0000000000000000                      +Infinity
 -0.11000000000000000       0.58199999999999996        0.0000000000000000                      +Infinity
 -0.11000000000000000       0.58599999999999997        0.0000000000000000                      +Infinity
 -0.11000000000000000       0.58999999999999997        0.0000000000000000                      +Infinity
 -0.11000000000000000       0.59399999999999997        0.0000000000000000                      +Infinity
 -0.11000000000000000       0.59799999999999998        0.0000000000000000                      +Infinity
 -0.11000000000000000       0.60199999999999998        0.0000000000000000                      +Infinity
 -0.11000000000000000       0.60599999999999998        0.0000000000000000                      +Infinity
 -0.11000000000000000       0.60999999999999999        0.0000000000000000                      +Infinity
 -0.11000000000000000       0.61399999999999999        0.0000000000000000                      +Infinity
 -0.11000000000000000       0.61799999999999999        0.0000000000000000                      +Infinity
 -0.11000000000000000       0.62200000000000000        0.0000000000000000                      +Infinity
 -0.11000000000000000       0.62600000000000000        0.0000000000000000                      +Infinity
 -0.11000000000000000       0.63000000000000000        0.0000000000000000                      +Infinity
 -0.11000000000000000       0.63400000000000001        0.0000000000000000                      +Infinity
 -0.11000000000000000       0.63800000000000001        0.0000000000000000                      +Infinity
 -0.11000000000000000       0.64200000000000002        0.0000000000000000                      +Infinity
 -0.11000000000000000       0.64600000000000002        0.0000000000000000                      +Infinity
 -0.11000000000000000       0.65000000000000002        0.0000000000000000                      +Infinity
 -0.11000000000000000       0.65400000000000003        0.0000000000000000                      +Infinity
 -0.11000000000000000       0.65800000000000003        0.0000000000000000                      +Infinity
 -0.11000000000000000       0.66200000000000003        0.0000000000000000                      +Infinity
 -0.11000000000000000       0.66600000000000004        0.0000000000000000                      +Infinity
 -0.11000000000000000       0.67000000000000004        0.0000000000000000                      +Infinity
 -0.11000000000000000       0.67400000000000004        0.0000000000000000                      +Infinity
 -0.11000000000000000       0.67800000000000005        0.0000000000000000                      +Infinity
 -0.11000000000000000       0.68200000000000005        0.0000000000000000                      +Infinity
 -0.11000000000000000       0.68600000000000005        0.0000000000000000                      +Infinity
 -0.11000000000000000       0.68999999999999995        0.0000000000000000                      +Infinity
 -0.11000000000000000       0.69399999999999995        0.0000000000000000                      +Infinity
 -0.11000000000000000       0.69799999999999995        0.0000000000000000                      +Infinity
 -0.11000000000000000       0.70199999999999996        0.0000000000000000                      +Infinity
 -0.11000000000000000       0.70599999999999996        0.0000000000000000                      +Infinity
 -0.11000000000000000       0.70999999999999996        0.0000000000000000                      +Infinity
 -0.11000000000000000       0.71399999999999997        0.0000000000000000                      +Infinity
 -0.11000000000000000       0.71799999999999997        0.0000000000000000                      +Infinity
 -0.11000000000000000       0.72199999999999998        0.0000000000000000                      +Infinity
 -0.11000000000000000       0.72599999999999998        0.0000000000000000                      +Infinity
 -0.11000000000000000       0.72999999999999998        0.0000000000000000                      +Infinity
 -0.11000000000000000       0.73399999999999999        0.0000000000000000                      +Infinity
 -0.11000000000000000       0.73799999999999999        0.0000000000000000                      +Infinity
 -0.11000000000000000       0.74199999999999999        0.0000000000000000                      +Infinity
 -0.11000000000000000       0.74600000000000000        0.0000000000000000                      +Infinity
 -0.11000000000000000       0.75000000000000000        0.0000000000000000                      +Infinity
 -0.11000000000000000       0.75400000000000000        0.0000000000000000                      +Infinity
 -0.11000000000000000       0.75800000000000001        0.0000000000000000                      +Infinity
 -0.11000000000000000       0.76200000000000001        0.0000000000000000                      +Infinity
 -0.11000000000000000       0.76600000000000001        0.0000000000000000                      +Infinity
 -0.11000000000000000       0.77000000000000002        0.0000000000000000                      +Infinity
 -0.11000000000000000       0.77400000000000002        0.0000000000000000                      +Infinity
 -0.11000000000000000       0.77800000000000002       6.26000000000000030E-009   18.889085651834403
 -0.11000000000000000       0.78200000000000003       1.76840000000000014E-007   15.548020467988369
 -0.11000000000000000       0.78600000000000003       3.73539999999999995E-007   14.800240743060950
 -0.11000000000000000       0.79000000000000004       6.43860000000000049E-007   14.255784525779321
 -0.11000000000000000       0.79400000000000004       8.95480000000000022E-007   13.925905949586731
 -0.11000000000000000       0.79800000000000004       1.26071999999999998E-006   13.583827571632595
 -0.11000000000000000       0.80200000000000005       2.19962000000000021E-006   13.027225939791805
 -0.11000000000000000       0.80600000000000005       3.75101999999999988E-006   12.493482754967248
 -0.11000000000000000       0.81000000000000005       6.54955999999999968E-006   11.936112686146013
 -0.11000000000000000       0.81399999999999995       1.07559199999999995E-005   11.440054257294502
 -0.11000000000000000       0.81799999999999995       1.82200599999999992E-005   10.912987373053362
 -0.11000000000000000       0.82199999999999995       3.32024799999999979E-005   10.312885986036466
 -0.11000000000000000       0.82599999999999996       5.69697600000000019E-005   9.7729899572243930
 -0.11000000000000000       0.82999999999999996       1.01593439999999991E-004   9.1945315918335613
 -0.11000000000000000       0.83399999999999996       1.82994839999999994E-004   8.6060526022417001
 -0.11000000000000000       0.83799999999999997       3.29570920000000014E-004   8.0177189919766292
 -0.11000000000000000       0.84199999999999997       6.12289160000000030E-004   7.3983059033770751
 -0.11000000000000000       0.84599999999999997       1.15909175999999990E-003   6.7601185460586946
 -0.11000000000000000       0.84999999999999998       2.15629406000000020E-003   6.1393642437701796
 -0.11000000000000000       0.85399999999999998       4.00155633999999937E-003   5.5210719085361868
 -0.11000000000000000       0.85799999999999998       7.36515146000000023E-003   4.9109956644453243
 -0.11000000000000000       0.86199999999999999       1.31438921599999984E-002   4.3317981027847834
 -0.11000000000000000       0.86599999999999999       2.25999713000000005E-002   3.7898066426162078
 -0.11000000000000000       0.87000000000000000       3.71559133399999991E-002   3.2926323457881432
 -0.11000000000000000       0.87400000000000000       5.78208424199999974E-002   2.8504059728010080
 -0.11000000000000000       0.87800000000000000       8.34981635200000016E-002   2.4829306411396490
 -0.11000000000000000       0.88200000000000001       0.11108224768000000        2.1974843819625187
 -0.11000000000000000       0.88600000000000001       0.13375689164000001        2.0117313682530802
 -0.11000000000000000       0.89000000000000001       0.14338945459999999        1.9421908918749482
 -0.11000000000000000       0.89400000000000002       0.13440837581999998        2.0068725327456183
 -0.11000000000000000       0.89800000000000002       0.10810787272000000        2.2246257288667044
 -0.11000000000000000       0.90200000000000002       7.28548330800000005E-002   2.6192864056451532
 -0.11000000000000000       0.90600000000000003       4.02493084199999976E-002   3.2126624573769802
 -0.11000000000000000       0.91000000000000003       1.77997280600000023E-002   4.0285720993288896
 -0.11000000000000000       0.91400000000000003       6.11602173999999978E-003   5.0968434363107820
 -0.11000000000000000       0.91800000000000004       1.61574351999999987E-003   6.4279600443507414
 -0.11000000000000000       0.92200000000000004       3.09503360000000006E-004   8.0805416096788427
 -0.11000000000000000       0.92600000000000005       4.27925000000000007E-005   10.059147704376592
 -0.11000000000000000       0.93000000000000005       4.56801999999999985E-006   12.296430707336437
 -0.11000000000000000       0.93400000000000005       2.98400000000000025E-007   15.024830968616806
 -0.11000000000000000       0.93799999999999994       3.06000000000000027E-008   17.302265827988077
 -0.11000000000000000       0.94199999999999995        0.0000000000000000                      +Infinity
 -0.11000000000000000       0.94599999999999995        0.0000000000000000                      +Infinity
 -0.11000000000000000       0.94999999999999996        0.0000000000000000                      +Infinity
 -0.11000000000000000       0.95399999999999996        0.0000000000000000                      +Infinity
 -0.11000000000000000       0.95799999999999996        0.0000000000000000                      +Infinity
 -0.11000000000000000       0.96199999999999997        0.0000000000000000                      +Infinity
 -0.11000000000000000       0.96599999999999997        0.0000000000000000                      +Infinity
 -0.11000000000000000       0.96999999999999997        0.0000000000000000                      +Infinity
 -0.11000000000000000       0.97399999999999998        0.0000000000000000                      +Infinity
 -0.11000000000000000       0.97799999999999998        0.0000000000000000                      +Infinity
 -0.11000000000000000       0.98199999999999998        0.0000000000000000                      +Infinity
 -0.11000000000000000       0.98599999999999999        0.0000000000000000                      +Infinity
 -0.11000000000000000       0.98999999999999999        0.0000000000000000                      +Infinity
 -0.11000000000000000       0.99399999999999999        0.0000000000000000                      +Infinity
 -0.11000000000000000       0.99800000000000000        0.0000000000000000                      +Infinity
