  2.99999999999999989E-002 -0.99800000000000000        0.0000000000000000                      +Infinity
  2.99999999999999989E-002 -0.99399999999999999        0.0000000000000000                      +Infinity
  2.99999999999999989E-002 -0.98999999999999999        0.0000000000000000                      +Infinity
  2.99999999999999989E-002 -0.98599999999999999        0.0000000000000000                      +Infinity
  2.99999999999999989E-002 -0.98199999999999998        0.0000000000000000                      +Infinity
  2.99999999999999989E-002 -0.97799999999999998        0.0000000000000000                      +Infinity
  2.99999999999999989E-002 -0.97399999999999998        0.0000000000000000                      +Infinity
  2.99999999999999989E-002 -0.96999999999999997        0.0000000000000000                      +Infinity
  2.99999999999999989E-002 -0.96599999999999997        0.0000000000000000                      +Infinity
  2.99999999999999989E-002 -0.96199999999999997        0.0000000000000000                      +Infinity
  2.99999999999999989E-002 -0.95799999999999996        0.0000000000000000                      +Infinity
  2.99999999999999989E-002 -0.95399999999999996        0.0000000000000000                      +Infinity
  2.99999999999999989E-002 -0.94999999999999996        0.0000000000000000                      +Infinity
  2.99999999999999989E-002 -0.94599999999999995        0.0000000000000000                      +Infinity
  2.99999999999999989E-002 -0.94199999999999995        0.0000000000000000                      +Infinity
  2.99999999999999989E-002 -0.93799999999999994        0.0000000000000000                      +Infinity
  2.99999999999999989E-002 -0.93400000000000005        0.0000000000000000                      +Infinity
  2.99999999999999989E-002 -0.93000000000000005        0.0000000000000000                      +Infinity
  2.99999999999999989E-002 -0.92600000000000005        0.0000000000000000                      +Infinity
  2.99999999999999989E-002 -0.92200000000000004        0.0000000000000000                      +Infinity
  2.99999999999999989E-002 -0.91800000000000004        0.0000000000000000                      +Infinity
  2.99999999999999989E-002 -0.91400000000000003        0.0000000000000000                      +Infinity
  2.99999999999999989E-002 -0.91000000000000003        0.0000000000000000                      +Infinity
  2.99999999999999989E-002 -0.90600000000000003        0.0000000000000000                      +Infinity
  2.99999999999999989E-002 -0.90200000000000002        0.0000000000000000                      +Infinity
  2.99999999999999989E-002 -0.89800000000000002        0.0000000000000000                      +Infinity
  2.99999999999999989E-002 -0.89400000000000002        0.0000000000000000                      +Infinity
  2.99999999999999989E-002 -0.89000000000000001        0.0000000000000000                      +Infinity
  2.99999999999999989E-002 -0.88600000000000001        0.0000000000000000                      +Infinity
  2.99999999999999989E-002 -0.88200000000000001        0.0000000000000000                      +Infinity
  2.99999999999999989E-002 -0.87800000000000000        0.0000000000000000                      +Infinity
  2.99999999999999989E-002 -0.87400000000000000        0.0000000000000000                      +Infinity
  2.99999999999999989E-002 -0.87000000000000000        0.0000000000000000                      +Infinity
  2.99999999999999989E-002 -0.86599999999999999        0.0000000000000000                      +Infinity
  2.99999999999999989E-002 -0.86199999999999999        0.0000000000000000                      +Infinity
  2.99999999999999989E-002 -0.85799999999999998        0.0000000000000000                      +Infinity
  2.99999999999999989E-002 -0.85399999999999998        0.0000000000000000                      +Infinity
  2.99999999999999989E-002 -0.84999999999999998        0.0000000000000000                      +Infinity
  2.99999999999999989E-002 -0.84599999999999997        0.0000000000000000                      +Infinity
  2.99999999999999989E-002 -0.84199999999999997        0.0000000000000000                      +Infinity
  2.99999999999999989E-002 -0.83799999999999997        0.0000000000000000                      +Infinity
  2.99999999999999989E-002 -0.83399999999999996        0.0000000000000000                      +Infinity
  2.99999999999999989E-002 -0.82999999999999996        0.0000000000000000                      +Infinity
  2.99999999999999989E-002 -0.82599999999999996        0.0000000000000000                      +Infinity
  2.99999999999999989E-002 -0.82199999999999995        0.0000000000000000                      +Infinity
  2.99999999999999989E-002 -0.81799999999999995        0.0000000000000000                      +Infinity
  2.99999999999999989E-002 -0.81399999999999995        0.0000000000000000                      +Infinity
  2.99999999999999989E-002 -0.81000000000000005        0.0000000000000000                      +Infinity
  2.99999999999999989E-002 -0.80600000000000005        0.0000000000000000                      +Infinity
  2.99999999999999989E-002 -0.80200000000000005        0.0000000000000000                      +Infinity
  2.99999999999999989E-002 -0.79800000000000004        0.0000000000000000                      +Infinity
  2.99999999999999989E-002 -0.79400000000000004        0.0000000000000000                      +Infinity
  2.99999999999999989E-002 -0.79000000000000004        0.0000000000000000                      +Infinity
  2.99999999999999989E-002 -0.78600000000000003        0.0000000000000000                      +Infinity
  2.99999999999999989E-002 -0.78200000000000003        0.0000000000000000                      +Infinity
  2.99999999999999989E-002 -0.77800000000000002        0.0000000000000000                      +Infinity
  2.99999999999999989E-002 -0.77400000000000002        0.0000000000000000                      +Infinity
  2.99999999999999989E-002 -0.77000000000000002        0.0000000000000000                      +Infinity
  2.99999999999999989E-002 -0.76600000000000001        0.0000000000000000                      +Infinity
  2.99999999999999989E-002 -0.76200000000000001        0.0000000000000000                      +Infinity
  2.99999999999999989E-002 -0.75800000000000001        0.0000000000000000                      +Infinity
  2.99999999999999989E-002 -0.75400000000000000        0.0000000000000000                      +Infinity
  2.99999999999999989E-002 -0.75000000000000000        0.0000000000000000                      +Infinity
  2.99999999999999989E-002 -0.74600000000000000        0.0000000000000000                      +Infinity
  2.99999999999999989E-002 -0.74199999999999999        0.0000000000000000                      +Infinity
  2.99999999999999989E-002 -0.73799999999999999        0.0000000000000000                      +Infinity
  2.99999999999999989E-002 -0.73399999999999999        0.0000000000000000                      +Infinity
  2.99999999999999989E-002 -0.72999999999999998        0.0000000000000000                      +Infinity
  2.99999999999999989E-002 -0.72599999999999998        0.0000000000000000                      +Infinity
  2.99999999999999989E-002 -0.72199999999999998        0.0000000000000000                      +Infinity
  2.99999999999999989E-002 -0.71799999999999997        0.0000000000000000                      +Infinity
  2.99999999999999989E-002 -0.71399999999999997        0.0000000000000000                      +Infinity
  2.99999999999999989E-002 -0.70999999999999996        0.0000000000000000                      +Infinity
  2.99999999999999989E-002 -0.70599999999999996        0.0000000000000000                      +Infinity
  2.99999999999999989E-002 -0.70199999999999996        0.0000000000000000                      +Infinity
  2.99999999999999989E-002 -0.69799999999999995        0.0000000000000000                      +Infinity
  2.99999999999999989E-002 -0.69399999999999995        0.0000000000000000                      +Infinity
  2.99999999999999989E-002 -0.68999999999999995        0.0000000000000000                      +Infinity
  2.99999999999999989E-002 -0.68600000000000005        0.0000000000000000                      +Infinity
  2.99999999999999989E-002 -0.68200000000000005        0.0000000000000000                      +Infinity
  2.99999999999999989E-002 -0.67800000000000005        0.0000000000000000                      +Infinity
  2.99999999999999989E-002 -0.67400000000000004        0.0000000000000000                      +Infinity
  2.99999999999999989E-002 -0.67000000000000004        0.0000000000000000                      +Infinity
  2.99999999999999989E-002 -0.66600000000000004        0.0000000000000000                      +Infinity
  2.99999999999999989E-002 -0.66200000000000003        0.0000000000000000                      +Infinity
  2.99999999999999989E-002 -0.65800000000000003        0.0000000000000000                      +Infinity
  2.99999999999999989E-002 -0.65400000000000003        0.0000000000000000                      +Infinity
  2.99999999999999989E-002 -0.65000000000000002        0.0000000000000000                      +Infinity
  2.99999999999999989E-002 -0.64600000000000002        0.0000000000000000                      +Infinity
  2.99999999999999989E-002 -0.64200000000000002        0.0000000000000000                      +Infinity
  2.99999999999999989E-002 -0.63800000000000001        0.0000000000000000                      +Infinity
  2.99999999999999989E-002 -0.63400000000000001        0.0000000000000000                      +Infinity
  2.99999999999999989E-002 -0.63000000000000000        0.0000000000000000                      +Infinity
  2.99999999999999989E-002 -0.62600000000000000        0.0000000000000000                      +Infinity
  2.99999999999999989E-002 -0.62200000000000000        0.0000000000000000                      +Infinity
  2.99999999999999989E-002 -0.61799999999999999        0.0000000000000000                      +Infinity
  2.99999999999999989E-002 -0.61399999999999999        0.0000000000000000                      +Infinity
  2.99999999999999989E-002 -0.60999999999999999       2.18499999999999980E-009   19.941650008398859
  2.99999999999999989E-002 -0.60599999999999998       2.32000000000000026E-009   19.881698651268191
  2.99999999999999989E-002 -0.60199999999999998       1.84149999999999998E-008   17.810100287049384
  2.99999999999999989E-002 -0.59799999999999998       2.16950000000000000E-008   17.646184017696097
  2.99999999999999989E-002 -0.59399999999999997       5.88300000000000047E-008   16.648613908070047
  2.99999999999999989E-002 -0.58999999999999997       8.90500000000000066E-008   16.234067827210740
  2.99999999999999989E-002 -0.58599999999999997       1.19414999999999988E-007   15.940661015737760
  2.99999999999999989E-002 -0.58199999999999996       1.67595000000000013E-007   15.601715482278999
  2.99999999999999989E-002 -0.57799999999999996       2.94029999999999993E-007   15.039584033997214
  2.99999999999999989E-002 -0.57399999999999995       3.49385000000000001E-007   14.867091370906413
  2.99999999999999989E-002 -0.56999999999999995       3.60135000000000015E-007   14.836786875791182
  2.99999999999999989E-002 -0.56599999999999995       4.50355000000000038E-007   14.613229676302439
  2.99999999999999989E-002 -0.56200000000000006       5.23419999999999958E-007   14.462881635887635
  2.99999999999999989E-002 -0.55800000000000005       6.64015000000000007E-007   14.224961097363689
  2.99999999999999989E-002 -0.55400000000000005       8.48800000000000030E-007   13.979442249646638
  2.99999999999999989E-002 -0.55000000000000004       9.39720000000000000E-007   13.877683878395565
  2.99999999999999989E-002 -0.54600000000000004       9.40514999999999922E-007   13.876838239369192
  2.99999999999999989E-002 -0.54200000000000004       1.10275000000000016E-006   13.717703497961361
  2.99999999999999989E-002 -0.53800000000000003       1.57546000000000016E-006   13.360963264836853
  2.99999999999999989E-002 -0.53400000000000003       1.79599499999999990E-006   13.229951372052506
  2.99999999999999989E-002 -0.53000000000000003       2.04238000000000000E-006   13.101394763468180
  2.99999999999999989E-002 -0.52600000000000002       2.71453000000000000E-006   12.816891731902905
  2.99999999999999989E-002 -0.52200000000000002       3.21120000000000027E-006   12.648865858904337
  2.99999999999999989E-002 -0.51800000000000002       3.83942500000000009E-006   12.470187942160063
  2.99999999999999989E-002 -0.51400000000000001       4.28764999999999951E-006   12.359771760661451
  2.99999999999999989E-002 -0.51000000000000001       4.96304500000000035E-006   12.213491094303562
  2.99999999999999989E-002 -0.50600000000000001       5.80715500000000031E-006   12.056419780007044
  2.99999999999999989E-002 -0.50200000000000000       6.94792999999999956E-006   11.877066784477849
  2.99999999999999989E-002 -0.49800000000000000       8.18533500000000013E-006   11.713166419450930
  2.99999999999999989E-002 -0.49399999999999999       9.84535999999999953E-006   11.528510279756564
  2.99999999999999989E-002 -0.48999999999999999       1.16280150000000005E-005   11.362093285278796
  2.99999999999999989E-002 -0.48599999999999999       1.36880649999999995E-005   11.198986272700678
  2.99999999999999989E-002 -0.48199999999999998       1.58383600000000013E-005   11.053075712291685
  2.99999999999999989E-002 -0.47799999999999998       1.81923649999999998E-005   10.914508557393077
  2.99999999999999989E-002 -0.47399999999999998       2.07663350000000005E-005   10.782177392074059
  2.99999999999999989E-002 -0.46999999999999997       2.36618500000000011E-005   10.651646511431064
  2.99999999999999989E-002 -0.46600000000000003       2.77713100000000002E-005   10.491507084549688
  2.99999999999999989E-002 -0.46200000000000002       3.15650649999999979E-005   10.363459586903973
  2.99999999999999989E-002 -0.45800000000000002       3.46779999999999956E-005   10.269405077841792
  2.99999999999999989E-002 -0.45400000000000001       3.99915999999999984E-005   10.126841125903425
  2.99999999999999989E-002 -0.45000000000000001       4.54294050000000028E-005   9.9993509753511489
  2.99999999999999989E-002 -0.44600000000000001       5.15632599999999987E-005   9.8727011545840586
  2.99999999999999989E-002 -0.44200000000000000       5.88908149999999963E-005   9.7398254217420366
  2.99999999999999989E-002 -0.43800000000000000       6.60691349999999964E-005   9.6248088641831497
  2.99999999999999989E-002 -0.43400000000000000       7.34375899999999956E-005   9.5190746280946321
  2.99999999999999989E-002 -0.42999999999999999       8.18467350000000061E-005   9.4106621449855208
  2.99999999999999989E-002 -0.42599999999999999       9.13089700000000007E-005   9.3012615276537272
  2.99999999999999989E-002 -0.42199999999999999       1.01773679999999996E-004   9.1927590334456326
  2.99999999999999989E-002 -0.41799999999999998       1.14034790000000014E-004   9.0790069806877352
  2.99999999999999989E-002 -0.41399999999999998       1.26955299999999987E-004   8.9716755019650716
  2.99999999999999989E-002 -0.40999999999999998       1.42725274999999999E-004   8.8545889293335343
  2.99999999999999989E-002 -0.40600000000000003       1.56138534999999978E-004   8.7647668999215007
  2.99999999999999989E-002 -0.40200000000000002       1.72489099999999988E-004   8.6651765118951278
  2.99999999999999989E-002 -0.39800000000000002       1.89351004999999990E-004   8.5719080959991860
  2.99999999999999989E-002 -0.39400000000000002       2.06947144999999986E-004   8.4830471354674959
  2.99999999999999989E-002 -0.39000000000000001       2.29079420000000009E-004   8.3814418023084194
  2.99999999999999989E-002 -0.38600000000000001       2.51890979999999990E-004   8.2865141831070890
  2.99999999999999989E-002 -0.38200000000000001       2.72552114999999990E-004   8.2076807144400643
  2.99999999999999989E-002 -0.37800000000000000       2.97778175000000013E-004   8.1191617278412576
  2.99999999999999989E-002 -0.37400000000000000       3.24766305000000015E-004   8.0324046958217430
  2.99999999999999989E-002 -0.37000000000000000       3.55686040000000026E-004   7.9414621263361171
  2.99999999999999989E-002 -0.36599999999999999       3.85800295000000013E-004   7.8601906928480441
  2.99999999999999989E-002 -0.36199999999999999       4.20703075000000053E-004   7.7735832581480171
  2.99999999999999989E-002 -0.35799999999999998       4.57017884999999979E-004   7.6907880321684541
  2.99999999999999989E-002 -0.35399999999999998       4.93819564999999961E-004   7.6133403605339263
  2.99999999999999989E-002 -0.34999999999999998       5.36170919999999994E-004   7.5310575671280686
  2.99999999999999989E-002 -0.34599999999999997       5.74274214999999952E-004   7.4624035492388368
  2.99999999999999989E-002 -0.34200000000000003       6.19497759999999994E-004   7.3866014727208231
  2.99999999999999989E-002 -0.33800000000000002       6.69565695000000046E-004   7.3088812721802690
  2.99999999999999989E-002 -0.33400000000000002       7.26083090000000054E-004   7.2278461006524566
  2.99999999999999989E-002 -0.33000000000000002       7.84464135000000019E-004   7.1505097038534497
  2.99999999999999989E-002 -0.32600000000000001       8.46148430000000034E-004   7.0748157645748799
  2.99999999999999989E-002 -0.32200000000000001       9.06743039999999951E-004   7.0056514555958165
  2.99999999999999989E-002 -0.31800000000000000       9.70726559999999920E-004   6.9374657359226743
  2.99999999999999989E-002 -0.31400000000000000       1.03267568500000012E-003   6.8756020926401193
  2.99999999999999989E-002 -0.31000000000000000       1.10036536500000013E-003   6.8121130043274114
  2.99999999999999989E-002 -0.30599999999999999       1.17340092500000000E-003   6.7478489731653424
  2.99999999999999989E-002 -0.30199999999999999       1.25209837999999988E-003   6.6829344311165810
  2.99999999999999989E-002 -0.29799999999999999       1.33394112000000012E-003   6.6196174703938464
  2.99999999999999989E-002 -0.29399999999999998       1.41742974000000008E-003   6.5589100897283750
  2.99999999999999989E-002 -0.28999999999999998       1.51022283000000002E-003   6.4954980695061932
  2.99999999999999989E-002 -0.28599999999999998       1.60261336999999995E-003   6.4361196259619806
  2.99999999999999989E-002 -0.28199999999999997       1.68989344499999978E-003   6.3830898023307663
  2.99999999999999989E-002 -0.27800000000000002       1.78544496999999999E-003   6.3280876119031921
  2.99999999999999989E-002 -0.27400000000000002       1.89030459499999999E-003   6.2710173015200237
  2.99999999999999989E-002 -0.27000000000000002       1.99014908000000020E-003   6.2195457284788285
  2.99999999999999989E-002 -0.26600000000000001       2.09454934000000018E-003   6.1684168609198151
  2.99999999999999989E-002 -0.26200000000000001       2.21066615499999983E-003   6.1144613812708384
  2.99999999999999989E-002 -0.25800000000000001       2.33570629000000004E-003   6.0594409539416372
  2.99999999999999989E-002 -0.25400000000000000       2.45395749000000031E-003   6.0100532555818438
  2.99999999999999989E-002 -0.25000000000000000       2.57794612000000018E-003   5.9607622746059681
  2.99999999999999989E-002 -0.24600000000000000       2.70631764500000021E-003   5.9121663706829084
  2.99999999999999989E-002 -0.24199999999999999       2.83405692499999994E-003   5.8660460514651316
  2.99999999999999989E-002 -0.23799999999999999       2.96988746999999990E-003   5.8192312157742201
  2.99999999999999989E-002 -0.23400000000000001       3.11755062000000031E-003   5.7707076431722202
  2.99999999999999989E-002 -0.23000000000000001       3.26760812999999989E-003   5.7236970204350204
  2.99999999999999989E-002 -0.22600000000000001       3.40652307499999998E-003   5.6820631339587280
  2.99999999999999989E-002 -0.22200000000000000       3.55205984999999985E-003   5.6402276043320052
  2.99999999999999989E-002 -0.21800000000000000       3.70481349000000015E-003   5.5981223615821625
  2.99999999999999989E-002 -0.21400000000000000       3.85746539499999975E-003   5.5577449446032299
  2.99999999999999989E-002 -0.20999999999999999       3.99966315999999988E-003   5.5215451314081072
  2.99999999999999989E-002 -0.20599999999999999       4.16431212499999981E-003   5.4812041730655201
  2.99999999999999989E-002 -0.20200000000000001       4.32446647500000017E-003   5.4434665045890682
  2.99999999999999989E-002 -0.19800000000000001       4.49210739000000057E-003   5.4054333354460251
  2.99999999999999989E-002 -0.19400000000000001       4.66465960999999998E-003   5.3677404141188827
  2.99999999999999989E-002 -0.19000000000000000       4.82748940000000005E-003   5.3334287394175108
  2.99999999999999989E-002 -0.18600000000000000       4.99483513500000031E-003   5.2993508734323367
  2.99999999999999989E-002 -0.18200000000000000       5.16428730000000058E-003   5.2659881723787816
  2.99999999999999989E-002 -0.17799999999999999       5.33373587000000003E-003   5.2337033726336069
  2.99999999999999989E-002 -0.17399999999999999       5.50132588000000044E-003   5.2027661467052866
  2.99999999999999989E-002 -0.17000000000000001       5.67731599000000000E-003   5.1712766949016862
  2.99999999999999989E-002 -0.16600000000000001       5.85058461500000040E-003   5.1412136885434263
  2.99999999999999989E-002 -0.16200000000000001       6.03575761000000027E-003   5.1100538962718636
  2.99999999999999989E-002 -0.15800000000000000       6.23605248499999997E-003   5.0774079113691704
  2.99999999999999989E-002 -0.15400000000000000       6.41213962000000085E-003   5.0495622696746425
  2.99999999999999989E-002 -0.14999999999999999       6.58123963499999964E-003   5.0235321570120037
  2.99999999999999989E-002 -0.14599999999999999       6.76343267999999966E-003   4.9962247249110421
  2.99999999999999989E-002 -0.14199999999999999       6.94075897000000046E-003   4.9703441487715061
  2.99999999999999989E-002 -0.13800000000000001       7.11943044500000077E-003   4.9449275504376926
  2.99999999999999989E-002 -0.13400000000000001       7.29942524500000033E-003   4.9199596674890849
  2.99999999999999989E-002 -0.13000000000000000       7.46546786499999952E-003   4.8974671754740360
  2.99999999999999989E-002 -0.12600000000000000       7.63490690499999975E-003   4.8750245335751385
  2.99999999999999989E-002 -0.12200000000000000       7.80004451500000001E-003   4.8536258382515944
  2.99999999999999989E-002 -0.11799999999999999       7.97026419500000000E-003   4.8320376380468595
  2.99999999999999989E-002 -0.11400000000000000       8.14349243000000132E-003   4.8105361455268261
  2.99999999999999989E-002 -0.11000000000000000       8.28623082999999962E-003   4.7931600778824608
  2.99999999999999989E-002 -0.10600000000000000       8.43416268499999969E-003   4.7754648346571775
  2.99999999999999989E-002 -0.10199999999999999       8.58850222999999954E-003   4.7573309202376963
  2.99999999999999989E-002 -9.80000000000000038E-002  8.75074929000000008E-003   4.7386159491360651
  2.99999999999999989E-002 -9.40000000000000002E-002  8.90345783000000106E-003   4.7213155574737629
  2.99999999999999989E-002 -8.99999999999999967E-002  9.05676718999999866E-003   4.7042430448992780
  2.99999999999999989E-002 -8.59999999999999931E-002  9.19385724000000050E-003   4.6892197092366006
  2.99999999999999989E-002 -8.20000000000000034E-002  9.34509145499999930E-003   4.6729040516056450
  2.99999999999999989E-002 -7.79999999999999999E-002  9.48510523999999966E-003   4.6580325802429021
  2.99999999999999989E-002 -7.39999999999999963E-002  9.61554957500000002E-003   4.6443737434885319
  2.99999999999999989E-002 -7.00000000000000067E-002  9.75250467500000072E-003   4.6302311372193117
  2.99999999999999989E-002 -6.60000000000000031E-002  9.87441306999999914E-003   4.6178084059107043
  2.99999999999999989E-002 -6.19999999999999996E-002  9.99361423999999866E-003   4.6058089659645862
  2.99999999999999989E-002 -5.80000000000000029E-002  1.00795890999999995E-002   4.5972427810586733
  2.99999999999999989E-002 -5.39999999999999994E-002  1.01787030150000003E-002   4.5874576811827801
  2.99999999999999989E-002 -5.00000000000000028E-002  1.02740729600000000E-002   4.5781317455412127
  2.99999999999999989E-002 -4.59999999999999992E-002  1.03520514100000002E-002   4.5705705750458154
  2.99999999999999989E-002 -4.20000000000000026E-002  1.04457880350000004E-002   4.5615564406730433
  2.99999999999999989E-002 -3.79999999999999991E-002  1.05395949349999987E-002   4.5526161678218404
  2.99999999999999989E-002 -3.40000000000000024E-002  1.06008700999999997E-002   4.5468191963272364
  2.99999999999999989E-002 -2.99999999999999989E-002  1.06511803850000003E-002   4.5420845586960663
  2.99999999999999989E-002 -2.59999999999999988E-002  1.06944095850000000E-002   4.5380341427401909
  2.99999999999999989E-002 -2.19999999999999987E-002  1.07525183449999999E-002   4.5326152871929812
  2.99999999999999989E-002 -1.79999999999999986E-002  1.07789421699999999E-002   4.5301608472587320
  2.99999999999999989E-002 -1.40000000000000003E-002  1.08139634950000004E-002   4.5269170637446852
  2.99999999999999989E-002 -1.00000000000000002E-002  1.08338858700000006E-002   4.5250764762305682
  2.99999999999999989E-002 -6.00000000000000012E-003  1.08561669000000003E-002   4.5230219825810121
  2.99999999999999989E-002 -2.00000000000000004E-003  1.08808581050000002E-002   4.5207501707195581
  2.99999999999999989E-002  2.00000000000000004E-003  1.08921476299999997E-002   4.5197131502779024
  2.99999999999999989E-002  6.00000000000000012E-003  1.08668761299999996E-002   4.5220360036964893
  2.99999999999999989E-002  1.00000000000000002E-002  1.08439946500000009E-002   4.5241438407062233
  2.99999999999999989E-002  1.40000000000000003E-002  1.08016482700000003E-002   4.5280565389042504
  2.99999999999999989E-002  1.79999999999999986E-002  1.07674685550000013E-002   4.5312258614024739
  2.99999999999999989E-002  2.19999999999999987E-002  1.07280746149999995E-002   4.5348911778628898
  2.99999999999999989E-002  2.59999999999999988E-002  1.06809464700000009E-002   4.5392938285901616
  2.99999999999999989E-002  2.99999999999999989E-002  1.06242735849999999E-002   4.5446139349794752
  2.99999999999999989E-002  3.40000000000000024E-002  1.05699664400000001E-002   4.5497386541286833
  2.99999999999999989E-002  3.79999999999999991E-002  1.04923519699999992E-002   4.5571086710285540
  2.99999999999999989E-002  4.20000000000000026E-002  1.04168109500000008E-002   4.5643343403637635
  2.99999999999999989E-002  4.59999999999999992E-002  1.03238862850000002E-002   4.5732950118125446
  2.99999999999999989E-002  5.00000000000000028E-002  1.02446790599999994E-002   4.5809968242826908
  2.99999999999999989E-002  5.39999999999999994E-002  1.01627744500000002E-002   4.5890237983228062
  2.99999999999999989E-002  5.80000000000000029E-002  1.00591961800000004E-002   4.5992680200874183
  2.99999999999999989E-002  6.19999999999999996E-002  9.94924407500000045E-003   4.6102587030594906
  2.99999999999999989E-002  6.60000000000000031E-002  9.83361498499999917E-003   4.6219486621722892
  2.99999999999999989E-002  7.00000000000000067E-002  9.71593649000000031E-003   4.6339878045041676
  2.99999999999999989E-002  7.39999999999999963E-002  9.58458298000000077E-003   4.6475994109949124
  2.99999999999999989E-002  7.79999999999999999E-002  9.46141367500000045E-003   4.6605334699793675
  2.99999999999999989E-002  8.20000000000000034E-002  9.33226308500000046E-003   4.6742777335143746
  2.99999999999999989E-002  8.59999999999999931E-002  9.19745432999999855E-003   4.6888285364774225
  2.99999999999999989E-002  8.99999999999999967E-002  9.05498975499999942E-003   4.7044393190665064
  2.99999999999999989E-002  9.40000000000000002E-002  8.91397360500000013E-003   4.7201351655346269
  2.99999999999999989E-002  9.80000000000000038E-002  8.76792682999999982E-003   4.7366548939299111
  2.99999999999999989E-002  0.10199999999999999       8.60230478000000021E-003   4.7557251139532184
  2.99999999999999989E-002  0.10600000000000000       8.43890144999999946E-003   4.7749031387984200
  2.99999999999999989E-002  0.11000000000000000       8.27982683999999892E-003   4.7939332238471275
  2.99999999999999989E-002  0.11400000000000000       8.13539031499999933E-003   4.8115315597448545
  2.99999999999999989E-002  0.11799999999999999       7.97889648999999986E-003   4.8309551615437503
  2.99999999999999989E-002  0.12200000000000000       7.81396520499999872E-003   4.8518427352642144
  2.99999999999999989E-002  0.12600000000000000       7.63420110999999974E-003   4.8751169810186710
  2.99999999999999989E-002  0.13000000000000000       7.46593300000000012E-003   4.8974048725455486
  2.99999999999999989E-002  0.13400000000000001       7.29321787500000068E-003   4.9208104208890484
  2.99999999999999989E-002  0.13800000000000001       7.11096012499999944E-003   4.9461180056059710
  2.99999999999999989E-002  0.14199999999999999       6.92561857999999999E-003   4.9725279052662623
  2.99999999999999989E-002  0.14599999999999999       6.74660950500000078E-003   4.9987151958459259
  2.99999999999999989E-002  0.14999999999999999       6.56004400500000053E-003   5.0267579679693704
  2.99999999999999989E-002  0.15400000000000000       6.39011410000000016E-003   5.0530031547270715
  2.99999999999999989E-002  0.15800000000000000       6.21118018499999987E-003   5.0814043551994628
  2.99999999999999989E-002  0.16200000000000001       6.03721378500000037E-003   5.1098126673383364
  2.99999999999999989E-002  0.16600000000000001       5.86317244000000067E-003   5.1390644498685250
  2.99999999999999989E-002  0.17000000000000001       5.68455056000000038E-003   5.1700032120728059
  2.99999999999999989E-002  0.17399999999999999       5.50195844000000035E-003   5.2026511701251499
  2.99999999999999989E-002  0.17799999999999999       5.33090631000000034E-003   5.2342340158598191
  2.99999999999999989E-002  0.18200000000000000       5.15556999499999953E-003   5.2676775963357585
  2.99999999999999989E-002  0.18600000000000000       4.98120352999999964E-003   5.3020837444529532
  2.99999999999999989E-002  0.19000000000000000       4.80710216499999950E-003   5.3376608369156768
  2.99999999999999989E-002  0.19400000000000001       4.63872122499999970E-003   5.3733165487884422
  2.99999999999999989E-002  0.19800000000000001       4.47947021000000018E-003   5.4082504962445466
  2.99999999999999989E-002  0.20200000000000001       4.32118775499999979E-003   5.4442249712290600
  2.99999999999999989E-002  0.20599999999999999       4.16016133999999940E-003   5.4822014218071855
  2.99999999999999989E-002  0.20999999999999999       4.00205047999999987E-003   5.5209484292069941
  2.99999999999999989E-002  0.21400000000000000       3.85515709000000019E-003   5.5583435231213443
  2.99999999999999989E-002  0.21800000000000000       3.70873681000000004E-003   5.5970639428198981
  2.99999999999999989E-002  0.22200000000000000       3.56011642999999990E-003   5.6379620295968165
  2.99999999999999989E-002  0.22600000000000001       3.41003367000000017E-003   5.6810331138351646
  2.99999999999999989E-002  0.23000000000000001       3.26182531499999992E-003   5.7254683277193941
  2.99999999999999989E-002  0.23400000000000001       3.11559597000000011E-003   5.7713348224101377
  2.99999999999999989E-002  0.23799999999999999       2.98103103000000019E-003   5.8154860550817409
  2.99999999999999989E-002  0.24199999999999999       2.84764750999999972E-003   5.8612620606484240
  2.99999999999999989E-002  0.24600000000000000       2.70840249500000014E-003   5.9113963031451151
  2.99999999999999989E-002  0.25000000000000000       2.58339650000000013E-003   5.9586502729710240
  2.99999999999999989E-002  0.25400000000000000       2.46041388499999977E-003   6.0074256972546660
  2.99999999999999989E-002  0.25800000000000001       2.33591588499999997E-003   6.0593512227980266
  2.99999999999999989E-002  0.26200000000000001       2.22146360500000009E-003   6.1095890187970143
  2.99999999999999989E-002  0.26600000000000001       2.10203173999999994E-003   6.1648509067365280
  2.99999999999999989E-002  0.27000000000000002       1.98458454499999973E-003   6.2223456839779239
  2.99999999999999989E-002  0.27400000000000002       1.88278476999999994E-003   6.2750033374863614
  2.99999999999999989E-002  0.27800000000000002       1.77946126000000002E-003   6.3314446234111577
  2.99999999999999989E-002  0.28199999999999997       1.67843258999999991E-003   6.3898949032085621
  2.99999999999999989E-002  0.28599999999999998       1.58655887000000006E-003   6.4461878407905120
  2.99999999999999989E-002  0.28999999999999998       1.49706345000000002E-003   6.5042497896733158
  2.99999999999999989E-002  0.29399999999999998       1.40859612999999994E-003   6.5651617230655130
  2.99999999999999989E-002  0.29799999999999999       1.32379504500000004E-003   6.6272526332989967
  2.99999999999999989E-002  0.30199999999999999       1.24187888500000001E-003   6.6911298163289139
  2.99999999999999989E-002  0.30599999999999999       1.16445481500000009E-003   6.7555022714536683
  2.99999999999999989E-002  0.31000000000000000       1.09499618000000014E-003   6.8170044043042326
  2.99999999999999989E-002  0.31400000000000000       1.03287266499999995E-003   6.8754113636256218
  2.99999999999999989E-002  0.31800000000000000       9.70519554999999933E-004   6.9376790061506837
  2.99999999999999989E-002  0.32200000000000001       9.04934105000000048E-004   7.0076484290699774
  2.99999999999999989E-002  0.32600000000000001       8.43919024999999949E-004   7.0774540099141676
  2.99999999999999989E-002  0.33000000000000002       7.80333755000000044E-004   7.1557888387742548
  2.99999999999999989E-002  0.33400000000000002       7.21172839999999963E-004   7.2346317268007088
  2.99999999999999989E-002  0.33800000000000002       6.66930460000000045E-004   7.3128247753549447
  2.99999999999999989E-002  0.34200000000000003       6.18078604999999955E-004   7.3888949160382369
  2.99999999999999989E-002  0.34599999999999997       5.70172384999999954E-004   7.4695718130337978
  2.99999999999999989E-002  0.34999999999999998       5.24897680000000074E-004   7.5523072096052903
  2.99999999999999989E-002  0.35399999999999998       4.87941224999999951E-004   7.6253155999384461
  2.99999999999999989E-002  0.35799999999999998       4.51341244999999957E-004   7.7032868637717069
  2.99999999999999989E-002  0.36199999999999999       4.11489479999999996E-004   7.7957271031800150
  2.99999999999999989E-002  0.36599999999999999       3.77131724999999981E-004   7.8829160283603166
  2.99999999999999989E-002  0.37000000000000000       3.47333834999999987E-004   7.9652241799823029
  2.99999999999999989E-002  0.37400000000000000       3.18230579999999980E-004   8.0527343435983685
  2.99999999999999989E-002  0.37800000000000000       2.90940900000000039E-004   8.1423904042024180
  2.99999999999999989E-002  0.38200000000000001       2.65789599999999987E-004   8.2328055396138975
  2.99999999999999989E-002  0.38600000000000001       2.41659794999999993E-004   8.3279796266647352
  2.99999999999999989E-002  0.39000000000000001       2.20351630000000008E-004   8.4202859693811973
  2.99999999999999989E-002  0.39400000000000002       2.01508274999999995E-004   8.5096801104232433
  2.99999999999999989E-002  0.39800000000000002       1.84973890000000000E-004   8.5952958779815845
  2.99999999999999989E-002  0.40200000000000002       1.69868854999999993E-004   8.6804838598043492
  2.99999999999999989E-002  0.40600000000000003       1.53815415000000012E-004   8.7797572783469064
  2.99999999999999989E-002  0.40999999999999998       1.38946974999999988E-004   8.8814181724337544
  2.99999999999999989E-002  0.41399999999999998       1.23842840000000016E-004   8.9964972155692724
  2.99999999999999989E-002  0.41799999999999998       1.11614775000000013E-004   9.1004571243070558
  2.99999999999999989E-002  0.42199999999999999       9.98710250000000015E-005   9.2116309544195527
  2.99999999999999989E-002  0.42599999999999999       8.92960250000000020E-005   9.3235535839504884
  2.99999999999999989E-002  0.42999999999999999       7.93661699999999971E-005   9.4414383510339892
  2.99999999999999989E-002  0.43400000000000000       7.17508849999999967E-005   9.5423103689058397
  2.99999999999999989E-002  0.43800000000000000       6.43557449999999942E-005   9.6510843505178503
  2.99999999999999989E-002  0.44200000000000000       5.77505150000000032E-005   9.7593782908532170
  2.99999999999999989E-002  0.44600000000000001       5.12502050000000065E-005   9.8787909399537561
  2.99999999999999989E-002  0.45000000000000001       4.50645399999999980E-005   10.007414873486084
  2.99999999999999989E-002  0.45400000000000001       3.97338449999999987E-005   10.133307214567271
  2.99999999999999989E-002  0.45800000000000002       3.47950299999999968E-005   10.266035997474988
  2.99999999999999989E-002  0.46200000000000002       3.05526899999999956E-005   10.396057823849894
  2.99999999999999989E-002  0.46600000000000003       2.64504100000000008E-005   10.540238898834925
  2.99999999999999989E-002  0.46999999999999997       2.37978149999999987E-005   10.645916788224030
  2.99999999999999989E-002  0.47399999999999998       2.12308749999999986E-005   10.760054067837013
  2.99999999999999989E-002  0.47799999999999998       1.82392899999999993E-005   10.911932499514300
  2.99999999999999989E-002  0.48199999999999998       1.57483900000000025E-005   11.058772420139901
  2.99999999999999989E-002  0.48599999999999999       1.35855699999999987E-005   11.206502357924219
  2.99999999999999989E-002  0.48999999999999999       1.19114900000000004E-005   11.338007077468218
  2.99999999999999989E-002  0.49399999999999999       1.04792999999999998E-005   11.466108675195319
  2.99999999999999989E-002  0.49800000000000000       9.10387000000000064E-006   11.606810960119860
  2.99999999999999989E-002  0.50200000000000000       7.98776499999999924E-006   11.737599561972150
  2.99999999999999989E-002  0.50600000000000001       6.26110999999999993E-006   11.981153072277014
  2.99999999999999989E-002  0.51000000000000001       4.89079499999999948E-006   12.228155691004535
  2.99999999999999989E-002  0.51400000000000001       4.28760499999999975E-006   12.359782255976167
  2.99999999999999989E-002  0.51800000000000002       3.56833000000000019E-006   12.543412858734097
  2.99999999999999989E-002  0.52200000000000002       3.02486499999999971E-006   12.708644095576506
  2.99999999999999989E-002  0.52600000000000002       2.62225500000000010E-006   12.851475923347053
  2.99999999999999989E-002  0.53000000000000003       2.27105999999999990E-006   12.995263875110597
  2.99999999999999989E-002  0.53400000000000003       1.90686500000000000E-006   13.170050025671463
  2.99999999999999989E-002  0.53800000000000003       1.51823500000000004E-006   13.397962082013349
  2.99999999999999989E-002  0.54200000000000004       1.33923500000000015E-006   13.523412002546740
  2.99999999999999989E-002  0.54600000000000004       1.04528499999999998E-006   13.771220982458095
  2.99999999999999989E-002  0.55000000000000004       8.34520000000000037E-007   13.996409127684737
  2.99999999999999989E-002  0.55400000000000005       7.73294999999999937E-007   14.072605231148264
  2.99999999999999989E-002  0.55800000000000005       5.72324999999999958E-007   14.373558825102604
  2.99999999999999989E-002  0.56200000000000006       4.39170000000000034E-007   14.638379255094980
  2.99999999999999989E-002  0.56599999999999995       3.30000000000000017E-007   14.924173182485886
  2.99999999999999989E-002  0.56999999999999995       2.35415000000000021E-007   15.261915922824949
  2.99999999999999989E-002  0.57399999999999995       2.48509999999999993E-007   15.207782750770701
  2.99999999999999989E-002  0.57799999999999996       1.51239999999999996E-007   15.704397857923679
  2.99999999999999989E-002  0.58199999999999996       1.43870000000000004E-007   15.754355722897470
  2.99999999999999989E-002  0.58599999999999997       9.40300000000000022E-008   16.179651956657427
  2.99999999999999989E-002  0.58999999999999997       4.96600000000000026E-008   16.818066056866389
  2.99999999999999989E-002  0.59399999999999997       1.87299999999999996E-008   17.793139320490415
  2.99999999999999989E-002  0.59799999999999998       4.47999999999999942E-009   19.223642790519516
  2.99999999999999989E-002  0.60199999999999998       9.74999999999999962E-009   18.445998551936654
  2.99999999999999989E-002  0.60599999999999998       2.63999999999999998E-009   19.752486919788186
  2.99999999999999989E-002  0.60999999999999999       1.32500000000000008E-009   20.441853377508224
  2.99999999999999989E-002  0.61399999999999999        0.0000000000000000                      +Infinity
  2.99999999999999989E-002  0.61799999999999999        0.0000000000000000                      +Infinity
  2.99999999999999989E-002  0.62200000000000000        0.0000000000000000                      +Infinity
  2.99999999999999989E-002  0.62600000000000000        0.0000000000000000                      +Infinity
  2.99999999999999989E-002  0.63000000000000000        0.0000000000000000                      +Infinity
  2.99999999999999989E-002  0.63400000000000001        0.0000000000000000                      +Infinity
  2.99999999999999989E-002  0.63800000000000001        0.0000000000000000                      +Infinity
  2.99999999999999989E-002  0.64200000000000002        0.0000000000000000                      +Infinity
  2.99999999999999989E-002  0.64600000000000002        0.0000000000000000                      +Infinity
  2.99999999999999989E-002  0.65000000000000002        0.0000000000000000                      +Infinity
  2.99999999999999989E-002  0.65400000000000003        0.0000000000000000                      +Infinity
  2.99999999999999989E-002  0.65800000000000003        0.0000000000000000                      +Infinity
  2.99999999999999989E-002  0.66200000000000003        0.0000000000000000                      +Infinity
  2.99999999999999989E-002  0.66600000000000004        0.0000000000000000                      +Infinity
  2.99999999999999989E-002  0.67000000000000004        0.0000000000000000                      +Infinity
  2.99999999999999989E-002  0.67400000000000004        0.0000000000000000                      +Infinity
  2.99999999999999989E-002  0.67800000000000005        0.0000000000000000                      +Infinity
  2.99999999999999989E-002  0.68200000000000005        0.0000000000000000                      +Infinity
  2.99999999999999989E-002  0.68600000000000005        0.0000000000000000                      +Infinity
  2.99999999999999989E-002  0.68999999999999995        0.0000000000000000                      +Infinity
  2.99999999999999989E-002  0.69399999999999995        0.0000000000000000                      +Infinity
  2.99999999999999989E-002  0.69799999999999995        0.0000000000000000                      +Infinity
  2.99999999999999989E-002  0.70199999999999996        0.0000000000000000                      +Infinity
  2.99999999999999989E-002  0.70599999999999996        0.0000000000000000                      +Infinity
  2.99999999999999989E-002  0.70999999999999996        0.0000000000000000                      +Infinity
  2.99999999999999989E-002  0.71399999999999997        0.0000000000000000                      +Infinity
  2.99999999999999989E-002  0.71799999999999997        0.0000000000000000                      +Infinity
  2.99999999999999989E-002  0.72199999999999998        0.0000000000000000                      +Infinity
  2.99999999999999989E-002  0.72599999999999998        0.0000000000000000                      +Infinity
  2.99999999999999989E-002  0.72999999999999998        0.0000000000000000                      +Infinity
  2.99999999999999989E-002  0.73399999999999999        0.0000000000000000                      +Infinity
  2.99999999999999989E-002  0.73799999999999999        0.0000000000000000                      +Infinity
  2.99999999999999989E-002  0.74199999999999999        0.0000000000000000                      +Infinity
  2.99999999999999989E-002  0.74600000000000000        0.0000000000000000                      +Infinity
  2.99999999999999989E-002  0.75000000000000000        0.0000000000000000                      +Infinity
  2.99999999999999989E-002  0.75400000000000000        0.0000000000000000                      +Infinity
  2.99999999999999989E-002  0.75800000000000001        0.0000000000000000                      +Infinity
  2.99999999999999989E-002  0.76200000000000001        0.0000000000000000                      +Infinity
  2.99999999999999989E-002  0.76600000000000001        0.0000000000000000                      +Infinity
  2.99999999999999989E-002  0.77000000000000002        0.0000000000000000                      +Infinity
  2.99999999999999989E-002  0.77400000000000002        0.0000000000000000                      +Infinity
  2.99999999999999989E-002  0.77800000000000002        0.0000000000000000                      +Infinity
  2.99999999999999989E-002  0.78200000000000003        0.0000000000000000                      +Infinity
  2.99999999999999989E-002  0.78600000000000003        0.0000000000000000                      +Infinity
  2.99999999999999989E-002  0.79000000000000004        0.0000000000000000                      +Infinity
  2.99999999999999989E-002  0.79400000000000004        0.0000000000000000                      +Infinity
  2.99999999999999989E-002  0.79800000000000004        0.0000000000000000                      +Infinity
  2.99999999999999989E-002  0.80200000000000005        0.0000000000000000                      +Infinity
  2.99999999999999989E-002  0.80600000000000005        0.0000000000000000                      +Infinity
  2.99999999999999989E-002  0.81000000000000005        0.0000000000000000                      +Infinity
  2.99999999999999989E-002  0.81399999999999995        0.0000000000000000                      +Infinity
  2.99999999999999989E-002  0.81799999999999995        0.0000000000000000                      +Infinity
  2.99999999999999989E-002  0.82199999999999995        0.0000000000000000                      +Infinity
  2.99999999999999989E-002  0.82599999999999996        0.0000000000000000                      +Infinity
  2.99999999999999989E-002  0.82999999999999996        0.0000000000000000                      +Infinity
  2.99999999999999989E-002  0.83399999999999996        0.0000000000000000                      +Infinity
  2.99999999999999989E-002  0.83799999999999997        0.0000000000000000                      +Infinity
  2.99999999999999989E-002  0.84199999999999997        0.0000000000000000                      +Infinity
  2.99999999999999989E-002  0.84599999999999997        0.0000000000000000                      +Infinity
  2.99999999999999989E-002  0.84999999999999998        0.0000000000000000                      +Infinity
  2.99999999999999989E-002  0.85399999999999998        0.0000000000000000                      +Infinity
  2.99999999999999989E-002  0.85799999999999998        0.0000000000000000                      +Infinity
  2.99999999999999989E-002  0.86199999999999999        0.0000000000000000                      +Infinity
  2.99999999999999989E-002  0.86599999999999999        0.0000000000000000                      +Infinity
  2.99999999999999989E-002  0.87000000000000000        0.0000000000000000                      +Infinity
  2.99999999999999989E-002  0.87400000000000000        0.0000000000000000                      +Infinity
  2.99999999999999989E-002  0.87800000000000000        0.0000000000000000                      +Infinity
  2.99999999999999989E-002  0.88200000000000001        0.0000000000000000                      +Infinity
  2.99999999999999989E-002  0.88600000000000001        0.0000000000000000                      +Infinity
  2.99999999999999989E-002  0.89000000000000001        0.0000000000000000                      +Infinity
  2.99999999999999989E-002  0.89400000000000002        0.0000000000000000                      +Infinity
  2.99999999999999989E-002  0.89800000000000002        0.0000000000000000                      +Infinity
  2.99999999999999989E-002  0.90200000000000002        0.0000000000000000                      +Infinity
  2.99999999999999989E-002  0.90600000000000003        0.0000000000000000                      +Infinity
  2.99999999999999989E-002  0.91000000000000003        0.0000000000000000                      +Infinity
  2.99999999999999989E-002  0.91400000000000003        0.0000000000000000                      +Infinity
  2.99999999999999989E-002  0.91800000000000004        0.0000000000000000                      +Infinity
  2.99999999999999989E-002  0.92200000000000004        0.0000000000000000                      +Infinity
  2.99999999999999989E-002  0.92600000000000005        0.0000000000000000                      +Infinity
  2.99999999999999989E-002  0.93000000000000005        0.0000000000000000                      +Infinity
  2.99999999999999989E-002  0.93400000000000005        0.0000000000000000                      +Infinity
  2.99999999999999989E-002  0.93799999999999994        0.0000000000000000                      +Infinity
  2.99999999999999989E-002  0.94199999999999995        0.0000000000000000                      +Infinity
  2.99999999999999989E-002  0.94599999999999995        0.0000000000000000                      +Infinity
  2.99999999999999989E-002  0.94999999999999996        0.0000000000000000                      +Infinity
  2.99999999999999989E-002  0.95399999999999996        0.0000000000000000                      +Infinity
  2.99999999999999989E-002  0.95799999999999996        0.0000000000000000                      +Infinity
  2.99999999999999989E-002  0.96199999999999997        0.0000000000000000                      +Infinity
  2.99999999999999989E-002  0.96599999999999997        0.0000000000000000                      +Infinity
  2.99999999999999989E-002  0.96999999999999997        0.0000000000000000                      +Infinity
  2.99999999999999989E-002  0.97399999999999998        0.0000000000000000                      +Infinity
  2.99999999999999989E-002  0.97799999999999998        0.0000000000000000                      +Infinity
  2.99999999999999989E-002  0.98199999999999998        0.0000000000000000                      +Infinity
  2.99999999999999989E-002  0.98599999999999999        0.0000000000000000                      +Infinity
  2.99999999999999989E-002  0.98999999999999999        0.0000000000000000                      +Infinity
  2.99999999999999989E-002  0.99399999999999999        0.0000000000000000                      +Infinity
  2.99999999999999989E-002  0.99800000000000000        0.0000000000000000                      +Infinity
