  2.00000000000000004E-002 -0.99800000000000000        0.0000000000000000                      +Infinity
  2.00000000000000004E-002 -0.99399999999999999        0.0000000000000000                      +Infinity
  2.00000000000000004E-002 -0.98999999999999999        0.0000000000000000                      +Infinity
  2.00000000000000004E-002 -0.98599999999999999        0.0000000000000000                      +Infinity
  2.00000000000000004E-002 -0.98199999999999998        0.0000000000000000                      +Infinity
  2.00000000000000004E-002 -0.97799999999999998        0.0000000000000000                      +Infinity
  2.00000000000000004E-002 -0.97399999999999998        0.0000000000000000                      +Infinity
  2.00000000000000004E-002 -0.96999999999999997        0.0000000000000000                      +Infinity
  2.00000000000000004E-002 -0.96599999999999997        0.0000000000000000                      +Infinity
  2.00000000000000004E-002 -0.96199999999999997        0.0000000000000000                      +Infinity
  2.00000000000000004E-002 -0.95799999999999996        0.0000000000000000                      +Infinity
  2.00000000000000004E-002 -0.95399999999999996        0.0000000000000000                      +Infinity
  2.00000000000000004E-002 -0.94999999999999996        0.0000000000000000                      +Infinity
  2.00000000000000004E-002 -0.94599999999999995        0.0000000000000000                      +Infinity
  2.00000000000000004E-002 -0.94199999999999995        0.0000000000000000                      +Infinity
  2.00000000000000004E-002 -0.93799999999999994        0.0000000000000000                      +Infinity
  2.00000000000000004E-002 -0.93400000000000005        0.0000000000000000                      +Infinity
  2.00000000000000004E-002 -0.93000000000000005        0.0000000000000000                      +Infinity
  2.00000000000000004E-002 -0.92600000000000005        0.0000000000000000                      +Infinity
  2.00000000000000004E-002 -0.92200000000000004        0.0000000000000000                      +Infinity
  2.00000000000000004E-002 -0.91800000000000004        0.0000000000000000                      +Infinity
  2.00000000000000004E-002 -0.91400000000000003        0.0000000000000000                      +Infinity
  2.00000000000000004E-002 -0.91000000000000003        0.0000000000000000                      +Infinity
  2.00000000000000004E-002 -0.90600000000000003        0.0000000000000000                      +Infinity
  2.00000000000000004E-002 -0.90200000000000002        0.0000000000000000                      +Infinity
  2.00000000000000004E-002 -0.89800000000000002        0.0000000000000000                      +Infinity
  2.00000000000000004E-002 -0.89400000000000002        0.0000000000000000                      +Infinity
  2.00000000000000004E-002 -0.89000000000000001        0.0000000000000000                      +Infinity
  2.00000000000000004E-002 -0.88600000000000001        0.0000000000000000                      +Infinity
  2.00000000000000004E-002 -0.88200000000000001        0.0000000000000000                      +Infinity
  2.00000000000000004E-002 -0.87800000000000000        0.0000000000000000                      +Infinity
  2.00000000000000004E-002 -0.87400000000000000        0.0000000000000000                      +Infinity
  2.00000000000000004E-002 -0.87000000000000000        0.0000000000000000                      +Infinity
  2.00000000000000004E-002 -0.86599999999999999        0.0000000000000000                      +Infinity
  2.00000000000000004E-002 -0.86199999999999999        0.0000000000000000                      +Infinity
  2.00000000000000004E-002 -0.85799999999999998        0.0000000000000000                      +Infinity
  2.00000000000000004E-002 -0.85399999999999998        0.0000000000000000                      +Infinity
  2.00000000000000004E-002 -0.84999999999999998        0.0000000000000000                      +Infinity
  2.00000000000000004E-002 -0.84599999999999997        0.0000000000000000                      +Infinity
  2.00000000000000004E-002 -0.84199999999999997        0.0000000000000000                      +Infinity
  2.00000000000000004E-002 -0.83799999999999997        0.0000000000000000                      +Infinity
  2.00000000000000004E-002 -0.83399999999999996        0.0000000000000000                      +Infinity
  2.00000000000000004E-002 -0.82999999999999996        0.0000000000000000                      +Infinity
  2.00000000000000004E-002 -0.82599999999999996        0.0000000000000000                      +Infinity
  2.00000000000000004E-002 -0.82199999999999995        0.0000000000000000                      +Infinity
  2.00000000000000004E-002 -0.81799999999999995        0.0000000000000000                      +Infinity
  2.00000000000000004E-002 -0.81399999999999995        0.0000000000000000                      +Infinity
  2.00000000000000004E-002 -0.81000000000000005        0.0000000000000000                      +Infinity
  2.00000000000000004E-002 -0.80600000000000005        0.0000000000000000                      +Infinity
  2.00000000000000004E-002 -0.80200000000000005        0.0000000000000000                      +Infinity
  2.00000000000000004E-002 -0.79800000000000004        0.0000000000000000                      +Infinity
  2.00000000000000004E-002 -0.79400000000000004        0.0000000000000000                      +Infinity
  2.00000000000000004E-002 -0.79000000000000004        0.0000000000000000                      +Infinity
  2.00000000000000004E-002 -0.78600000000000003        0.0000000000000000                      +Infinity
  2.00000000000000004E-002 -0.78200000000000003        0.0000000000000000                      +Infinity
  2.00000000000000004E-002 -0.77800000000000002        0.0000000000000000                      +Infinity
  2.00000000000000004E-002 -0.77400000000000002        0.0000000000000000                      +Infinity
  2.00000000000000004E-002 -0.77000000000000002        0.0000000000000000                      +Infinity
  2.00000000000000004E-002 -0.76600000000000001        0.0000000000000000                      +Infinity
  2.00000000000000004E-002 -0.76200000000000001        0.0000000000000000                      +Infinity
  2.00000000000000004E-002 -0.75800000000000001        0.0000000000000000                      +Infinity
  2.00000000000000004E-002 -0.75400000000000000        0.0000000000000000                      +Infinity
  2.00000000000000004E-002 -0.75000000000000000        0.0000000000000000                      +Infinity
  2.00000000000000004E-002 -0.74600000000000000        0.0000000000000000                      +Infinity
  2.00000000000000004E-002 -0.74199999999999999        0.0000000000000000                      +Infinity
  2.00000000000000004E-002 -0.73799999999999999        0.0000000000000000                      +Infinity
  2.00000000000000004E-002 -0.73399999999999999        0.0000000000000000                      +Infinity
  2.00000000000000004E-002 -0.72999999999999998        0.0000000000000000                      +Infinity
  2.00000000000000004E-002 -0.72599999999999998        0.0000000000000000                      +Infinity
  2.00000000000000004E-002 -0.72199999999999998        0.0000000000000000                      +Infinity
  2.00000000000000004E-002 -0.71799999999999997        0.0000000000000000                      +Infinity
  2.00000000000000004E-002 -0.71399999999999997        0.0000000000000000                      +Infinity
  2.00000000000000004E-002 -0.70999999999999996        0.0000000000000000                      +Infinity
  2.00000000000000004E-002 -0.70599999999999996        0.0000000000000000                      +Infinity
  2.00000000000000004E-002 -0.70199999999999996        0.0000000000000000                      +Infinity
  2.00000000000000004E-002 -0.69799999999999995        0.0000000000000000                      +Infinity
  2.00000000000000004E-002 -0.69399999999999995        0.0000000000000000                      +Infinity
  2.00000000000000004E-002 -0.68999999999999995        0.0000000000000000                      +Infinity
  2.00000000000000004E-002 -0.68600000000000005        0.0000000000000000                      +Infinity
  2.00000000000000004E-002 -0.68200000000000005        0.0000000000000000                      +Infinity
  2.00000000000000004E-002 -0.67800000000000005       6.72499999999999983E-009   18.817433911458508
  2.00000000000000004E-002 -0.67400000000000004       2.30550000000000003E-008   17.585383171287742
  2.00000000000000004E-002 -0.67000000000000004       4.53300000000000029E-008   16.909296771993652
  2.00000000000000004E-002 -0.66600000000000004       6.14599999999999958E-008   16.604879280244074
  2.00000000000000004E-002 -0.66200000000000003       7.16550000000000021E-008   16.451402901436378
  2.00000000000000004E-002 -0.65800000000000003       8.81950000000000033E-008   16.243715564882972
  2.00000000000000004E-002 -0.65400000000000003       6.86450000000000036E-008   16.494317540596843
  2.00000000000000004E-002 -0.65000000000000002       1.14639999999999986E-007   15.981469053426494
  2.00000000000000004E-002 -0.64600000000000002       1.24660000000000006E-007   15.897675805565706
  2.00000000000000004E-002 -0.64200000000000002       1.81164999999999995E-007   15.523857618727588
  2.00000000000000004E-002 -0.63800000000000001       3.50154999999999975E-007   14.864889923352377
  2.00000000000000004E-002 -0.63400000000000001       3.04365000000000039E-007   15.005038197858713
  2.00000000000000004E-002 -0.63000000000000000       4.42624999999999955E-007   14.630542926514343
  2.00000000000000004E-002 -0.62600000000000000       6.25069999999999972E-007   14.285402193481541
  2.00000000000000004E-002 -0.62200000000000000       7.31485000000000015E-007   14.128189122506459
  2.00000000000000004E-002 -0.61799999999999999       8.64999999999999977E-007   13.960536330014532
  2.00000000000000004E-002 -0.61399999999999999       1.19103500000000002E-006   13.640687880953212
  2.00000000000000004E-002 -0.60999999999999999       1.66388500000000008E-006   13.306355328530426
  2.00000000000000004E-002 -0.60599999999999998       2.11116499999999989E-006   13.068270630144054
  2.00000000000000004E-002 -0.60199999999999998       2.29869000000000026E-006   12.983171162510446
  2.00000000000000004E-002 -0.59799999999999998       2.58992500000000003E-006   12.863881640201063
  2.00000000000000004E-002 -0.59399999999999997       2.99161000000000014E-006   12.719698853941612
  2.00000000000000004E-002 -0.58999999999999997       3.68035999999999969E-006   12.512499984481138
  2.00000000000000004E-002 -0.58599999999999997       4.28632500000000000E-006   12.360080835509592
  2.00000000000000004E-002 -0.58199999999999996       5.00289500000000049E-006   12.205493813086001
  2.00000000000000004E-002 -0.57799999999999996       6.25024000000000015E-006   11.982890694953225
  2.00000000000000004E-002 -0.57399999999999995       7.22693499999999927E-006   11.837695539753966
  2.00000000000000004E-002 -0.56999999999999995       8.59087500000000099E-006   11.664809964524789
  2.00000000000000004E-002 -0.56599999999999995       9.73186500000000004E-006   11.540105004902466
  2.00000000000000004E-002 -0.56200000000000006       1.11946850000000004E-005   11.400071445870836
  2.00000000000000004E-002 -0.55800000000000005       1.33256999999999985E-005   11.225816056459147
  2.00000000000000004E-002 -0.55400000000000005       1.53157199999999978E-005   11.086630806051984
  2.00000000000000004E-002 -0.55000000000000004       1.72840650000000003E-005   10.965725579198118
  2.00000000000000004E-002 -0.54600000000000004       1.98671149999999993E-005   10.826444705701618
  2.00000000000000004E-002 -0.54200000000000004       2.28302349999999995E-005   10.687424804002047
  2.00000000000000004E-002 -0.53800000000000003       2.60547399999999992E-005   10.555310848543694
  2.00000000000000004E-002 -0.53400000000000003       3.01723200000000039E-005   10.408585610169395
  2.00000000000000004E-002 -0.53000000000000003       3.39458299999999982E-005   10.290744539191284
  2.00000000000000004E-002 -0.52600000000000002       3.78197849999999989E-005   10.182678179572967
  2.00000000000000004E-002 -0.52200000000000002       4.27453099999999995E-005   10.060251076202164
  2.00000000000000004E-002 -0.51800000000000002       4.91598199999999978E-005   9.9204339347865691
  2.00000000000000004E-002 -0.51400000000000001       5.59024449999999984E-005   9.7919024399404151
  2.00000000000000004E-002 -0.51000000000000001       6.19223000000000017E-005   9.6896301846698076
  2.00000000000000004E-002 -0.50600000000000001       6.99966849999999991E-005   9.5670626741791569
  2.00000000000000004E-002 -0.50200000000000000       7.94746650000000042E-005   9.4400722663382926
  2.00000000000000004E-002 -0.49800000000000000       8.81410449999999915E-005   9.3365722424827542
  2.00000000000000004E-002 -0.49399999999999999       9.65451849999999975E-005   9.2454994208667287
  2.00000000000000004E-002 -0.48999999999999999       1.06738280000000013E-004   9.1451307011099843
  2.00000000000000004E-002 -0.48599999999999999       1.17958874999999998E-004   9.0451745111939079
  2.00000000000000004E-002 -0.48199999999999998       1.29945085000000003E-004   8.9483986198313765
  2.00000000000000004E-002 -0.47799999999999998       1.42504455000000001E-004   8.8561372955863558
  2.00000000000000004E-002 -0.47399999999999998       1.56651575000000008E-004   8.7614864863555262
  2.00000000000000004E-002 -0.46999999999999997       1.71964350000000020E-004   8.6682233700755464
  2.00000000000000004E-002 -0.46600000000000003       1.86584060000000005E-004   8.5866286965653025
  2.00000000000000004E-002 -0.46200000000000002       2.02145995000000019E-004   8.5065203740945314
  2.00000000000000004E-002 -0.45800000000000002       2.21100880000000015E-004   8.4168914900092915
  2.00000000000000004E-002 -0.45400000000000001       2.38996364999999978E-004   8.3390622153534455
  2.00000000000000004E-002 -0.45000000000000001       2.59248935000000013E-004   8.2577218188669317
  2.00000000000000004E-002 -0.44600000000000001       2.82307630000000009E-004   8.1725131950856653
  2.00000000000000004E-002 -0.44200000000000000       3.07660739999999989E-004   8.0865128755870099
  2.00000000000000004E-002 -0.43800000000000000       3.32878324999999996E-004   8.0077335251455555
  2.00000000000000004E-002 -0.43400000000000000       3.58053400000000023E-004   7.9348284206759470
  2.00000000000000004E-002 -0.42999999999999999       3.86350444999999996E-004   7.8587657117799870
  2.00000000000000004E-002 -0.42599999999999999       4.16793489999999986E-004   7.7829196866490147
  2.00000000000000004E-002 -0.42199999999999999       4.50099819999999950E-004   7.7060411775765978
  2.00000000000000004E-002 -0.41799999999999998       4.83708835000000036E-004   7.6340274128483543
  2.00000000000000004E-002 -0.41399999999999998       5.18018990000000028E-004   7.5654986561451008
  2.00000000000000004E-002 -0.40999999999999998       5.54038699999999992E-004   7.4982760180611105
  2.00000000000000004E-002 -0.40600000000000003       5.93660054999999975E-004   7.4292037004064237
  2.00000000000000004E-002 -0.40200000000000002       6.34000080000000021E-004   7.3634614773440905
  2.00000000000000004E-002 -0.39800000000000002       6.76957400000000086E-004   7.2979022116994905
  2.00000000000000004E-002 -0.39400000000000002       7.19214235000000066E-004   7.2373512821773778
  2.00000000000000004E-002 -0.39000000000000001       7.64297785000000052E-004   7.1765530737963061
  2.00000000000000004E-002 -0.38600000000000001       8.10532814999999980E-004   7.1178187302546485
  2.00000000000000004E-002 -0.38200000000000001       8.63138595000000064E-004   7.0549352830196206
  2.00000000000000004E-002 -0.37800000000000000       9.15669429999999940E-004   6.9958551427040225
  2.00000000000000004E-002 -0.37400000000000000       9.70247110000000031E-004   6.9379597663334538
  2.00000000000000004E-002 -0.37000000000000000       1.02554666999999993E-003   6.8825294719798080
  2.00000000000000004E-002 -0.36599999999999999       1.08077845499999982E-003   6.8300737058248959
  2.00000000000000004E-002 -0.36199999999999999       1.13905384999999997E-003   6.7775573173203654
  2.00000000000000004E-002 -0.35799999999999998       1.20624965999999991E-003   6.7202391871764036
  2.00000000000000004E-002 -0.35399999999999998       1.26708187499999995E-003   6.6710387585786632
  2.00000000000000004E-002 -0.34999999999999998       1.32799931499999989E-003   6.6240817437412813
  2.00000000000000004E-002 -0.34599999999999997       1.39844335999999994E-003   6.5723955466787176
  2.00000000000000004E-002 -0.34200000000000003       1.47037790500000000E-003   6.5222358329991454
  2.00000000000000004E-002 -0.33800000000000002       1.54230478000000012E-003   6.4744773709721803
  2.00000000000000004E-002 -0.33400000000000002       1.61153544000000007E-003   6.4305678650176192
  2.00000000000000004E-002 -0.33000000000000002       1.68085638000000010E-003   6.3884518654453659
  2.00000000000000004E-002 -0.32600000000000001       1.75298209500000021E-003   6.3464368870141978
  2.00000000000000004E-002 -0.32200000000000001       1.82959520500000010E-003   6.3036605360505664
  2.00000000000000004E-002 -0.31800000000000000       1.90299994999999994E-003   6.2643237169424291
  2.00000000000000004E-002 -0.31400000000000000       1.98810545500000034E-003   6.2205731263799837
  2.00000000000000004E-002 -0.31000000000000000       2.06673447500000003E-003   6.1817854656535820
  2.00000000000000004E-002 -0.30599999999999999       2.15357507999999970E-003   6.1406259899032509
  2.00000000000000004E-002 -0.30199999999999999       2.24451879500000033E-003   6.0992641259747185
  2.00000000000000004E-002 -0.29799999999999999       2.33420417000000007E-003   6.0600842725083091
  2.00000000000000004E-002 -0.29399999999999998       2.42631662500000008E-003   6.0213809637859468
  2.00000000000000004E-002 -0.28999999999999998       2.52242226000000012E-003   5.9825356248437229
  2.00000000000000004E-002 -0.28599999999999998       2.61179017999999983E-003   5.9477194000441367
  2.00000000000000004E-002 -0.28199999999999997       2.71345316999999997E-003   5.9095332227634145
  2.00000000000000004E-002 -0.27800000000000002       2.81548507999999963E-003   5.8726207125200123
  2.00000000000000004E-002 -0.27400000000000002       2.91978994500000002E-003   5.8362436019333463
  2.00000000000000004E-002 -0.27000000000000002       3.01560669499999993E-003   5.8039542435071594
  2.00000000000000004E-002 -0.26600000000000001       3.11524375499999976E-003   5.7714478777978284
  2.00000000000000004E-002 -0.26200000000000001       3.21667163500000000E-003   5.7394081077409593
  2.00000000000000004E-002 -0.25800000000000001       3.32210525500000039E-003   5.7071565840665990
  2.00000000000000004E-002 -0.25400000000000000       3.43144938499999981E-003   5.6747725458336502
  2.00000000000000004E-002 -0.25000000000000000       3.53390249500000041E-003   5.6453524960142119
  2.00000000000000004E-002 -0.24600000000000000       3.64245117500000028E-003   5.6150984242400712
  2.00000000000000004E-002 -0.24199999999999999       3.75979808000000007E-003   5.5833900251500044
  2.00000000000000004E-002 -0.23799999999999999       3.86902937999999974E-003   5.5547516095991325
  2.00000000000000004E-002 -0.23400000000000001       3.97322080499999935E-003   5.5281782273033491
  2.00000000000000004E-002 -0.23000000000000001       4.07372195499999985E-003   5.5031982121565433
  2.00000000000000004E-002 -0.22600000000000001       4.17977499000000020E-003   5.4774978640379066
  2.00000000000000004E-002 -0.22200000000000000       4.29835020499999988E-003   5.4495240031598495
  2.00000000000000004E-002 -0.21800000000000000       4.42091790999999974E-003   5.4214079325076625
  2.00000000000000004E-002 -0.21400000000000000       4.54043580499999960E-003   5.3947322792450967
  2.00000000000000004E-002 -0.20999999999999999       4.65807690500000000E-003   5.3691525973514294
  2.00000000000000004E-002 -0.20599999999999999       4.77847334500000002E-003   5.3436341673838834
  2.00000000000000004E-002 -0.20200000000000001       4.90108388500000002E-003   5.3182988973064864
  2.00000000000000004E-002 -0.19800000000000001       5.01815395999999966E-003   5.2946931499621428
  2.00000000000000004E-002 -0.19400000000000001       5.13146754500000066E-003   5.2723635895599106
  2.00000000000000004E-002 -0.19000000000000000       5.24536614499999942E-003   5.2504102311814274
  2.00000000000000004E-002 -0.18600000000000000       5.36155321000000070E-003   5.2285015678918825
  2.00000000000000004E-002 -0.18200000000000000       5.48415708500000001E-003   5.2058918734545250
  2.00000000000000004E-002 -0.17799999999999999       5.59754555000000018E-003   5.1854270719630629
  2.00000000000000004E-002 -0.17399999999999999       5.71886522499999959E-003   5.1639848805095436
  2.00000000000000004E-002 -0.17000000000000001       5.83864442500000008E-003   5.1432566280926366
  2.00000000000000004E-002 -0.16600000000000001       5.95321555999999991E-003   5.1238237751523341
  2.00000000000000004E-002 -0.16200000000000001       6.06176459500000053E-003   5.1057543339939766
  2.00000000000000004E-002 -0.15800000000000000       6.16851076500000029E-003   5.0882978372974321
  2.00000000000000004E-002 -0.15400000000000000       6.28509559999999943E-003   5.0695742262361980
  2.00000000000000004E-002 -0.14999999999999999       6.39906128999999987E-003   5.0516039728116118
  2.00000000000000004E-002 -0.14599999999999999       6.50413506499999960E-003   5.0353171405008332
  2.00000000000000004E-002 -0.14199999999999999       6.61820511500000024E-003   5.0179310764604361
  2.00000000000000004E-002 -0.13800000000000001       6.73197108500000075E-003   5.0008872978202588
  2.00000000000000004E-002 -0.13400000000000001       6.82593999500000041E-003   4.9870252191896443
  2.00000000000000004E-002 -0.13000000000000000       6.92834499500000027E-003   4.9721343117620735
  2.00000000000000004E-002 -0.12600000000000000       7.02836034999999946E-003   4.9578018364942080
  2.00000000000000004E-002 -0.12200000000000000       7.11461127500000005E-003   4.9456046835076863
  2.00000000000000004E-002 -0.11799999999999999       7.21422856999999994E-003   4.9317000127776067
  2.00000000000000004E-002 -0.11400000000000000       7.29545677499999958E-003   4.9205034841629525
  2.00000000000000004E-002 -0.11000000000000000       7.39118940000000040E-003   4.9074666097466606
  2.00000000000000004E-002 -0.10600000000000000       7.48076534999999980E-003   4.8954201727113196
  2.00000000000000004E-002 -0.10199999999999999       7.56360314999999974E-003   4.8844075951889474
  2.00000000000000004E-002 -9.80000000000000038E-002  7.64387249499999966E-003   4.8738509331461604
  2.00000000000000004E-002 -9.40000000000000002E-002  7.71945072500000024E-003   4.8640120670881046
  2.00000000000000004E-002 -8.99999999999999967E-002  7.79780418000000034E-003   4.8539131003041005
  2.00000000000000004E-002 -8.59999999999999931E-002  7.84765674999999933E-003   4.8475402949334772
  2.00000000000000004E-002 -8.20000000000000034E-002  7.91461106500000039E-003   4.8390447258331468
  2.00000000000000004E-002 -7.79999999999999999E-002  7.97983650999999940E-003   4.8308373551989625
  2.00000000000000004E-002 -7.39999999999999963E-002  8.05444326500000078E-003   4.8215313814395717
  2.00000000000000004E-002 -7.00000000000000067E-002  8.12531306500000050E-003   4.8127710204317156
  2.00000000000000004E-002 -6.60000000000000031E-002  8.18306402999999932E-003   4.8056886227088595
  2.00000000000000004E-002 -6.19999999999999996E-002  8.24196692500000008E-003   4.7985162590558490
  2.00000000000000004E-002 -5.80000000000000029E-002  8.28680023499999904E-003   4.7930913632341881
  2.00000000000000004E-002 -5.39999999999999994E-002  8.34315717999999963E-003   4.7863135754937707
  2.00000000000000004E-002 -5.00000000000000028E-002  8.40163665500000094E-003   4.7793287522307413
  2.00000000000000004E-002 -4.59999999999999992E-002  8.44618049999999905E-003   4.7740409516355182
  2.00000000000000004E-002 -4.20000000000000026E-002  8.48168933999999923E-003   4.7698456343962823
  2.00000000000000004E-002 -3.79999999999999991E-002  8.51343538500000038E-003   4.7661097298428370
  2.00000000000000004E-002 -3.40000000000000024E-002  8.54832188000000104E-003   4.7620202866422385
  2.00000000000000004E-002 -2.99999999999999989E-002  8.57689741500000137E-003   4.7586830375210702
  2.00000000000000004E-002 -2.59999999999999988E-002  8.60828754999999959E-003   4.7550298711485235
  2.00000000000000004E-002 -2.19999999999999987E-002  8.63241672499999967E-003   4.7522307754306992
  2.00000000000000004E-002 -1.79999999999999986E-002  8.64830859000000063E-003   4.7503915158868626
  2.00000000000000004E-002 -1.40000000000000003E-002  8.65266642999999898E-003   4.7498877477365564
  2.00000000000000004E-002 -1.00000000000000002E-002  8.65557001000000041E-003   4.7495522334815590
  2.00000000000000004E-002 -6.00000000000000012E-003  8.66543339499999989E-003   4.7484133403313757
  2.00000000000000004E-002 -2.00000000000000004E-003  8.65511274000000004E-003   4.7496050644422683
  2.00000000000000004E-002  2.00000000000000004E-003  8.64576497000000069E-003   4.7506856767749284
  2.00000000000000004E-002  6.00000000000000012E-003  8.63729610500000092E-003   4.7516656959556816
  2.00000000000000004E-002  1.00000000000000002E-002  8.63180870000000017E-003   4.7523012129956967
  2.00000000000000004E-002  1.40000000000000003E-002  8.62789329999999986E-003   4.7527549172447232
  2.00000000000000004E-002  1.79999999999999986E-002  8.61150787499999869E-003   4.7546558452140610
  2.00000000000000004E-002  2.19999999999999987E-002  8.59201414000000142E-003   4.7569220955000366
  2.00000000000000004E-002  2.59999999999999988E-002  8.57000129000000041E-003   4.7594873958473727
  2.00000000000000004E-002  2.99999999999999989E-002  8.54654519499999966E-003   4.7622281484522899
  2.00000000000000004E-002  3.40000000000000024E-002  8.52669810499999924E-003   4.7645530844461437
  2.00000000000000004E-002  3.79999999999999991E-002  8.50221248999999922E-003   4.7674288564150205
  2.00000000000000004E-002  4.20000000000000026E-002  8.47005914500000012E-003   4.7712177874617989
  2.00000000000000004E-002  4.59999999999999992E-002  8.45356039500000031E-003   4.7731675778347054
  2.00000000000000004E-002  5.00000000000000028E-002  8.41585895500000097E-003   4.7776373822764588
  2.00000000000000004E-002  5.39999999999999994E-002  8.36845919000000008E-003   4.7832854986431332
  2.00000000000000004E-002  5.80000000000000029E-002  8.30850823999999995E-003   4.7904752000680668
  2.00000000000000004E-002  6.19999999999999996E-002  8.25777635000000086E-003   4.7965999347137567
  2.00000000000000004E-002  6.60000000000000031E-002  8.20014040000000000E-003   4.8036040029072886
  2.00000000000000004E-002  7.00000000000000067E-002  8.14366795499999949E-003   4.8105145917389516
  2.00000000000000004E-002  7.39999999999999963E-002  8.08224565999999915E-003   4.8180855168462040
  2.00000000000000004E-002  7.79999999999999999E-002  8.01631719500000076E-003   4.8262761651879780
  2.00000000000000004E-002  8.20000000000000034E-002  7.95373670500000053E-003   4.8341134349572519
  2.00000000000000004E-002  8.59999999999999931E-002  7.88063368499999917E-003   4.8433469614674403
  2.00000000000000004E-002  8.99999999999999967E-002  7.79497147999999931E-003   4.8542764352347030
  2.00000000000000004E-002  9.40000000000000002E-002  7.71444534999999980E-003   4.8646606881687653
  2.00000000000000004E-002  9.80000000000000038E-002  7.63828440500000008E-003   4.8745822553391758
  2.00000000000000004E-002  0.10199999999999999       7.57786558500000030E-003   4.8825237040727307
  2.00000000000000004E-002  0.10600000000000000       7.49945665999999980E-003   4.8929247063974959
  2.00000000000000004E-002  0.11000000000000000       7.40970692000000094E-003   4.9049643924131558
  2.00000000000000004E-002  0.11400000000000000       7.32240862499999954E-003   4.9168159580019042
  2.00000000000000004E-002  0.11799999999999999       7.23137987000000045E-003   4.9293254076329962
  2.00000000000000004E-002  0.12200000000000000       7.14052725500000096E-003   4.9419686601189738
  2.00000000000000004E-002  0.12600000000000000       7.04750889500000040E-003   4.9550810728271042
  2.00000000000000004E-002  0.13000000000000000       6.95793864499999991E-003   4.9678720201987092
  2.00000000000000004E-002  0.13400000000000001       6.85045621500000000E-003   4.9834400281958064
  2.00000000000000004E-002  0.13800000000000001       6.75133513499999970E-003   4.9980149958793225
  2.00000000000000004E-002  0.14199999999999999       6.64571213000000015E-003   5.0137834247636519
  2.00000000000000004E-002  0.14599999999999999       6.51941257999999989E-003   5.0329710021944063
  2.00000000000000004E-002  0.14999999999999999       6.41098800000000028E-003   5.0497418857616418
  2.00000000000000004E-002  0.15400000000000000       6.30209219500000011E-003   5.0668736062713604
  2.00000000000000004E-002  0.15800000000000000       6.19939389999999996E-003   5.0833037497742382
  2.00000000000000004E-002  0.16200000000000001       6.10427649499999982E-003   5.0987656886798725
  2.00000000000000004E-002  0.16600000000000001       6.00111729999999993E-003   5.1158096104235868
  2.00000000000000004E-002  0.17000000000000001       5.89315747500000070E-003   5.1339633511009097
  2.00000000000000004E-002  0.17399999999999999       5.77415265000000028E-003   5.1543637606125063
  2.00000000000000004E-002  0.17799999999999999       5.66142309499999968E-003   5.1740799881583097
  2.00000000000000004E-002  0.18200000000000000       5.54742584500000045E-003   5.1944212705294275
  2.00000000000000004E-002  0.18600000000000000       5.43433332500000039E-003   5.2150184292261894
  2.00000000000000004E-002  0.19000000000000000       5.31633640500000018E-003   5.2369708585306256
  2.00000000000000004E-002  0.19400000000000001       5.19960446500000034E-003   5.2591727207108772
  2.00000000000000004E-002  0.19800000000000001       5.08258474499999943E-003   5.2819353387198165
  2.00000000000000004E-002  0.20200000000000001       4.97392735999999981E-003   5.3035455376480529
  2.00000000000000004E-002  0.20599999999999999       4.84864524499999984E-003   5.3290559439807303
  2.00000000000000004E-002  0.20999999999999999       4.73188799000000011E-003   5.3534310038984776
  2.00000000000000004E-002  0.21400000000000000       4.61794064000000011E-003   5.3778064221818198
  2.00000000000000004E-002  0.21800000000000000       4.49705318499999968E-003   5.4043329444900978
  2.00000000000000004E-002  0.22200000000000000       4.37882764499999966E-003   5.4309742513802739
  2.00000000000000004E-002  0.22600000000000001       4.26681167500000003E-003   5.4568884109740727
  2.00000000000000004E-002  0.23000000000000001       4.16273942999999952E-003   5.4815819046091079
  2.00000000000000004E-002  0.23400000000000001       4.05252158000000019E-003   5.5084159792606631
  2.00000000000000004E-002  0.23799999999999999       3.93634839500000069E-003   5.5375017887195135
  2.00000000000000004E-002  0.24199999999999999       3.82214382000000026E-003   5.5669438043586839
  2.00000000000000004E-002  0.24600000000000000       3.70330443000000016E-003   5.5985297687096329
  2.00000000000000004E-002  0.25000000000000000       3.58856886000000035E-003   5.6300018022020399
  2.00000000000000004E-002  0.25400000000000000       3.48086515499999990E-003   5.6604744083349212
  2.00000000000000004E-002  0.25800000000000001       3.37694705999999970E-003   5.6907832143376540
  2.00000000000000004E-002  0.26200000000000001       3.27280492499999959E-003   5.7221078865225472
  2.00000000000000004E-002  0.26600000000000001       3.17196108000000017E-003   5.7534052451460971
  2.00000000000000004E-002  0.27000000000000002       3.06339895499999982E-003   5.7882302098581198
  2.00000000000000004E-002  0.27400000000000002       2.96015548500000013E-003   5.8225134833095362
  2.00000000000000004E-002  0.27800000000000002       2.86182855499999981E-003   5.8562945035555360
  2.00000000000000004E-002  0.28199999999999997       2.76710020999999980E-003   5.8899553627145957
  2.00000000000000004E-002  0.28599999999999998       2.66506519499999997E-003   5.9275267582489191
  2.00000000000000004E-002  0.28999999999999998       2.56624066999999994E-003   5.9653132252928787
  2.00000000000000004E-002  0.29399999999999998       2.47693402499999998E-003   6.0007337638720237
  2.00000000000000004E-002  0.29799999999999999       2.38666100999999995E-003   6.0378599567922331
  2.00000000000000004E-002  0.30199999999999999       2.29071862000000031E-003   6.0788897027831146
  2.00000000000000004E-002  0.30599999999999999       2.20208848500000028E-003   6.1183490575652950
  2.00000000000000004E-002  0.31000000000000000       2.11584913000000029E-003   6.1582990671499509
  2.00000000000000004E-002  0.31400000000000000       2.03411222999999976E-003   6.1976958058868128
  2.00000000000000004E-002  0.31800000000000000       1.95324229000000014E-003   6.2382645743625860
  2.00000000000000004E-002  0.32200000000000001       1.87408998500000019E-003   6.2796320787093229
  2.00000000000000004E-002  0.32600000000000001       1.79493854500000004E-003   6.3227844943967888
  2.00000000000000004E-002  0.33000000000000002       1.71813152499999998E-003   6.3665179013073407
  2.00000000000000004E-002  0.33400000000000002       1.64107701000000008E-003   6.4124025392732893
  2.00000000000000004E-002  0.33800000000000002       1.56720416999999996E-003   6.4584620305411580
  2.00000000000000004E-002  0.34200000000000003       1.49917053500000000E-003   6.5028433004886237
  2.00000000000000004E-002  0.34599999999999997       1.43143218499999997E-003   6.5490798079328201
  2.00000000000000004E-002  0.34999999999999998       1.36065176500000003E-003   6.5997914550619079
  2.00000000000000004E-002  0.35399999999999998       1.29444126499999993E-003   6.6496761325328393
  2.00000000000000004E-002  0.35799999999999998       1.23339807000000007E-003   6.6979822601883878
  2.00000000000000004E-002  0.36199999999999999       1.17439933000000000E-003   6.7469984706082728
  2.00000000000000004E-002  0.36599999999999999       1.11465773000000014E-003   6.7992078898044284
  2.00000000000000004E-002  0.37000000000000000       1.05291953500000006E-003   6.8561884637548225
  2.00000000000000004E-002  0.37400000000000000       9.94444685000000009E-004   6.9133260821321807
  2.00000000000000004E-002  0.37800000000000000       9.40321609999999987E-004   6.9692886029183132
  2.00000000000000004E-002  0.38200000000000001       8.92067445000000033E-004   7.0219688172560843
  2.00000000000000004E-002  0.38600000000000001       8.40891444999999926E-004   7.0810479848006720
  2.00000000000000004E-002  0.39000000000000001       7.92527929999999980E-004   7.1402828099316471
  2.00000000000000004E-002  0.39400000000000002       7.44283214999999997E-004   7.2030889302432639
  2.00000000000000004E-002  0.39800000000000002       7.02194219999999940E-004   7.2613005255369609
  2.00000000000000004E-002  0.40200000000000002       6.59135700000000060E-004   7.3245811266023173
  2.00000000000000004E-002  0.40600000000000003       6.15624740000000024E-004   7.3928729683730356
  2.00000000000000004E-002  0.40999999999999998       5.79195764999999993E-004   7.4538700287288915
  2.00000000000000004E-002  0.41399999999999998       5.42022120000000031E-004   7.5202037455492885
  2.00000000000000004E-002  0.41799999999999998       5.07288495000000027E-004   7.5864306925370313
  2.00000000000000004E-002  0.42199999999999999       4.73491660000000003E-004   7.6553762590096284
  2.00000000000000004E-002  0.42599999999999999       4.40442384999999961E-004   7.7277309156940390
  2.00000000000000004E-002  0.42999999999999999       4.07515870000000051E-004   7.8054306812564089
  2.00000000000000004E-002  0.43400000000000000       3.75505410000000032E-004   7.8872376794071464
  2.00000000000000004E-002  0.43800000000000000       3.50045014999999995E-004   7.9574487974652088
  2.00000000000000004E-002  0.44200000000000000       3.25233055000000019E-004   8.0309685403146851
  2.00000000000000004E-002  0.44600000000000001       2.99139809999999986E-004   8.1145995018874046
  2.00000000000000004E-002  0.45000000000000001       2.75663439999999970E-004   8.1963298566348737
  2.00000000000000004E-002  0.45400000000000001       2.52726860000000025E-004   8.2832012571728200
  2.00000000000000004E-002  0.45800000000000002       2.32867110000000013E-004   8.3650426104538500
  2.00000000000000004E-002  0.46200000000000002       2.14497204999999984E-004   8.4472138499841272
  2.00000000000000004E-002  0.46600000000000003       1.97183029999999988E-004   8.5313781742653969
  2.00000000000000004E-002  0.46999999999999997       1.80155795000000007E-004   8.6216885536494594
  2.00000000000000004E-002  0.47399999999999998       1.65031255000000010E-004   8.7093756777597751
  2.00000000000000004E-002  0.47799999999999998       1.49897569999999991E-004   8.8055583637943240
  2.00000000000000004E-002  0.48199999999999998       1.35629744999999990E-004   8.9055818481064364
  2.00000000000000004E-002  0.48599999999999999       1.21996474999999988E-004   9.0115184070910637
  2.00000000000000004E-002  0.48999999999999999       1.10756300000000002E-004   9.1081782657810653
  2.00000000000000004E-002  0.49399999999999999       1.01020989999999993E-004   9.2001822409327918
  2.00000000000000004E-002  0.49800000000000000       9.18432050000000022E-005   9.2954277283538431
  2.00000000000000004E-002  0.50200000000000000       8.28243099999999998E-005   9.3987889406310057
  2.00000000000000004E-002  0.50600000000000001       7.39240200000000072E-005   9.5124727489926695
  2.00000000000000004E-002  0.51000000000000001       6.58472399999999981E-005   9.6281730440930122
  2.00000000000000004E-002  0.51400000000000001       5.91819349999999990E-005   9.7348942146696942
  2.00000000000000004E-002  0.51800000000000002       5.31992099999999978E-005   9.8414670113509928
  2.00000000000000004E-002  0.52200000000000002       4.71992100000000010E-005   9.9611334028009697
  2.00000000000000004E-002  0.52600000000000002       4.12822499999999993E-005   10.095077932462400
  2.00000000000000004E-002  0.53000000000000003       3.58642599999999987E-005   10.235769301527778
  2.00000000000000004E-002  0.53400000000000003       3.07333999999999995E-005   10.390160546874791
  2.00000000000000004E-002  0.53800000000000003       2.65801200000000012E-005   10.535346990016679
  2.00000000000000004E-002  0.54200000000000004       2.35503249999999989E-005   10.656370937172444
  2.00000000000000004E-002  0.54600000000000004       2.06977299999999988E-005   10.785486525541998
  2.00000000000000004E-002  0.55000000000000004       1.88475200000000001E-005   10.879129217712423
  2.00000000000000004E-002  0.55400000000000005       1.65329099999999996E-005   11.010157618068021
  2.00000000000000004E-002  0.55800000000000005       1.48760449999999993E-005   11.115758356899304
  2.00000000000000004E-002  0.56200000000000006       1.22503150000000013E-005   11.309958907018430
  2.00000000000000004E-002  0.56599999999999995       1.01214700000000009E-005   11.500851647736724
  2.00000000000000004E-002  0.56999999999999995       8.40161000000000002E-006   11.687087203814048
  2.00000000000000004E-002  0.57399999999999995       7.16428999999999947E-006   11.846401594406437
  2.00000000000000004E-002  0.57799999999999996       6.13092500000000009E-006   12.002164922173241
  2.00000000000000004E-002  0.58199999999999996       5.26621000000000036E-006   12.154199619219654
  2.00000000000000004E-002  0.58599999999999997       4.23775000000000021E-006   12.371478089947816
  2.00000000000000004E-002  0.58999999999999997       3.45944500000000005E-006   12.574402386385117
  2.00000000000000004E-002  0.59399999999999997       2.91282999999999986E-006   12.746385440769920
  2.00000000000000004E-002  0.59799999999999998       2.55607499999999992E-006   12.877037679156471
  2.00000000000000004E-002  0.60199999999999998       2.24458499999999987E-006   13.006989909091745
  2.00000000000000004E-002  0.60599999999999998       1.97868000000000009E-006   13.133080602245533
  2.00000000000000004E-002  0.60999999999999999       1.64999499999999995E-006   13.314738300359407
  2.00000000000000004E-002  0.61399999999999999       1.19357999999999997E-006   13.638553363669470
  2.00000000000000004E-002  0.61799999999999999       8.77515000000000059E-007   13.946171787735397
  2.00000000000000004E-002  0.62200000000000000       6.91859999999999950E-007   14.183882213935332
  2.00000000000000004E-002  0.62600000000000000       4.89160000000000074E-007   14.530576202625243
  2.00000000000000004E-002  0.63000000000000000       3.94980000000000007E-007   14.744430706238571
  2.00000000000000004E-002  0.63400000000000001       2.03225000000000021E-007   15.408952097313776
  2.00000000000000004E-002  0.63800000000000001       1.40814999999999981E-007   15.775818864805913
  2.00000000000000004E-002  0.64200000000000002       6.74649999999999890E-008   16.511656892063662
  2.00000000000000004E-002  0.64600000000000002       1.75599999999999997E-008   17.857642248739442
  2.00000000000000004E-002  0.65000000000000002       1.49599999999999996E-008   18.017885864400078
  2.00000000000000004E-002  0.65400000000000003       4.61000000000000042E-009   19.195037979937855
  2.00000000000000004E-002  0.65800000000000003        0.0000000000000000                      +Infinity
  2.00000000000000004E-002  0.66200000000000003        0.0000000000000000                      +Infinity
  2.00000000000000004E-002  0.66600000000000004        0.0000000000000000                      +Infinity
  2.00000000000000004E-002  0.67000000000000004        0.0000000000000000                      +Infinity
  2.00000000000000004E-002  0.67400000000000004        0.0000000000000000                      +Infinity
  2.00000000000000004E-002  0.67800000000000005        0.0000000000000000                      +Infinity
  2.00000000000000004E-002  0.68200000000000005        0.0000000000000000                      +Infinity
  2.00000000000000004E-002  0.68600000000000005        0.0000000000000000                      +Infinity
  2.00000000000000004E-002  0.68999999999999995        0.0000000000000000                      +Infinity
  2.00000000000000004E-002  0.69399999999999995        0.0000000000000000                      +Infinity
  2.00000000000000004E-002  0.69799999999999995        0.0000000000000000                      +Infinity
  2.00000000000000004E-002  0.70199999999999996        0.0000000000000000                      +Infinity
  2.00000000000000004E-002  0.70599999999999996        0.0000000000000000                      +Infinity
  2.00000000000000004E-002  0.70999999999999996        0.0000000000000000                      +Infinity
  2.00000000000000004E-002  0.71399999999999997        0.0000000000000000                      +Infinity
  2.00000000000000004E-002  0.71799999999999997        0.0000000000000000                      +Infinity
  2.00000000000000004E-002  0.72199999999999998        0.0000000000000000                      +Infinity
  2.00000000000000004E-002  0.72599999999999998        0.0000000000000000                      +Infinity
  2.00000000000000004E-002  0.72999999999999998        0.0000000000000000                      +Infinity
  2.00000000000000004E-002  0.73399999999999999        0.0000000000000000                      +Infinity
  2.00000000000000004E-002  0.73799999999999999        0.0000000000000000                      +Infinity
  2.00000000000000004E-002  0.74199999999999999        0.0000000000000000                      +Infinity
  2.00000000000000004E-002  0.74600000000000000        0.0000000000000000                      +Infinity
  2.00000000000000004E-002  0.75000000000000000        0.0000000000000000                      +Infinity
  2.00000000000000004E-002  0.75400000000000000        0.0000000000000000                      +Infinity
  2.00000000000000004E-002  0.75800000000000001        0.0000000000000000                      +Infinity
  2.00000000000000004E-002  0.76200000000000001        0.0000000000000000                      +Infinity
  2.00000000000000004E-002  0.76600000000000001        0.0000000000000000                      +Infinity
  2.00000000000000004E-002  0.77000000000000002        0.0000000000000000                      +Infinity
  2.00000000000000004E-002  0.77400000000000002        0.0000000000000000                      +Infinity
  2.00000000000000004E-002  0.77800000000000002        0.0000000000000000                      +Infinity
  2.00000000000000004E-002  0.78200000000000003        0.0000000000000000                      +Infinity
  2.00000000000000004E-002  0.78600000000000003        0.0000000000000000                      +Infinity
  2.00000000000000004E-002  0.79000000000000004        0.0000000000000000                      +Infinity
  2.00000000000000004E-002  0.79400000000000004        0.0000000000000000                      +Infinity
  2.00000000000000004E-002  0.79800000000000004        0.0000000000000000                      +Infinity
  2.00000000000000004E-002  0.80200000000000005        0.0000000000000000                      +Infinity
  2.00000000000000004E-002  0.80600000000000005        0.0000000000000000                      +Infinity
  2.00000000000000004E-002  0.81000000000000005        0.0000000000000000                      +Infinity
  2.00000000000000004E-002  0.81399999999999995        0.0000000000000000                      +Infinity
  2.00000000000000004E-002  0.81799999999999995        0.0000000000000000                      +Infinity
  2.00000000000000004E-002  0.82199999999999995        0.0000000000000000                      +Infinity
  2.00000000000000004E-002  0.82599999999999996        0.0000000000000000                      +Infinity
  2.00000000000000004E-002  0.82999999999999996        0.0000000000000000                      +Infinity
  2.00000000000000004E-002  0.83399999999999996        0.0000000000000000                      +Infinity
  2.00000000000000004E-002  0.83799999999999997        0.0000000000000000                      +Infinity
  2.00000000000000004E-002  0.84199999999999997        0.0000000000000000                      +Infinity
  2.00000000000000004E-002  0.84599999999999997        0.0000000000000000                      +Infinity
  2.00000000000000004E-002  0.84999999999999998        0.0000000000000000                      +Infinity
  2.00000000000000004E-002  0.85399999999999998        0.0000000000000000                      +Infinity
  2.00000000000000004E-002  0.85799999999999998        0.0000000000000000                      +Infinity
  2.00000000000000004E-002  0.86199999999999999        0.0000000000000000                      +Infinity
  2.00000000000000004E-002  0.86599999999999999        0.0000000000000000                      +Infinity
  2.00000000000000004E-002  0.87000000000000000        0.0000000000000000                      +Infinity
  2.00000000000000004E-002  0.87400000000000000        0.0000000000000000                      +Infinity
  2.00000000000000004E-002  0.87800000000000000        0.0000000000000000                      +Infinity
  2.00000000000000004E-002  0.88200000000000001        0.0000000000000000                      +Infinity
  2.00000000000000004E-002  0.88600000000000001        0.0000000000000000                      +Infinity
  2.00000000000000004E-002  0.89000000000000001        0.0000000000000000                      +Infinity
  2.00000000000000004E-002  0.89400000000000002        0.0000000000000000                      +Infinity
  2.00000000000000004E-002  0.89800000000000002        0.0000000000000000                      +Infinity
  2.00000000000000004E-002  0.90200000000000002        0.0000000000000000                      +Infinity
  2.00000000000000004E-002  0.90600000000000003        0.0000000000000000                      +Infinity
  2.00000000000000004E-002  0.91000000000000003        0.0000000000000000                      +Infinity
  2.00000000000000004E-002  0.91400000000000003        0.0000000000000000                      +Infinity
  2.00000000000000004E-002  0.91800000000000004        0.0000000000000000                      +Infinity
  2.00000000000000004E-002  0.92200000000000004        0.0000000000000000                      +Infinity
  2.00000000000000004E-002  0.92600000000000005        0.0000000000000000                      +Infinity
  2.00000000000000004E-002  0.93000000000000005        0.0000000000000000                      +Infinity
  2.00000000000000004E-002  0.93400000000000005        0.0000000000000000                      +Infinity
  2.00000000000000004E-002  0.93799999999999994        0.0000000000000000                      +Infinity
  2.00000000000000004E-002  0.94199999999999995        0.0000000000000000                      +Infinity
  2.00000000000000004E-002  0.94599999999999995        0.0000000000000000                      +Infinity
  2.00000000000000004E-002  0.94999999999999996        0.0000000000000000                      +Infinity
  2.00000000000000004E-002  0.95399999999999996        0.0000000000000000                      +Infinity
  2.00000000000000004E-002  0.95799999999999996        0.0000000000000000                      +Infinity
  2.00000000000000004E-002  0.96199999999999997        0.0000000000000000                      +Infinity
  2.00000000000000004E-002  0.96599999999999997        0.0000000000000000                      +Infinity
  2.00000000000000004E-002  0.96999999999999997        0.0000000000000000                      +Infinity
  2.00000000000000004E-002  0.97399999999999998        0.0000000000000000                      +Infinity
  2.00000000000000004E-002  0.97799999999999998        0.0000000000000000                      +Infinity
  2.00000000000000004E-002  0.98199999999999998        0.0000000000000000                      +Infinity
  2.00000000000000004E-002  0.98599999999999999        0.0000000000000000                      +Infinity
  2.00000000000000004E-002  0.98999999999999999        0.0000000000000000                      +Infinity
  2.00000000000000004E-002  0.99399999999999999        0.0000000000000000                      +Infinity
  2.00000000000000004E-002  0.99800000000000000        0.0000000000000000                      +Infinity
