 -2.23872113856833990E-002 -0.99750000000000005        0.0000000000000000                      +Infinity
 -2.23872113856833990E-002 -0.99250000000000005        0.0000000000000000                      +Infinity
 -2.23872113856833990E-002 -0.98750000000000004        0.0000000000000000                      +Infinity
 -2.23872113856833990E-002 -0.98250000000000004        0.0000000000000000                      +Infinity
 -2.23872113856833990E-002 -0.97750000000000004        0.0000000000000000                      +Infinity
 -2.23872113856833990E-002 -0.97250000000000003        0.0000000000000000                      +Infinity
 -2.23872113856833990E-002 -0.96750000000000003        0.0000000000000000                      +Infinity
 -2.23872113856833990E-002 -0.96250000000000002        0.0000000000000000                      +Infinity
 -2.23872113856833990E-002 -0.95750000000000002        0.0000000000000000                      +Infinity
 -2.23872113856833990E-002 -0.95250000000000001        0.0000000000000000                      +Infinity
 -2.23872113856833990E-002 -0.94750000000000001        0.0000000000000000                      +Infinity
 -2.23872113856833990E-002 -0.94250000000000000        0.0000000000000000                      +Infinity
 -2.23872113856833990E-002 -0.93750000000000000        0.0000000000000000                      +Infinity
 -2.23872113856833990E-002 -0.93250000000000000        0.0000000000000000                      +Infinity
 -2.23872113856833990E-002 -0.92749999999999999       2.10937499999999999E-008   17.674289048873607
 -2.23872113856833990E-002 -0.92249999999999999       1.24843749999999996E-007   15.896202881545763
 -2.23872113856833990E-002 -0.91749999999999998       3.83203124999999997E-007   14.774700635872518
 -2.23872113856833990E-002 -0.91249999999999998       1.14742187500000007E-006   13.677992980118120
 -2.23872113856833990E-002 -0.90749999999999997       3.05937499999999983E-006   12.697299911227535
 -2.23872113856833990E-002 -0.90249999999999997       6.97000000000000018E-006   11.873895333191841
 -2.23872113856833990E-002 -0.89749999999999996       1.45571093749999997E-005   11.137431066842622
 -2.23872113856833990E-002 -0.89249999999999996       2.95703906249999975E-005   10.428737014007906
 -2.23872113856833990E-002 -0.88749999999999996       5.54160937500000042E-005   9.8006405054957266
 -2.23872113856833990E-002 -0.88249999999999995       9.92103125000000054E-005   9.2182685924233390
 -2.23872113856833990E-002 -0.87749999999999995       1.67720859375000009E-004   8.6932095118076802
 -2.23872113856833990E-002 -0.87250000000000005       2.67915312500000024E-004   8.2248396255256768
 -2.23872113856833990E-002 -0.86750000000000005       4.11837343750000003E-004   7.7948820832907924
 -2.23872113856833990E-002 -0.86250000000000004       6.07433671874999968E-004   7.4062675708091357
 -2.23872113856833990E-002 -0.85750000000000004       8.49918906249999919E-004   7.0703696174429673
 -2.23872113856833990E-002 -0.85250000000000004       1.15344070312500000E-003   6.7650058877186163
 -2.23872113856833990E-002 -0.84750000000000003       1.52478726562499996E-003   6.4859003766043255
 -2.23872113856833990E-002 -0.84250000000000003       1.95864828125000019E-003   6.2355006960828074
 -2.23872113856833990E-002 -0.83750000000000002       2.44777445312499998E-003   6.0125760537381181
 -2.23872113856833990E-002 -0.83250000000000002       2.97811890625000004E-003   5.8164634172937904
 -2.23872113856833990E-002 -0.82750000000000001       3.53554148437499986E-003   5.6448888133231412
 -2.23872113856833990E-002 -0.82250000000000001       4.11993367187500018E-003   5.4919182148097594
 -2.23872113856833990E-002 -0.81750000000000000       4.72533046874999956E-003   5.3548177800059618
 -2.23872113856833990E-002 -0.81250000000000000       5.34368523437499937E-003   5.2318397452356908
 -2.23872113856833990E-002 -0.80750000000000000       5.94298921874999997E-003   5.1255430367082946
 -2.23872113856833990E-002 -0.80249999999999999       6.52037562499999980E-003   5.0328232935067181
 -2.23872113856833990E-002 -0.79749999999999999       7.06575453125000020E-003   4.9524954700697830
 -2.23872113856833990E-002 -0.79249999999999998       7.57166359374999987E-003   4.8833424742831184
 -2.23872113856833990E-002 -0.78749999999999998       8.02511609374999962E-003   4.8251791435597928
 -2.23872113856833990E-002 -0.78249999999999997       8.45247398437500019E-003   4.7732961012485493
 -2.23872113856833990E-002 -0.77749999999999997       8.79208609375000012E-003   4.7339032696460039
 -2.23872113856833990E-002 -0.77249999999999996       9.09938453124999914E-003   4.6995485016751815
 -2.23872113856833990E-002 -0.76749999999999996       9.32589937500000014E-003   4.6749598703818602
 -2.23872113856833990E-002 -0.76249999999999996       9.50837796875000051E-003   4.6555819775660616
 -2.23872113856833990E-002 -0.75749999999999995       9.62444843749999876E-003   4.6434487056450999
 -2.23872113856833990E-002 -0.75249999999999995       9.70343781250000009E-003   4.6352750426026921
 -2.23872113856833990E-002 -0.74750000000000005       9.72732468750000037E-003   4.6328163756272609
 -2.23872113856833990E-002 -0.74250000000000005       9.71685843749999986E-003   4.6338929187706297
 -2.23872113856833990E-002 -0.73750000000000004       9.68050851562500016E-003   4.6376408464675523
 -2.23872113856833990E-002 -0.73250000000000004       9.61996109375000061E-003   4.6439150586214319
 -2.23872113856833990E-002 -0.72750000000000004       9.51316390625000022E-003   4.6550787651942738
 -2.23872113856833990E-002 -0.72250000000000003       9.38678023437499939E-003   4.6684529376010317
 -2.23872113856833990E-002 -0.71750000000000003       9.23560421875000044E-003   4.6846892404273346
 -2.23872113856833990E-002 -0.71250000000000002       9.05952960937500031E-003   4.7039380797701460
 -2.23872113856833990E-002 -0.70750000000000002       8.84775437499999914E-003   4.7275915950983380
 -2.23872113856833990E-002 -0.70250000000000001       8.62859414062499934E-003   4.7526736909085061
 -2.23872113856833990E-002 -0.69750000000000001       8.39514765625000089E-003   4.7801014000129092
 -2.23872113856833990E-002 -0.69250000000000000       8.18053945312499989E-003   4.8059971827271504
 -2.23872113856833990E-002 -0.68750000000000000       7.93463257812499975E-003   4.8365182300298271
 -2.23872113856833990E-002 -0.68250000000000000       7.70574703124999975E-003   4.8657888608215476
 -2.23872113856833990E-002 -0.67749999999999999       7.48677906249999980E-003   4.8946166056521063
 -2.23872113856833990E-002 -0.67249999999999999       7.24537054687499939E-003   4.9273925593310262
 -2.23872113856833990E-002 -0.66749999999999998       7.01131453124999998E-003   4.9602300732261586
 -2.23872113856833990E-002 -0.66249999999999998       6.78196109374999950E-003   4.9934889719878610
 -2.23872113856833990E-002 -0.65749999999999997       6.55263468749999953E-003   5.0278880678463373
 -2.23872113856833990E-002 -0.65249999999999997       6.31962039062499998E-003   5.0640961374018572
 -2.23872113856833990E-002 -0.64749999999999996       6.10476546874999960E-003   5.0986855884145585
 -2.23872113856833990E-002 -0.64249999999999996       5.90452531249999971E-003   5.1320362199476239
 -2.23872113856833990E-002 -0.63749999999999996       5.70715234375000074E-003   5.1660350935925052
 -2.23872113856833990E-002 -0.63249999999999995       5.49705789062500047E-003   5.2035422588465332
 -2.23872113856833990E-002 -0.62749999999999995       5.31118218750000013E-003   5.2379408343268103
 -2.23872113856833990E-002 -0.62250000000000005       5.14179476562499991E-003   5.2703530842712478
 -2.23872113856833990E-002 -0.61750000000000005       4.95342921875000040E-003   5.3076751707922725
 -2.23872113856833990E-002 -0.61250000000000004       4.77673976562499950E-003   5.3439970225863682
 -2.23872113856833990E-002 -0.60750000000000004       4.59758437499999985E-003   5.3822242492887842
 -2.23872113856833990E-002 -0.60250000000000004       4.44860851562499989E-003   5.4151639248206527
 -2.23872113856833990E-002 -0.59750000000000003       4.29794703124999986E-003   5.4496178048838280
 -2.23872113856833990E-002 -0.59250000000000003       4.15560367187499998E-003   5.4832975731714546
 -2.23872113856833990E-002 -0.58750000000000002       4.01655265625000014E-003   5.5173312924525248
 -2.23872113856833990E-002 -0.58250000000000002       3.88160015625000016E-003   5.5515077989605253
 -2.23872113856833990E-002 -0.57750000000000001       3.74783796875000031E-003   5.5865761469305397
 -2.23872113856833990E-002 -0.57250000000000001       3.62026492187499972E-003   5.6212080729837925
 -2.23872113856833990E-002 -0.56750000000000000       3.49358218750000019E-003   5.6568276544148057
 -2.23872113856833990E-002 -0.56250000000000000       3.37508125000000013E-003   5.6913358808733454
 -2.23872113856833990E-002 -0.55750000000000000       3.26161312500000038E-003   5.7255333823687247
 -2.23872113856833990E-002 -0.55249999999999999       3.15149695312499966E-003   5.7598777158130998
 -2.23872113856833990E-002 -0.54749999999999999       3.04232601562499970E-003   5.7951329194131294
 -2.23872113856833990E-002 -0.54249999999999998       2.93859062499999971E-003   5.8298251918222155
 -2.23872113856833990E-002 -0.53749999999999998       2.84507585937499984E-003   5.8621655476556329
 -2.23872113856833990E-002 -0.53249999999999997       2.74883796874999956E-003   5.8965770134241291
 -2.23872113856833990E-002 -0.52749999999999997       2.65649140625000019E-003   5.9307490470681570
 -2.23872113856833990E-002 -0.52249999999999996       2.56451906249999988E-003   5.9659843179397267
 -2.23872113856833990E-002 -0.51749999999999996       2.48408273437499992E-003   5.9978518085513164
 -2.23872113856833990E-002 -0.51249999999999996       2.40243898437499971E-003   6.0312708141644933
 -2.23872113856833990E-002 -0.50749999999999995       2.32532640625000018E-003   6.0638948600115947
 -2.23872113856833990E-002 -0.50249999999999995       2.24789156250000026E-003   6.0977625854362136
 -2.23872113856833990E-002 -0.49750000000000000       2.17520757812499988E-003   6.1306311807770362
 -2.23872113856833990E-002 -0.49249999999999999       2.10512554687499994E-003   6.1633801714054162
 -2.23872113856833990E-002 -0.48749999999999999       2.03480031250000007E-003   6.1973575914379291
 -2.23872113856833990E-002 -0.48249999999999998       1.96718929687499967E-003   6.2311495078685732
 -2.23872113856833990E-002 -0.47749999999999998       1.90715351562499992E-003   6.2621434544895802
 -2.23872113856833990E-002 -0.47249999999999998       1.84580382812500002E-003   6.2948404171697296
 -2.23872113856833990E-002 -0.46750000000000003       1.79671070312499982E-003   6.3217976729415826
 -2.23872113856833990E-002 -0.46250000000000002       1.74310054687499996E-003   6.3520898280064833
 -2.23872113856833990E-002 -0.45750000000000002       1.69547656250000015E-003   6.3797914198500667
 -2.23872113856833990E-002 -0.45250000000000001       1.64572914062500000E-003   6.4095717463890018
 -2.23872113856833990E-002 -0.44750000000000001       1.60010828125000011E-003   6.4376839762450535
 -2.23872113856833990E-002 -0.44250000000000000       1.55426054687500016E-003   6.4667553790086725
 -2.23872113856833990E-002 -0.43750000000000000       1.51374124999999996E-003   6.4931710434604994
 -2.23872113856833990E-002 -0.43250000000000000       1.47124734375000000E-003   6.5216447048289705
 -2.23872113856833990E-002 -0.42749999999999999       1.42906859375000004E-003   6.5507323799617962
 -2.23872113856833990E-002 -0.42249999999999999       1.38584710937499989E-003   6.5814436949953459
 -2.23872113856833990E-002 -0.41749999999999998       1.35010710937500007E-003   6.6075713494012946
 -2.23872113856833990E-002 -0.41249999999999998       1.31895617187500016E-003   6.6309146340969845
 -2.23872113856833990E-002 -0.40749999999999997       1.27936789062499997E-003   6.6613891584767151
 -2.23872113856833990E-002 -0.40250000000000002       1.24196132812500002E-003   6.6910634327309717
 -2.23872113856833990E-002 -0.39750000000000002       1.21539499999999997E-003   6.7126861521434575
 -2.23872113856833990E-002 -0.39250000000000002       1.18611984375000001E-003   6.7370679348185929
 -2.23872113856833990E-002 -0.38750000000000001       1.16005515625000003E-003   6.7592877265028779
 -2.23872113856833990E-002 -0.38250000000000001       1.12747070312500005E-003   6.7877784708496405
 -2.23872113856833990E-002 -0.37750000000000000       1.10515546875000000E-003   6.8077692582077756
 -2.23872113856833990E-002 -0.37250000000000000       1.07939984374999997E-003   6.8313500925360886
 -2.23872113856833990E-002 -0.36749999999999999       1.05398335937500012E-003   6.8551786170568594
 -2.23872113856833990E-002 -0.36249999999999999       1.02841664062499998E-003   6.8797349016211884
 -2.23872113856833990E-002 -0.35749999999999998       1.00467468749999996E-003   6.9030914839011697
 -2.23872113856833990E-002 -0.35249999999999998       9.80657812500000019E-004   6.9272869742337182
 -2.23872113856833990E-002 -0.34749999999999998       9.59000156250000026E-004   6.9496193201507133
 -2.23872113856833990E-002 -0.34250000000000003       9.39008906249999922E-004   6.9706855939767109
 -2.23872113856833990E-002 -0.33750000000000002       9.15001875000000004E-004   6.9965844435105247
 -2.23872113856833990E-002 -0.33250000000000002       8.95756250000000025E-004   7.0178422244103071
 -2.23872113856833990E-002 -0.32750000000000001       8.79062031249999991E-004   7.0366550925187754
 -2.23872113856833990E-002 -0.32250000000000001       8.59924687499999938E-004   7.0586657452258503
 -2.23872113856833990E-002 -0.31750000000000000       8.36544609374999942E-004   7.0862307103579996
 -2.23872113856833990E-002 -0.31250000000000000       8.16583906249999914E-004   7.1103808875144976
 -2.23872113856833990E-002 -0.30750000000000000       7.97701484374999906E-004   7.1337761102303183
 -2.23872113856833990E-002 -0.30249999999999999       7.81427578125000032E-004   7.1543880827423942
 -2.23872113856833990E-002 -0.29749999999999999       7.66349999999999952E-004   7.1738715735193574
 -2.23872113856833990E-002 -0.29249999999999998       7.55153437500000039E-004   7.1885896008865373
 -2.23872113856833990E-002 -0.28749999999999998       7.41851015624999961E-004   7.2063621225248014
 -2.23872113856833990E-002 -0.28249999999999997       7.26179843749999963E-004   7.2277128551527685
 -2.23872113856833990E-002 -0.27750000000000002       7.12496015624999954E-004   7.2467362379423674
 -2.23872113856833990E-002 -0.27250000000000002       7.00270703124999971E-004   7.2640435789272928
 -2.23872113856833990E-002 -0.26750000000000002       6.90507656250000015E-004   7.2780834971966737
 -2.23872113856833990E-002 -0.26250000000000001       6.76324687499999921E-004   7.2988372902791108
 -2.23872113856833990E-002 -0.25750000000000001       6.66443828124999959E-004   7.3135547007793962
 -2.23872113856833990E-002 -0.25250000000000000       6.52435703124999993E-004   7.3347979628947693
 -2.23872113856833990E-002 -0.24750000000000000       6.39950703124999979E-004   7.3541194109444268
 -2.23872113856833990E-002 -0.24249999999999999       6.31116484374999996E-004   7.3680201096470679
 -2.23872113856833990E-002 -0.23749999999999999       6.22275625000000038E-004   7.3821274363672273
 -2.23872113856833990E-002 -0.23250000000000001       6.14508437499999925E-004   7.3946878983771036
 -2.23872113856833990E-002 -0.22750000000000001       6.04017734375000034E-004   7.4119069989124879
 -2.23872113856833990E-002 -0.22250000000000000       5.95411562499999930E-004   7.4262576898533217
 -2.23872113856833990E-002 -0.21750000000000000       5.88774765625000055E-004   7.4374668487625053
 -2.23872113856833990E-002 -0.21249999999999999       5.80729765625000020E-004   7.4512250287201427
 -2.23872113856833990E-002 -0.20749999999999999       5.74214218750000076E-004   7.4625080278705607
 -2.23872113856833990E-002 -0.20250000000000001       5.66821328125000057E-004   7.4754664218419409
 -2.23872113856833990E-002 -0.19750000000000001       5.54234140625000054E-004   7.4979233239954226
 -2.23872113856833990E-002 -0.19250000000000000       5.49286328125000002E-004   7.5068907075577105
 -2.23872113856833990E-002 -0.18750000000000000       5.44346171875000041E-004   7.5159251681317309
 -2.23872113856833990E-002 -0.18250000000000000       5.38414140625000006E-004   7.5268825158163200
 -2.23872113856833990E-002 -0.17749999999999999       5.32541953125000023E-004   7.5378488782728184
 -2.23872113856833990E-002 -0.17249999999999999       5.27540468750000032E-004   7.5472849775472497
 -2.23872113856833990E-002 -0.16750000000000001       5.19191249999999987E-004   7.5632382455669438
 -2.23872113856833990E-002 -0.16250000000000001       5.14727890625000053E-004   7.5718721646543958
 -2.23872113856833990E-002 -0.15750000000000000       5.07525156250000016E-004   7.5859642793113151
 -2.23872113856833990E-002 -0.15250000000000000       5.04101015624999955E-004   7.5927338821484982
 -2.23872113856833990E-002 -0.14749999999999999       5.00874296874999955E-004   7.5991553928023121
 -2.23872113856833990E-002 -0.14249999999999999       4.95105781250000047E-004   7.6107391187311189
 -2.23872113856833990E-002 -0.13750000000000001       4.90392578124999997E-004   7.6203043077859167
 -2.23872113856833990E-002 -0.13250000000000001       4.88429453124999947E-004   7.6243155122122754
 -2.23872113856833990E-002 -0.12750000000000000       4.85068046875000041E-004   7.6312213740332613
 -2.23872113856833990E-002 -0.12250000000000000       4.77503203124999946E-004   7.6469396899508055
 -2.23872113856833990E-002 -0.11749999999999999       4.74651796874999993E-004   7.6529290819594440
 -2.23872113856833990E-002 -0.11250000000000000       4.71066406250000022E-004   7.6605114839709261
 -2.23872113856833990E-002 -0.10750000000000000       4.69204531249999967E-004   7.6644717838360190
 -2.23872113856833990E-002 -0.10249999999999999       4.65512187499999967E-004   7.6723722800646410
 -2.23872113856833990E-002 -9.75000000000000033E-002  4.63038984374999950E-004   7.6776993079085818
 -2.23872113856833990E-002 -9.24999999999999989E-002  4.56375156249999993E-004   7.6921953756165786
 -2.23872113856833990E-002 -8.74999999999999944E-002  4.52992187499999999E-004   7.6996356787668221
 -2.23872113856833990E-002 -8.25000000000000039E-002  4.50072968749999961E-004   7.7061008355674714
 -2.23872113856833990E-002 -7.74999999999999994E-002  4.51083671874999989E-004   7.7038577104475419
 -2.23872113856833990E-002 -7.24999999999999950E-002  4.46510312500000004E-004   7.7140480616098444
 -2.23872113856833990E-002 -6.75000000000000044E-002  4.41383515624999999E-004   7.7255964105005361
 -2.23872113856833990E-002 -6.25000000000000000E-002  4.37085624999999976E-004   7.7353814438469657
 -2.23872113856833990E-002 -5.75000000000000025E-002  4.39817890624999972E-004   7.7291498016691627
 -2.23872113856833990E-002 -5.24999999999999981E-002  4.39218281249999969E-004   7.7305140446597971
 -2.23872113856833990E-002 -4.75000000000000006E-002  4.42903046874999946E-004   7.7221596676842079
 -2.23872113856833990E-002 -4.25000000000000031E-002  4.43441484375000001E-004   7.7209447054494333
 -2.23872113856833990E-002 -3.74999999999999986E-002  4.44516406249999946E-004   7.7185235942426331
 -2.23872113856833990E-002 -3.25000000000000011E-002  4.44808906249999998E-004   7.7178657921842948
 -2.23872113856833990E-002 -2.75000000000000001E-002  4.41812109374999974E-004   7.7246258581755205
 -2.23872113856833990E-002 -2.24999999999999992E-002  4.39771640624999976E-004   7.7292549643578932
 -2.23872113856833990E-002 -1.75000000000000017E-002  4.43458906250000047E-004   7.7209054183430421
 -2.23872113856833990E-002 -1.25000000000000007E-002  4.43633281249999987E-004   7.7205122799416381
 -2.23872113856833990E-002 -7.49999999999999972E-003  4.42358749999999994E-004   7.7233893535138876
 -2.23872113856833990E-002 -2.50000000000000005E-003  4.41553125000000008E-004   7.7252122167333228
 -2.23872113856833990E-002  2.50000000000000005E-003  4.41142812500000005E-004   7.7261418970731119
 -2.23872113856833990E-002  7.49999999999999972E-003  4.39256093750000015E-004   7.7304279579141859
 -2.23872113856833990E-002  1.25000000000000007E-002  4.42143203124999986E-004   7.7238767393890804
 -2.23872113856833990E-002  1.75000000000000017E-002  4.42084843750000021E-004   7.7240087401219029
 -2.23872113856833990E-002  2.24999999999999992E-002  4.41262656250000025E-004   7.7258702674085624
 -2.23872113856833990E-002  2.75000000000000001E-002  4.42201484375000047E-004   7.7237449327509946
 -2.23872113856833990E-002  3.25000000000000011E-002  4.39867812500000042E-004   7.7290363023253033
 -2.23872113856833990E-002  3.74999999999999986E-002  4.40025781249999944E-004   7.7286772390185137
 -2.23872113856833990E-002  4.25000000000000031E-002  4.39743750000000020E-004   7.7293183870684139
 -2.23872113856833990E-002  4.75000000000000006E-002  4.41193984375000013E-004   7.7260259053673632
 -2.23872113856833990E-002  5.24999999999999981E-002  4.45335234374999976E-004   7.7166832237387668
 -2.23872113856833990E-002  5.75000000000000025E-002  4.46854140624999981E-004   7.7132783239271472
 -2.23872113856833990E-002  6.25000000000000000E-002  4.47467109375000054E-004   7.7119075215538704
 -2.23872113856833990E-002  6.75000000000000044E-002  4.48743515624999982E-004   7.7090590681269102
 -2.23872113856833990E-002  7.24999999999999950E-002  4.47455000000000032E-004   7.7119345839649425
 -2.23872113856833990E-002  7.74999999999999994E-002  4.49645468749999952E-004   7.7070511329368570
 -2.23872113856833990E-002  8.25000000000000039E-002  4.50806875000000021E-004   7.7044715252494598
 -2.23872113856833990E-002  8.74999999999999944E-002  4.53686796875000034E-004   7.6981034727206632
 -2.23872113856833990E-002  9.24999999999999989E-002  4.52047890624999982E-004   7.7017224310344581
 -2.23872113856833990E-002  9.75000000000000033E-002  4.55265468749999969E-004   7.6946298613506201
 -2.23872113856833990E-002  0.10249999999999999       4.59401796874999975E-004   7.6855853563651628
 -2.23872113856833990E-002  0.10750000000000000       4.63501328124999996E-004   7.6767013075363639
 -2.23872113856833990E-002  0.11250000000000000       4.64583906249999977E-004   7.6743683782408585
 -2.23872113856833990E-002  0.11749999999999999       4.69884765624999979E-004   7.6630230728428588
 -2.23872113856833990E-002  0.12250000000000000       4.76312734375000050E-004   7.6494359144766495
 -2.23872113856833990E-002  0.12750000000000000       4.77864062500000012E-004   7.6461842539940887
 -2.23872113856833990E-002  0.13250000000000001       4.82298046875000012E-004   7.6369482805036020
 -2.23872113856833990E-002  0.13750000000000001       4.83079296875000034E-004   7.6353297420624227
 -2.23872113856833990E-002  0.14249999999999999       4.83827968750000020E-004   7.6337811508970974
 -2.23872113856833990E-002  0.14749999999999999       4.88736093749999982E-004   7.6236878997549056
 -2.23872113856833990E-002  0.15250000000000000       4.95588046875000015E-004   7.6097655269928781
 -2.23872113856833990E-002  0.15750000000000000       4.99328437499999933E-004   7.6022464873429385
 -2.23872113856833990E-002  0.16250000000000001       5.01853437500000008E-004   7.5972024380716521
 -2.23872113856833990E-002  0.16750000000000001       5.06347343750000018E-004   7.5882876740770975
 -2.23872113856833990E-002  0.17249999999999999       5.08255468750000070E-004   7.5845263455530567
 -2.23872113856833990E-002  0.17749999999999999       5.14518124999999984E-004   7.5722797749336097
 -2.23872113856833990E-002  0.18250000000000000       5.23230625000000067E-004   7.5554882255129270
 -2.23872113856833990E-002  0.18750000000000000       5.32053046875000080E-004   7.5387673614225053
 -2.23872113856833990E-002  0.19250000000000000       5.39929999999999989E-004   7.5240710564382303
 -2.23872113856833990E-002  0.19750000000000001       5.47266718749999975E-004   7.5105742715482871
 -2.23872113856833990E-002  0.20250000000000001       5.53057187500000037E-004   7.5000491485879923
 -2.23872113856833990E-002  0.20749999999999999       5.59936953124999959E-004   7.4876863642784572
 -2.23872113856833990E-002  0.21249999999999999       5.64203906249999949E-004   7.4800948359003172
 -2.23872113856833990E-002  0.21750000000000000       5.75902812499999995E-004   7.4595716398032144
 -2.23872113856833990E-002  0.22250000000000000       5.83328203125000038E-004   7.4467605743963539
 -2.23872113856833990E-002  0.22750000000000001       5.94281328125000042E-004   7.4281577343504095
 -2.23872113856833990E-002  0.23250000000000001       6.01157265625000027E-004   7.4166539844066293
 -2.23872113856833990E-002  0.23749999999999999       6.10265156249999944E-004   7.4016170128668843
 -2.23872113856833990E-002  0.24249999999999999       6.16971874999999986E-004   7.3906871185662393
 -2.23872113856833990E-002  0.24750000000000000       6.29861015624999889E-004   7.3700113730357355
 -2.23872113856833990E-002  0.25250000000000000       6.39790078125000066E-004   7.3543704383449704
 -2.23872113856833990E-002  0.25750000000000001       6.49371328125000085E-004   7.3395058506022259
 -2.23872113856833990E-002  0.26250000000000001       6.66598828125000015E-004   7.3133221500804790
 -2.23872113856833990E-002  0.26750000000000002       6.77090312499999927E-004   7.2977058929151521
 -2.23872113856833990E-002  0.27250000000000002       6.90020937499999897E-004   7.2787886166304467
 -2.23872113856833990E-002  0.27750000000000002       7.06489453125000010E-004   7.2552022842950699
 -2.23872113856833990E-002  0.28249999999999997       7.22115781249999976E-004   7.2333250700859280
 -2.23872113856833990E-002  0.28749999999999998       7.40780468749999989E-004   7.2078062400581633
 -2.23872113856833990E-002  0.29249999999999998       7.58768359374999970E-004   7.1838140190134538
 -2.23872113856833990E-002  0.29749999999999999       7.74719296874999946E-004   7.1630097918009588
 -2.23872113856833990E-002  0.30249999999999999       7.94069687499999967E-004   7.1383393329362503
 -2.23872113856833990E-002  0.30750000000000000       8.05052265625000080E-004   7.1246033564110922
 -2.23872113856833990E-002  0.31250000000000000       8.20354062499999994E-004   7.1057745273610760
 -2.23872113856833990E-002  0.31750000000000000       8.39717812500000030E-004   7.0824446600665576
 -2.23872113856833990E-002  0.32250000000000001       8.59893593750000042E-004   7.0587019045693600
 -2.23872113856833990E-002  0.32750000000000001       8.77619609374999951E-004   7.0382973049331490
 -2.23872113856833990E-002  0.33250000000000002       8.93744140625000062E-004   7.0200910199216029
 -2.23872113856833990E-002  0.33750000000000002       9.11382968750000001E-004   7.0005473662193420
 -2.23872113856833990E-002  0.34250000000000003       9.31225546874999972E-004   6.9790090470045243
 -2.23872113856833990E-002  0.34749999999999998       9.54880156250000100E-004   6.9539247161958739
 -2.23872113856833990E-002  0.35249999999999998       9.76183046875000017E-004   6.9318604411084506
 -2.23872113856833990E-002  0.35749999999999998       9.99598359375000007E-004   6.9081570002863364
 -2.23872113856833990E-002  0.36249999999999999       1.02311281250000007E-003   6.8849055219440327
 -2.23872113856833990E-002  0.36749999999999999       1.04927328124999994E-003   6.8596574675287814
 -2.23872113856833990E-002  0.37250000000000000       1.07059578124999995E-003   6.8395399805601143
 -2.23872113856833990E-002  0.37750000000000000       1.09630476562500002E-003   6.8158100582851100
 -2.23872113856833990E-002  0.38250000000000001       1.12487187499999992E-003   6.7900861387004747
 -2.23872113856833990E-002  0.38750000000000001       1.15534312500000002E-003   6.7633579012052110
 -2.23872113856833990E-002  0.39250000000000002       1.18070218749999995E-003   6.7416459433384350
 -2.23872113856833990E-002  0.39750000000000002       1.20820070312500005E-003   6.7186230482990341
 -2.23872113856833990E-002  0.40250000000000002       1.24370234374999999E-003   6.6896625868084856
 -2.23872113856833990E-002  0.40749999999999997       1.27492250000000012E-003   6.6648698865329141
 -2.23872113856833990E-002  0.41249999999999998       1.30495453125000003E-003   6.6415870807684980
 -2.23872113856833990E-002  0.41749999999999998       1.34688851562499981E-003   6.6099581499197253
 -2.23872113856833990E-002  0.42249999999999999       1.38053218750000019E-003   6.5852862110382757
 -2.23872113856833990E-002  0.42749999999999999       1.41774039062500003E-003   6.5586909489982386
 -2.23872113856833990E-002  0.43250000000000000       1.45259656250000015E-003   6.5344025912413786
 -2.23872113856833990E-002  0.43750000000000000       1.48977124999999985E-003   6.5091326943006393
 -2.23872113856833990E-002  0.44250000000000000       1.53289679687500019E-003   6.4805960023794960
 -2.23872113856833990E-002  0.44750000000000001       1.57983414062499994E-003   6.4504354117414229
 -2.23872113856833990E-002  0.45250000000000001       1.62533687499999998E-003   6.4220401769933986
 -2.23872113856833990E-002  0.45750000000000002       1.67379640624999997E-003   6.3926609354283865
 -2.23872113856833990E-002  0.46250000000000002       1.72310328124999999E-003   6.3636283805456619
 -2.23872113856833990E-002  0.46750000000000003       1.77837476562500013E-003   6.3320553847846153
 -2.23872113856833990E-002  0.47249999999999998       1.83862164062500002E-003   6.2987390964390881
 -2.23872113856833990E-002  0.47749999999999998       1.89105406250000005E-003   6.2706209003437818
 -2.23872113856833990E-002  0.48249999999999998       1.94856132812499996E-003   6.2406639591491322
 -2.23872113856833990E-002  0.48749999999999999       2.00898937500000032E-003   6.2101234818641711
 -2.23872113856833990E-002  0.49249999999999999       2.07422429687499979E-003   6.1781680280237135
 -2.23872113856833990E-002  0.49750000000000000       2.14038054687500003E-003   6.1467716401149586
 -2.23872113856833990E-002  0.50249999999999995       2.21048890624999999E-003   6.1145415633715059
 -2.23872113856833990E-002  0.50749999999999995       2.28585078124999988E-003   6.0810169907837714
 -2.23872113856833990E-002  0.51249999999999996       2.36442960937500004E-003   6.0472184660950941
 -2.23872113856833990E-002  0.51749999999999996       2.44235562499999989E-003   6.0147922853133080
 -2.23872113856833990E-002  0.52249999999999996       2.52628414062499966E-003   5.9810057749884296
 -2.23872113856833990E-002  0.52749999999999997       2.61657843750000025E-003   5.9458877545772655
 -2.23872113856833990E-002  0.53249999999999997       2.71396984374999966E-003   5.9093428289981773
 -2.23872113856833990E-002  0.53749999999999998       2.80748242187499981E-003   5.8754671325021759
 -2.23872113856833990E-002  0.54249999999999998       2.90132578124999976E-003   5.8425874805099465
 -2.23872113856833990E-002  0.54749999999999999       3.00225007812500010E-003   5.8083932454013318
 -2.23872113856833990E-002  0.55249999999999999       3.10665632812500000E-003   5.7742082668150436
 -2.23872113856833990E-002  0.55750000000000000       3.21612156249999987E-003   5.7395791290949658
 -2.23872113856833990E-002  0.56250000000000000       3.32660281250000012E-003   5.7058036721503722
 -2.23872113856833990E-002  0.56750000000000000       3.43900656249999980E-003   5.6725726392756144
 -2.23872113856833990E-002  0.57250000000000001       3.56840945312500001E-003   5.6356353138066995
 -2.23872113856833990E-002  0.57750000000000001       3.69259640625000003E-003   5.6014254352333488
 -2.23872113856833990E-002  0.58250000000000002       3.82015773437499985E-003   5.5674635654949292
 -2.23872113856833990E-002  0.58750000000000002       3.95655226562499976E-003   5.5323822729365633
 -2.23872113856833990E-002  0.59250000000000003       4.11478804687499984E-003   5.4931679536219420
 -2.23872113856833990E-002  0.59750000000000003       4.27774648437499998E-003   5.4543289303922844
 -2.23872113856833990E-002  0.60250000000000004       4.42507679687500002E-003   5.4204676454468554
 -2.23872113856833990E-002  0.60750000000000004       4.59091632812499983E-003   5.3836756390771683
 -2.23872113856833990E-002  0.61250000000000004       4.76715492187499996E-003   5.3460056044675115
 -2.23872113856833990E-002  0.61750000000000005       4.94822523437499998E-003   5.3087263052019384
 -2.23872113856833990E-002  0.62250000000000005       5.13538671875000009E-003   5.2716001280672895
 -2.23872113856833990E-002  0.62749999999999995       5.32666257812499950E-003   5.2350303948734265
 -2.23872113856833990E-002  0.63249999999999995       5.51570867187500032E-003   5.2001551355519036
 -2.23872113856833990E-002  0.63749999999999996       5.71804773437500045E-003   5.1641278370274950
 -2.23872113856833990E-002  0.64249999999999996       5.92522343750000006E-003   5.1285368817015184
 -2.23872113856833990E-002  0.64749999999999996       6.14913601562499992E-003   5.0914436922969175
 -2.23872113856833990E-002  0.65249999999999997       6.36136578125000036E-003   5.0575121792050561
 -2.23872113856833990E-002  0.65749999999999997       6.57947031249999943E-003   5.0238010365052403
 -2.23872113856833990E-002  0.66249999999999998       6.80683828124999980E-003   4.9898275425111907
 -2.23872113856833990E-002  0.66749999999999998       7.05871226562500027E-003   4.9534926427503265
 -2.23872113856833990E-002  0.67249999999999999       7.30810921875000002E-003   4.9187706954836363
 -2.23872113856833990E-002  0.67749999999999999       7.52949320312499941E-003   4.8889275431371901
 -2.23872113856833990E-002  0.68250000000000000       7.74341070312500011E-003   4.8609130291238305
 -2.23872113856833990E-002  0.68750000000000000       7.98627070312499937E-003   4.8300313737048608
 -2.23872113856833990E-002  0.69250000000000000       8.21682070312499888E-003   4.8015719205066389
 -2.23872113856833990E-002  0.69750000000000001       8.43658351562500027E-003   4.7751778490534784
 -2.23872113856833990E-002  0.70250000000000001       8.66441117187500068E-003   4.7485313128985549
 -2.23872113856833990E-002  0.70750000000000002       8.87963218750000005E-003   4.7239951431624805
 -2.23872113856833990E-002  0.71250000000000002       9.09355828125000057E-003   4.7001889973068360
 -2.23872113856833990E-002  0.71750000000000003       9.27540484374999967E-003   4.6803890225193916
 -2.23872113856833990E-002  0.72250000000000003       9.43447124999999970E-003   4.6633851430674511
 -2.23872113856833990E-002  0.72750000000000004       9.59668640625000076E-003   4.6463374061074720
 -2.23872113856833990E-002  0.73250000000000004       9.72542765625000055E-003   4.6330114155087632
 -2.23872113856833990E-002  0.73750000000000004       9.83131882812499948E-003   4.6221821902286013
 -2.23872113856833990E-002  0.74250000000000005       9.89673171875000111E-003   4.6155507057654974
 -2.23872113856833990E-002  0.74750000000000005       9.91970453125000026E-003   4.6132321432851926
 -2.23872113856833990E-002  0.75249999999999995       9.90148023437499927E-003   4.6150710143946512
 -2.23872113856833990E-002  0.75749999999999995       9.84311406250000000E-003   4.6209831482177091
 -2.23872113856833990E-002  0.76249999999999996       9.72232062500000098E-003   4.6333309415774373
 -2.23872113856833990E-002  0.76749999999999996       9.55529460937500075E-003   4.6506598687589484
 -2.23872113856833990E-002  0.77249999999999996       9.32292992187499885E-003   4.6752783303884193
 -2.23872113856833990E-002  0.77749999999999997       9.04776679687500050E-003   4.7052373144974888
 -2.23872113856833990E-002  0.78249999999999997       8.70428015625000079E-003   4.7439404023173788
 -2.23872113856833990E-002  0.78749999999999998       8.31331859375000065E-003   4.7898964004051408
 -2.23872113856833990E-002  0.79249999999999998       7.86859929687499897E-003   4.8448752124598657
 -2.23872113856833990E-002  0.79749999999999999       7.35953523437499983E-003   4.9117584957386367
 -2.23872113856833990E-002  0.80249999999999999       6.81871125000000061E-003   4.9880847912588022
 -2.23872113856833990E-002  0.80750000000000000       6.24745273437499974E-003   5.0755814608099961
 -2.23872113856833990E-002  0.81250000000000000       5.65261421874999927E-003   5.1756371472493861
 -2.23872113856833990E-002  0.81750000000000000       5.01585296874999982E-003   5.2951517885312951
 -2.23872113856833990E-002  0.82250000000000001       4.38779250000000034E-003   5.4289290257456093
 -2.23872113856833990E-002  0.82750000000000001       3.76354375000000031E-003   5.5823942787399305
 -2.23872113856833990E-002  0.83250000000000002       3.17781781249999989E-003   5.7515605402327470
 -2.23872113856833990E-002  0.83750000000000002       2.61207093750000013E-003   5.9476119096289226
 -2.23872113856833990E-002  0.84250000000000003       2.11140171875000022E-003   6.1604032303756684
 -2.23872113856833990E-002  0.84750000000000003       1.66077484375000005E-003   6.4004710121751005
 -2.23872113856833990E-002  0.85250000000000004       1.27452742187499990E-003   6.6651798185890589
 -2.23872113856833990E-002  0.85750000000000004       9.49931328125000040E-004   6.9591208621666700
 -2.23872113856833990E-002  0.86250000000000004       6.86713124999999971E-004   7.2835939293704506
 -2.23872113856833990E-002  0.86750000000000005       4.77830937499999992E-004   7.6462535752733949
 -2.23872113856833990E-002  0.87250000000000005       3.17731171874999988E-004   8.0543049041743267
 -2.23872113856833990E-002  0.87749999999999995       2.04434453124999980E-004   8.4952631564759074
 -2.23872113856833990E-002  0.88249999999999995       1.22529687500000009E-004   9.0071572104019921
 -2.23872113856833990E-002  0.88749999999999996       6.81399218750000088E-005   9.5939472922686537
 -2.23872113856833990E-002  0.89249999999999996       3.68900000000000009E-005   10.207570046355690
 -2.23872113856833990E-002  0.89749999999999996       1.86218750000000003E-005   10.891173593011068
 -2.23872113856833990E-002  0.90249999999999997       8.88562500000000016E-006   11.631075755556449
 -2.23872113856833990E-002  0.90749999999999997       3.95640625000000037E-006   12.440174457363037
 -2.23872113856833990E-002  0.91249999999999998       1.57234375000000006E-006   13.362943217378705
 -2.23872113856833990E-002  0.91749999999999998       5.47656249999999971E-007   14.417618027843346
 -2.23872113856833990E-002  0.92249999999999999       1.19687499999999992E-007   15.938381657571446
 -2.23872113856833990E-002  0.92749999999999999       3.98437499999999990E-009   19.340885375147657
 -2.23872113856833990E-002  0.93250000000000000        0.0000000000000000                      +Infinity
 -2.23872113856833990E-002  0.93750000000000000        0.0000000000000000                      +Infinity
 -2.23872113856833990E-002  0.94250000000000000        0.0000000000000000                      +Infinity
 -2.23872113856833990E-002  0.94750000000000001        0.0000000000000000                      +Infinity
 -2.23872113856833990E-002  0.95250000000000001        0.0000000000000000                      +Infinity
 -2.23872113856833990E-002  0.95750000000000002        0.0000000000000000                      +Infinity
 -2.23872113856833990E-002  0.96250000000000002        0.0000000000000000                      +Infinity
 -2.23872113856833990E-002  0.96750000000000003        0.0000000000000000                      +Infinity
 -2.23872113856833990E-002  0.97250000000000003        0.0000000000000000                      +Infinity
 -2.23872113856833990E-002  0.97750000000000004        0.0000000000000000                      +Infinity
 -2.23872113856833990E-002  0.98250000000000004        0.0000000000000000                      +Infinity
 -2.23872113856833990E-002  0.98750000000000004        0.0000000000000000                      +Infinity
 -2.23872113856833990E-002  0.99250000000000005        0.0000000000000000                      +Infinity
 -2.23872113856833990E-002  0.99750000000000005        0.0000000000000000                      +Infinity
