 -7.07945784384138022E-002 -0.99750000000000005        0.0000000000000000                      +Infinity
 -7.07945784384138022E-002 -0.99250000000000005        0.0000000000000000                      +Infinity
 -7.07945784384138022E-002 -0.98750000000000004        0.0000000000000000                      +Infinity
 -7.07945784384138022E-002 -0.98250000000000004        0.0000000000000000                      +Infinity
 -7.07945784384138022E-002 -0.97750000000000004        0.0000000000000000                      +Infinity
 -7.07945784384138022E-002 -0.97250000000000003        0.0000000000000000                      +Infinity
 -7.07945784384138022E-002 -0.96750000000000003        0.0000000000000000                      +Infinity
 -7.07945784384138022E-002 -0.96250000000000002        0.0000000000000000                      +Infinity
 -7.07945784384138022E-002 -0.95750000000000002       2.98437499999999988E-008   17.327290399265408
 -7.07945784384138022E-002 -0.95250000000000001       2.74765625000000030E-007   15.107347375398000
 -7.07945784384138022E-002 -0.94750000000000001       1.31320312499999999E-006   13.543041271638588
 -7.07945784384138022E-002 -0.94250000000000000       5.55179687499999972E-006   12.101388921344038
 -7.07945784384138022E-002 -0.93750000000000000       1.67611718750000020E-005   10.996445544411971
 -7.07945784384138022E-002 -0.93250000000000000       4.98099218749999996E-005   9.9072963593404602
 -7.07945784384138022E-002 -0.92749999999999999       1.30521171874999997E-004   8.9439751077704202
 -7.07945784384138022E-002 -0.92249999999999999       3.06426171874999960E-004   8.0905337063990856
 -7.07945784384138022E-002 -0.91749999999999998       6.43021640625000010E-004   7.3493321785775994
 -7.07945784384138022E-002 -0.91249999999999998       1.21321640625000004E-003   6.7144802591206121
 -7.07945784384138022E-002 -0.90749999999999997       2.10415875000000011E-003   6.1638395354320838
 -7.07945784384138022E-002 -0.90249999999999997       3.37398070312500001E-003   5.6916620141619116
 -7.07945784384138022E-002 -0.89749999999999996       5.03343640625000029E-003   5.2916523459761269
 -7.07945784384138022E-002 -0.89249999999999996       7.05448742187500012E-003   4.9540913509057765
 -7.07945784384138022E-002 -0.88749999999999996       9.37242906249999980E-003   4.6699829780678321
 -7.07945784384138022E-002 -0.88249999999999995       1.18452424218749991E-002   4.4358289754031057
 -7.07945784384138022E-002 -0.87749999999999995       1.43534117187500004E-002   4.2437676145991228
 -7.07945784384138022E-002 -0.87250000000000005       1.67612894531249980E-002   4.0886832505436752
 -7.07945784384138022E-002 -0.86750000000000005       1.88751878906249990E-002   3.9699070294263956
 -7.07945784384138022E-002 -0.86250000000000004       2.06477757031250028E-002   3.8801476795110617
 -7.07945784384138022E-002 -0.85750000000000004       2.19739110937499996E-002   3.8178993886864214
 -7.07945784384138022E-002 -0.85250000000000004       2.28116292187500007E-002   3.7804848196008436
 -7.07945784384138022E-002 -0.84750000000000003       2.31878979687499993E-002   3.7641247756889906
 -7.07945784384138022E-002 -0.84250000000000003       2.31237017968750000E-002   3.7668971356729868
 -7.07945784384138022E-002 -0.83750000000000002       2.26893002343750011E-002   3.7858618209314927
 -7.07945784384138022E-002 -0.83250000000000002       2.19488718750000013E-002   3.8190395359981371
 -7.07945784384138022E-002 -0.82750000000000001       2.09825842968750023E-002   3.8640625045305526
 -7.07945784384138022E-002 -0.82250000000000001       1.97685222656249979E-002   3.9236643908944697
 -7.07945784384138022E-002 -0.81750000000000000       1.84891645312500012E-002   3.9905704195012133
 -7.07945784384138022E-002 -0.81250000000000000       1.71125439062499995E-002   4.0679435226294443
 -7.07945784384138022E-002 -0.80750000000000000       1.57430066406249979E-002   4.1513590351352772
 -7.07945784384138022E-002 -0.80249999999999999       1.44117378906249999E-002   4.2397122731458676
 -7.07945784384138022E-002 -0.79749999999999999       1.30888374999999987E-002   4.3359955112545876
 -7.07945784384138022E-002 -0.79249999999999998       1.18286673437499983E-002   4.4372292579079771
 -7.07945784384138022E-002 -0.78749999999999998       1.06821435937500004E-002   4.5391817545645701
 -7.07945784384138022E-002 -0.78249999999999997       9.61820132812499923E-003   4.6440980039143680
 -7.07945784384138022E-002 -0.77749999999999997       8.62271882812500057E-003   4.7533548347423462
 -7.07945784384138022E-002 -0.77249999999999996       7.73332992187499967E-003   4.8622157301149329
 -7.07945784384138022E-002 -0.76749999999999996       6.91744234375000003E-003   4.9737091811771039
 -7.07945784384138022E-002 -0.76249999999999996       6.15828124999999969E-003   5.0899575582265761
 -7.07945784384138022E-002 -0.75749999999999995       5.50271671875000000E-003   5.2025133598326585
 -7.07945784384138022E-002 -0.75249999999999995       4.89246476562500004E-003   5.3200590604317792
 -7.07945784384138022E-002 -0.74750000000000005       4.36742249999999988E-003   5.4335822608187110
 -7.07945784384138022E-002 -0.74250000000000005       3.89570093750000014E-003   5.5478816575701284
 -7.07945784384138022E-002 -0.73750000000000004       3.48170335937500030E-003   5.6602336338628803
 -7.07945784384138022E-002 -0.73250000000000004       3.11786960937500022E-003   5.7706053278948071
 -7.07945784384138022E-002 -0.72750000000000004       2.78809023437500032E-003   5.8823984213368004
 -7.07945784384138022E-002 -0.72250000000000003       2.49196156250000014E-003   5.9946851025338326
 -7.07945784384138022E-002 -0.71750000000000003       2.23281343749999993E-003   6.1044928575320379
 -7.07945784384138022E-002 -0.71250000000000002       2.00079750000000008E-003   6.2142094279018449
 -7.07945784384138022E-002 -0.70750000000000002       1.80268632812500000E-003   6.3184773220949877
 -7.07945784384138022E-002 -0.70250000000000001       1.62497132812500006E-003   6.4222651075868669
 -7.07945784384138022E-002 -0.69750000000000001       1.46205492187500012E-003   6.5279123520981743
 -7.07945784384138022E-002 -0.69250000000000000       1.32310374999999999E-003   6.6277749766670340
 -7.07945784384138022E-002 -0.68750000000000000       1.18992648437499997E-003   6.7338637516031623
 -7.07945784384138022E-002 -0.68250000000000000       1.07316242187499990E-003   6.8371454550510036
 -7.07945784384138022E-002 -0.67749999999999999       9.67370234375000042E-004   6.9409292667328586
 -7.07945784384138022E-002 -0.67249999999999999       8.75018046875000060E-004   7.0412660468193522
 -7.07945784384138022E-002 -0.66749999999999998       7.90149765625000004E-004   7.1432880537301005
 -7.07945784384138022E-002 -0.66249999999999998       7.14992968750000047E-004   7.2432378492347036
 -7.07945784384138022E-002 -0.65749999999999997       6.50061640624999943E-004   7.3384433678400667
 -7.07945784384138022E-002 -0.65249999999999997       5.92508203125000055E-004   7.4311458401141195
 -7.07945784384138022E-002 -0.64749999999999996       5.37336718749999967E-004   7.5288856231824317
 -7.07945784384138022E-002 -0.64249999999999996       4.90240703125000032E-004   7.6206140566066392
 -7.07945784384138022E-002 -0.63749999999999996       4.46800234375000003E-004   7.7133989662058031
 -7.07945784384138022E-002 -0.63249999999999995       4.07404453124999969E-004   7.8057041236348415
 -7.07945784384138022E-002 -0.62749999999999995       3.73507968750000005E-004   7.8925712182776318
 -7.07945784384138022E-002 -0.62250000000000005       3.42416406250000012E-004   7.9794829993948291
 -7.07945784384138022E-002 -0.61750000000000005       3.11852812500000001E-004   8.0729792362737918
 -7.07945784384138022E-002 -0.61250000000000004       2.86185546874999982E-004   8.1588701922044482
 -7.07945784384138022E-002 -0.60750000000000004       2.66361562500000036E-004   8.2306559146180192
 -7.07945784384138022E-002 -0.60250000000000004       2.45353671874999992E-004   8.3128098296752579
 -7.07945784384138022E-002 -0.59750000000000003       2.26361484374999999E-004   8.3933773481261902
 -7.07945784384138022E-002 -0.59250000000000003       2.10171406249999994E-004   8.4675871399353007
 -7.07945784384138022E-002 -0.58750000000000002       1.95586406249999983E-004   8.5395083004780208
 -7.07945784384138022E-002 -0.58250000000000002       1.79213359375000007E-004   8.6269335101184588
 -7.07945784384138022E-002 -0.57750000000000001       1.64650312500000016E-004   8.7116866511783204
 -7.07945784384138022E-002 -0.57250000000000001       1.54371796875000004E-004   8.7761465997851502
 -7.07945784384138022E-002 -0.56750000000000000       1.42826328124999994E-004   8.8538811544297147
 -7.07945784384138022E-002 -0.56250000000000000       1.34020390625000005E-004   8.9175186007465825
 -7.07945784384138022E-002 -0.55750000000000000       1.24818359374999984E-004   8.9886510024720145
 -7.07945784384138022E-002 -0.55249999999999999       1.13960624999999996E-004   9.0796575639691213
 -7.07945784384138022E-002 -0.54749999999999999       1.05727968750000004E-004   9.1546410950756236
 -7.07945784384138022E-002 -0.54249999999999998       9.89329687500000127E-005   9.2210680204874578
 -7.07945784384138022E-002 -0.53749999999999998       9.15136718750000016E-005   9.2990221774458579
 -7.07945784384138022E-002 -0.53249999999999997       8.40675781250000006E-005   9.3838895810707275
 -7.07945784384138022E-002 -0.52749999999999997       7.86131250000000030E-005   9.4509718877366868
 -7.07945784384138022E-002 -0.52249999999999996       7.43106250000000082E-005   9.5072566151183828
 -7.07945784384138022E-002 -0.51749999999999996       6.92499218750000032E-005   9.5777885410563073
 -7.07945784384138022E-002 -0.51249999999999996       6.58496875000000033E-005   9.6281358754202611
 -7.07945784384138022E-002 -0.50749999999999995       6.04627343750000046E-005   9.7134833434530350
 -7.07945784384138022E-002 -0.50249999999999995       5.64864062499999972E-005   9.7815105461051957
 -7.07945784384138022E-002 -0.49750000000000000       5.25871875000000062E-005   9.8530380515421161
 -7.07945784384138022E-002 -0.49249999999999999       4.95592187499999977E-005   9.9123422650483235
 -7.07945784384138022E-002 -0.48749999999999999       4.68218749999999980E-005   9.9691600497149029
 -7.07945784384138022E-002 -0.48249999999999998       4.41622656250000042E-005   10.027639852397536
 -7.07945784384138022E-002 -0.47749999999999998       4.12779687499999963E-005   10.095181644639251
 -7.07945784384138022E-002 -0.47249999999999998       3.85438281249999979E-005   10.163714571291198
 -7.07945784384138022E-002 -0.46750000000000003       3.64694531249999980E-005   10.219035548457651
 -7.07945784384138022E-002 -0.46250000000000002       3.43551562500000047E-005   10.278758441390863
 -7.07945784384138022E-002 -0.45750000000000002       3.26685937499999988E-005   10.329096377354853
 -7.07945784384138022E-002 -0.45250000000000001       2.99328906249999995E-005   10.416552661244291
 -7.07945784384138022E-002 -0.44750000000000001       2.80633593749999994E-005   10.481045769322677
 -7.07945784384138022E-002 -0.44250000000000000       2.73994531249999984E-005   10.504987503711037
 -7.07945784384138022E-002 -0.43750000000000000       2.60877343750000025E-005   10.554045301413483
 -7.07945784384138022E-002 -0.43250000000000000       2.49914843749999976E-005   10.596975416121946
 -7.07945784384138022E-002 -0.42749999999999999       2.35912500000000022E-005   10.654634677394062
 -7.07945784384138022E-002 -0.42249999999999999       2.22582031250000008E-005   10.712799937522433
 -7.07945784384138022E-002 -0.41749999999999998       1.94735937500000006E-005   10.846451176773504
 -7.07945784384138022E-002 -0.41249999999999998       1.84196093750000021E-005   10.902094733930923
 -7.07945784384138022E-002 -0.40749999999999997       1.74661718749999995E-005   10.955244583473801
 -7.07945784384138022E-002 -0.40250000000000002       1.66674999999999992E-005   11.002049842454197
 -7.07945784384138022E-002 -0.39750000000000002       1.54228906250000012E-005   11.079657747929199
 -7.07945784384138022E-002 -0.39250000000000002       1.45710156250000002E-005   11.136476233597671
 -7.07945784384138022E-002 -0.38750000000000001       1.44326562500000002E-005   11.146017123809749
 -7.07945784384138022E-002 -0.38250000000000001       1.38125000000000003E-005   11.189936578686302
 -7.07945784384138022E-002 -0.37750000000000000       1.30777343749999983E-005   11.244599439858801
 -7.07945784384138022E-002 -0.37250000000000000       1.19207031250000003E-005   11.337233911070090
 -7.07945784384138022E-002 -0.36749999999999999       1.16413281250000009E-005   11.360949022083991
 -7.07945784384138022E-002 -0.36249999999999999       1.11510156250000007E-005   11.403979976762409
 -7.07945784384138022E-002 -0.35749999999999998       1.08260937500000008E-005   11.433551249918873
 -7.07945784384138022E-002 -0.35249999999999998       1.04263281249999999E-005   11.471176400312320
 -7.07945784384138022E-002 -0.34749999999999998       9.78468749999999880E-006   11.534691894263931
 -7.07945784384138022E-002 -0.34250000000000003       9.42585937500000037E-006   11.572053648415524
 -7.07945784384138022E-002 -0.33750000000000002       9.29234375000000047E-006   11.586319749551830
 -7.07945784384138022E-002 -0.33250000000000002       9.28468750000000020E-006   11.587144020161105
 -7.07945784384138022E-002 -0.32750000000000001       9.16226562500000049E-006   11.600417070887676
 -7.07945784384138022E-002 -0.32250000000000001       8.92359374999999998E-006   11.626811805738139
 -7.07945784384138022E-002 -0.31750000000000000       8.56210937500000038E-006   11.668163975854531
 -7.07945784384138022E-002 -0.31250000000000000       8.18960937500000014E-006   11.712644356596952
 -7.07945784384138022E-002 -0.30750000000000000       7.69796874999999933E-006   11.774554062606933
 -7.07945784384138022E-002 -0.30249999999999999       7.49320312499999990E-006   11.801514198314807
 -7.07945784384138022E-002 -0.29749999999999999       7.13726562499999955E-006   11.850180820649141
 -7.07945784384138022E-002 -0.29249999999999998       7.04617187499999928E-006   11.863026085069960
 -7.07945784384138022E-002 -0.28749999999999998       6.42820312500000078E-006   11.954815510557165
 -7.07945784384138022E-002 -0.28249999999999997       6.41531249999999940E-006   11.956822847131484
 -7.07945784384138022E-002 -0.27750000000000002       6.52664062500000063E-006   11.939618199578838
 -7.07945784384138022E-002 -0.27250000000000002       6.58007812499999922E-006   11.931463939597229
 -7.07945784384138022E-002 -0.26750000000000002       6.36609375000000033E-006   11.964524502539859
 -7.07945784384138022E-002 -0.26250000000000001       6.06554687499999967E-006   12.012885850630768
 -7.07945784384138022E-002 -0.25750000000000001       6.10304687499999973E-006   12.006722423782550
 -7.07945784384138022E-002 -0.25250000000000000       6.04421875000000013E-006   12.016408321290132
 -7.07945784384138022E-002 -0.24750000000000000       6.00968750000000022E-006   12.022137807441245
 -7.07945784384138022E-002 -0.24249999999999999       5.95265625000000010E-006   12.031673009454893
 -7.07945784384138022E-002 -0.23749999999999999       5.59453124999999919E-006   12.093720999870998
 -7.07945784384138022E-002 -0.23250000000000001       4.95874999999999975E-006   12.214356865117871
 -7.07945784384138022E-002 -0.22750000000000001       4.88367187500000008E-006   12.229613187633673
 -7.07945784384138022E-002 -0.22250000000000000       4.57945312500000005E-006   12.293930971989361
 -7.07945784384138022E-002 -0.21750000000000000       4.56101562500000028E-006   12.297965234456759
 -7.07945784384138022E-002 -0.21249999999999999       4.69921875000000030E-006   12.268114286469158
 -7.07945784384138022E-002 -0.20749999999999999       4.32132812499999988E-006   12.351947766614531
 -7.07945784384138022E-002 -0.20250000000000001       4.36234375000000024E-006   12.342501087696069
 -7.07945784384138022E-002 -0.19750000000000001       4.25789062499999969E-006   12.366736678765127
 -7.07945784384138022E-002 -0.19250000000000000       3.97132812499999984E-006   12.436409978909039
 -7.07945784384138022E-002 -0.18750000000000000       3.95429687500000019E-006   12.440707753839131
 -7.07945784384138022E-002 -0.18250000000000000       3.86203125000000011E-006   12.464317282328338
 -7.07945784384138022E-002 -0.17749999999999999       3.76937499999999980E-006   12.488601352741160
 -7.07945784384138022E-002 -0.17249999999999999       3.66171875000000007E-006   12.517577916955231
 -7.07945784384138022E-002 -0.16750000000000001       3.80546875000000017E-006   12.479071381071394
 -7.07945784384138022E-002 -0.16250000000000001       3.47273437499999967E-006   12.570568269995139
 -7.07945784384138022E-002 -0.15750000000000000       3.33921875000000019E-006   12.609773685521846
 -7.07945784384138022E-002 -0.15250000000000000       3.25867187499999997E-006   12.634190845902458
 -7.07945784384138022E-002 -0.14749999999999999       3.16710937499999995E-006   12.662691255165788
 -7.07945784384138022E-002 -0.14249999999999999       3.11812500000000032E-006   12.678278698331109
 -7.07945784384138022E-002 -0.13750000000000001       3.09890625000000011E-006   12.684461331310349
 -7.07945784384138022E-002 -0.13250000000000001       3.24468750000000001E-006   12.638491514448638
 -7.07945784384138022E-002 -0.12750000000000000       3.67882812500000010E-006   12.512916300791064
 -7.07945784384138022E-002 -0.12250000000000000       3.84757812500000039E-006   12.468066666046417
 -7.07945784384138022E-002 -0.11749999999999999       3.35921875000000000E-006   12.603802125905890
 -7.07945784384138022E-002 -0.11250000000000000       3.30421874999999968E-006   12.620310496870053
 -7.07945784384138022E-002 -0.10750000000000000       3.51039062500000007E-006   12.559783237504892
 -7.07945784384138022E-002 -0.10249999999999999       3.51070312499999991E-006   12.559694220035153
 -7.07945784384138022E-002 -9.75000000000000033E-002  3.44656250000000009E-006   12.578133200445945
 -7.07945784384138022E-002 -9.24999999999999989E-002  3.50671875000000028E-006   12.560829786771523
 -7.07945784384138022E-002 -8.74999999999999944E-002  3.14320312500000004E-006   12.670268174492932
 -7.07945784384138022E-002 -8.25000000000000039E-002  3.52226562499999985E-006   12.556406131937976
 -7.07945784384138022E-002 -7.74999999999999994E-002  3.36312500000000009E-006   12.602639956702728
 -7.07945784384138022E-002 -7.24999999999999950E-002  3.39781250000000034E-006   12.592378715754343
 -7.07945784384138022E-002 -6.75000000000000044E-002  3.28968750000000000E-006   12.624717982500767
 -7.07945784384138022E-002 -6.25000000000000000E-002  3.48796874999999982E-006   12.566191011246666
 -7.07945784384138022E-002 -5.75000000000000025E-002  3.42640624999999994E-006   12.583998586575001
 -7.07945784384138022E-002 -5.24999999999999981E-002  3.27578125000000000E-006   12.628954167707175
 -7.07945784384138022E-002 -4.75000000000000006E-002  3.00023437499999995E-006   12.716820147347763
 -7.07945784384138022E-002 -4.25000000000000031E-002  3.22710937500000022E-006   12.643923751759500
 -7.07945784384138022E-002 -3.74999999999999986E-002  3.11312499999999995E-006   12.679883513118863
 -7.07945784384138022E-002 -3.25000000000000011E-002  2.93359375000000016E-006   12.739282350679701
 -7.07945784384138022E-002 -2.75000000000000001E-002  2.89562499999999991E-006   12.752309580775499
 -7.07945784384138022E-002 -2.24999999999999992E-002  3.32359375000000023E-006   12.614463905648387
 -7.07945784384138022E-002 -1.75000000000000017E-002  3.45320312499999961E-006   12.576208315627733
 -7.07945784384138022E-002 -1.25000000000000007E-002  3.33601562500000015E-006   12.610733389725745
 -7.07945784384138022E-002 -7.49999999999999972E-003  3.27804687500000010E-006   12.628262777866905
 -7.07945784384138022E-002 -2.50000000000000005E-003  3.46273437500000019E-006   12.573451999210965
 -7.07945784384138022E-002  2.50000000000000005E-003  3.64578124999999985E-006   12.521939880764979
 -7.07945784384138022E-002  7.49999999999999972E-003  3.41164062499999996E-006   12.588317260669905
 -7.07945784384138022E-002  1.25000000000000007E-002  3.60218750000000040E-006   12.533969258151080
 -7.07945784384138022E-002  1.75000000000000017E-002  3.52640624999999983E-006   12.555231265083705
 -7.07945784384138022E-002  2.24999999999999992E-002  3.45562500000000005E-006   12.575507219854213
 -7.07945784384138022E-002  2.75000000000000001E-002  3.51882812499999994E-006   12.557382542818203
 -7.07945784384138022E-002  3.25000000000000011E-002  3.45085937499999998E-006   12.576887263736918
 -7.07945784384138022E-002  3.74999999999999986E-002  3.32726562500000003E-006   12.613359724920445
 -7.07945784384138022E-002  4.25000000000000031E-002  3.17999999999999962E-006   12.658629361172189
 -7.07945784384138022E-002  4.75000000000000006E-002  3.14374999999999976E-006   12.670094203098362
 -7.07945784384138022E-002  5.24999999999999981E-002  2.87718750000000014E-006   12.758697303464245
 -7.07945784384138022E-002  5.75000000000000025E-002  2.62234374999999996E-006   12.851442079003858
 -7.07945784384138022E-002  6.25000000000000000E-002  2.40562499999999994E-006   12.937700812908401
 -7.07945784384138022E-002  6.75000000000000044E-002  2.32828124999999976E-006   12.970380223536576
 -7.07945784384138022E-002  7.24999999999999950E-002  2.44289062499999971E-006   12.922328537464551
 -7.07945784384138022E-002  7.74999999999999994E-002  2.51242187500000013E-006   12.894263379589887
 -7.07945784384138022E-002  8.25000000000000039E-002  2.58976562499999989E-006   12.863943178625494
 -7.07945784384138022E-002  8.74999999999999944E-002  2.66265625000000026E-006   12.836186343204645
 -7.07945784384138022E-002  9.24999999999999989E-002  2.48929687500000024E-006   12.903510266882334
 -7.07945784384138022E-002  9.75000000000000033E-002  2.51187499999999998E-006   12.894481071742945
 -7.07945784384138022E-002  0.10249999999999999       2.44789062500000008E-006   12.920283873642411
 -7.07945784384138022E-002  0.10750000000000000       2.30781250000000019E-006   12.979210451786612
 -7.07945784384138022E-002  0.11250000000000000       2.34398437499999967E-006   12.963658352227357
 -7.07945784384138022E-002  0.11749999999999999       2.48070312500000046E-006   12.906968519825897
 -7.07945784384138022E-002  0.12250000000000000       2.74171874999999998E-006   12.806925553200902
 -7.07945784384138022E-002  0.12750000000000000       2.91914062500000002E-006   12.744221291507593
 -7.07945784384138022E-002  0.13250000000000001       2.70195312499999982E-006   12.821535666837297
 -7.07945784384138022E-002  0.13750000000000001       2.68960937499999986E-006   12.826114588649711
 -7.07945784384138022E-002  0.14249999999999999       2.47546874999999978E-006   12.909080785936995
 -7.07945784384138022E-002  0.14749999999999999       2.81218749999999992E-006   12.781547907718144
 -7.07945784384138022E-002  0.15250000000000000       3.04757812500000000E-006   12.701163340152553
 -7.07945784384138022E-002  0.15750000000000000       3.30140624999999986E-006   12.621162043898517
 -7.07945784384138022E-002  0.16250000000000001       3.16109374999999967E-006   12.664592466834623
 -7.07945784384138022E-002  0.16750000000000001       2.93843749999999977E-006   12.737632580475015
 -7.07945784384138022E-002  0.17249999999999999       2.90070312500000025E-006   12.750557393463216
 -7.07945784384138022E-002  0.17749999999999999       3.39914062500000008E-006   12.591987915643623
 -7.07945784384138022E-002  0.18250000000000000       3.15070312499999955E-006   12.667884915749621
 -7.07945784384138022E-002  0.18750000000000000       3.39843749999999960E-006   12.592194790795208
 -7.07945784384138022E-002  0.19250000000000000       3.33382812500000002E-006   12.611389327154093
 -7.07945784384138022E-002  0.19750000000000001       3.36367187500000023E-006   12.602477360741718
 -7.07945784384138022E-002  0.20250000000000001       3.34273437500000006E-006   12.608721410757678
 -7.07945784384138022E-002  0.20749999999999999       3.09773437499999987E-006   12.684839560446067
 -7.07945784384138022E-002  0.21249999999999999       2.98195312500000010E-006   12.722932061061172
 -7.07945784384138022E-002  0.21750000000000000       3.03062499999999989E-006   12.706741689086794
 -7.07945784384138022E-002  0.22250000000000000       2.89843750000000015E-006   12.751338759276456
 -7.07945784384138022E-002  0.22750000000000001       2.85374999999999999E-006   12.766876639102406
 -7.07945784384138022E-002  0.23250000000000001       3.05953125000000017E-006   12.697248840008710
 -7.07945784384138022E-002  0.23749999999999999       3.36023437499999990E-006   12.603499831957604
 -7.07945784384138022E-002  0.24249999999999999       3.49476562500000012E-006   12.564244244612965
 -7.07945784384138022E-002  0.24750000000000000       3.89179687499999952E-006   12.456639585393026
 -7.07945784384138022E-002  0.25250000000000000       4.05843750000000005E-006   12.414712510642001
 -7.07945784384138022E-002  0.25750000000000001       4.14546874999999988E-006   12.393494687713087
 -7.07945784384138022E-002  0.26250000000000001       4.40664062499999975E-006   12.332397921832962
 -7.07945784384138022E-002  0.26750000000000002       4.64624999999999977E-006   12.279450115334949
 -7.07945784384138022E-002  0.27250000000000002       4.60343749999999992E-006   12.288707250937154
 -7.07945784384138022E-002  0.27750000000000002       5.01828125000000026E-006   12.202423063364302
 -7.07945784384138022E-002  0.28249999999999997       5.68773437500000048E-006   12.077198565745055
 -7.07945784384138022E-002  0.28749999999999998       6.14421874999999917E-006   11.999998958911560
 -7.07945784384138022E-002  0.29249999999999998       6.43359375000000010E-006   11.953977272266195
 -7.07945784384138022E-002  0.29749999999999999       6.88750000000000055E-006   11.885802383485242
 -7.07945784384138022E-002  0.30249999999999999       7.39312499999999963E-006   11.814960043646410
 -7.07945784384138022E-002  0.30750000000000000       7.61757812499999987E-006   11.785052070149641
 -7.07945784384138022E-002  0.31250000000000000       8.11695312499999964E-006   11.721555705118751
 -7.07945784384138022E-002  0.31750000000000000       8.08703124999999947E-006   11.725248859631519
 -7.07945784384138022E-002  0.32250000000000001       7.65015625000000037E-006   11.780784485497813
 -7.07945784384138022E-002  0.32750000000000001       7.84398437500000122E-006   11.755763641600542
 -7.07945784384138022E-002  0.33250000000000002       7.89406250000000028E-006   11.749399663349337
 -7.07945784384138022E-002  0.33750000000000002       8.59843749999999978E-006   11.663930057258233
 -7.07945784384138022E-002  0.34250000000000003       9.15859375000000027E-006   11.600817911806109
 -7.07945784384138022E-002  0.34749999999999998       9.79007812500000067E-006   11.534141121371979
 -7.07945784384138022E-002  0.35249999999999998       1.04457812499999995E-005   11.469312369199493
 -7.07945784384138022E-002  0.35749999999999998       1.07591406250000003E-005   11.439754873985276
 -7.07945784384138022E-002  0.36249999999999999       1.12039843750000012E-005   11.399241095158601
 -7.07945784384138022E-002  0.36749999999999999       1.14389843749999998E-005   11.378483354362750
 -7.07945784384138022E-002  0.37250000000000000       1.13313281250000005E-005   11.387939267817266
 -7.07945784384138022E-002  0.37750000000000000       1.21435937499999996E-005   11.318708790604415
 -7.07945784384138022E-002  0.38250000000000001       1.28091406249999993E-005   11.265351530566749
 -7.07945784384138022E-002  0.38750000000000001       1.36359375000000003E-005   11.202801787154680
 -7.07945784384138022E-002  0.39250000000000002       1.44034374999999993E-005   11.148043664592500
 -7.07945784384138022E-002  0.39750000000000002       1.52513281250000003E-005   11.090843968539048
 -7.07945784384138022E-002  0.40250000000000002       1.69490625000000008E-005   10.985298035401968
 -7.07945784384138022E-002  0.40749999999999997       1.82299218750000004E-005   10.912446254801262
 -7.07945784384138022E-002  0.41249999999999998       1.95100000000000012E-005   10.844583403329255
 -7.07945784384138022E-002  0.41749999999999998       2.02370312500000000E-005   10.807996401674728
 -7.07945784384138022E-002  0.42249999999999999       2.23065625000000016E-005   10.710629640279596
 -7.07945784384138022E-002  0.42749999999999999       2.38384375000000013E-005   10.644211259022420
 -7.07945784384138022E-002  0.43250000000000000       2.44715625000000021E-005   10.617998828849847
 -7.07945784384138022E-002  0.43750000000000000       2.55855468750000000E-005   10.573482941106656
 -7.07945784384138022E-002  0.44250000000000000       2.68037499999999990E-005   10.526968754862970
 -7.07945784384138022E-002  0.44750000000000001       2.73702343750000025E-005   10.506054471740459
 -7.07945784384138022E-002  0.45250000000000001       2.88886718750000006E-005   10.452061016332411
 -7.07945784384138022E-002  0.45750000000000002       3.22331250000000032E-005   10.342515907482543
 -7.07945784384138022E-002  0.46250000000000002       3.45567187500000003E-005   10.272908562112235
 -7.07945784384138022E-002  0.46750000000000003       3.63003906249999991E-005   10.223682055732084
 -7.07945784384138022E-002  0.47249999999999998       3.94133593750000042E-005   10.141405728700303
 -7.07945784384138022E-002  0.47749999999999998       4.12067187499999993E-005   10.096909238448003
 -7.07945784384138022E-002  0.48249999999999998       4.33934375000000029E-005   10.045202337968670
 -7.07945784384138022E-002  0.48749999999999999       4.53757812500000005E-005   10.000532047896627
 -7.07945784384138022E-002  0.49249999999999999       4.95060937499999947E-005   9.9134147899059535
 -7.07945784384138022E-002  0.49750000000000000       5.27632812500000039E-005   9.8496950400474859
 -7.07945784384138022E-002  0.50249999999999995       5.67296875000000025E-005   9.7772128951902388
 -7.07945784384138022E-002  0.50749999999999995       5.91227343750000005E-005   9.7358950311252777
 -7.07945784384138022E-002  0.51249999999999996       6.35569531249999991E-005   9.6635741544334444
 -7.07945784384138022E-002  0.51749999999999996       6.74365624999999981E-005   9.6043232168034400
 -7.07945784384138022E-002  0.52249999999999996       7.25897656249999959E-005   9.5306866154232548
 -7.07945784384138022E-002  0.52749999999999997       7.83271875000000070E-005   9.4546157930129802
 -7.07945784384138022E-002  0.53249999999999997       8.46359374999999998E-005   9.3771515884069530
 -7.07945784384138022E-002  0.53749999999999998       9.11766406249999974E-005   9.3027118271895812
 -7.07945784384138022E-002  0.54249999999999998       9.82960156250000007E-005   9.2275270644403609
 -7.07945784384138022E-002  0.54749999999999999       1.04996250000000000E-004   9.1615859227302359
 -7.07945784384138022E-002  0.55249999999999999       1.13323046874999988E-004   9.0852679960090228
 -7.07945784384138022E-002  0.55750000000000000       1.23065468749999999E-004   9.0027940779351354
 -7.07945784384138022E-002  0.56250000000000000       1.34716015624999994E-004   8.9123415831377208
 -7.07945784384138022E-002  0.56750000000000000       1.44119140624999987E-004   8.8448702350150104
 -7.07945784384138022E-002  0.57250000000000001       1.56492890624999984E-004   8.7624999763322116
 -7.07945784384138022E-002  0.57750000000000001       1.69830234375000004E-004   8.6807112411920215
 -7.07945784384138022E-002  0.58250000000000002       1.84039218749999984E-004   8.6003616776871024
 -7.07945784384138022E-002  0.58750000000000002       1.95533203125000015E-004   8.5397803560029946
 -7.07945784384138022E-002  0.59250000000000003       2.12638593750000005E-004   8.4559165763112745
 -7.07945784384138022E-002  0.59750000000000003       2.32447656249999999E-004   8.3668454926920202
 -7.07945784384138022E-002  0.60250000000000004       2.52400156249999981E-004   8.2844948082403551
 -7.07945784384138022E-002  0.60750000000000004       2.72656796874999987E-004   8.2072967079647245
 -7.07945784384138022E-002  0.61250000000000004       2.97817499999999979E-004   8.1190296751695943
 -7.07945784384138022E-002  0.61750000000000005       3.25209296874999975E-004   8.0310415925227456
 -7.07945784384138022E-002  0.62250000000000005       3.55677421874999984E-004   7.9414863562142664
 -7.07945784384138022E-002  0.62749999999999995       3.89451015625000014E-004   7.8507724627573214
 -7.07945784384138022E-002  0.63249999999999995       4.26677812500000041E-004   7.7594813670130467
 -7.07945784384138022E-002  0.63749999999999996       4.64240390624999998E-004   7.6751080566532730
 -7.07945784384138022E-002  0.64249999999999996       5.08209140624999952E-004   7.5846175009648729
 -7.07945784384138022E-002  0.64749999999999996       5.51204375000000036E-004   7.5034049010684587
 -7.07945784384138022E-002  0.65249999999999997       6.01520937500000076E-004   7.4160492143440475
 -7.07945784384138022E-002  0.65749999999999997       6.57973593750000077E-004   7.3263457585232574
 -7.07945784384138022E-002  0.66249999999999998       7.23991328125000045E-004   7.2307311433781916
 -7.07945784384138022E-002  0.66749999999999998       7.96236796875000093E-004   7.1356139328480310
 -7.07945784384138022E-002  0.67249999999999999       8.72732812499999984E-004   7.0438811056706134
 -7.07945784384138022E-002  0.67749999999999999       9.68135390624999970E-004   6.9401386141199426
 -7.07945784384138022E-002  0.68250000000000000       1.08257546875000009E-003   6.8284123834276835
 -7.07945784384138022E-002  0.68750000000000000       1.20220562500000013E-003   6.7235973884481819
 -7.07945784384138022E-002  0.69250000000000000       1.33581328125000000E-003   6.6182149731783717
 -7.07945784384138022E-002  0.69750000000000001       1.49072679687499996E-003   6.5084914948147077
 -7.07945784384138022E-002  0.70250000000000001       1.65415000000000006E-003   6.4044679972544474
 -7.07945784384138022E-002  0.70750000000000002       1.84442218749999998E-003   6.2955892280467385
 -7.07945784384138022E-002  0.71250000000000002       2.05363734374999990E-003   6.1881427440430734
 -7.07945784384138022E-002  0.71750000000000003       2.29410085937500029E-003   6.0774142946438143
 -7.07945784384138022E-002  0.72250000000000003       2.55959421874999999E-003   5.9679065413552159
 -7.07945784384138022E-002  0.72750000000000004       2.85885445312499984E-003   5.8573342752536792
 -7.07945784384138022E-002  0.73250000000000004       3.18981023437500026E-003   5.7477938516115845
 -7.07945784384138022E-002  0.73750000000000004       3.57385046875000013E-003   5.6341117017463498
 -7.07945784384138022E-002  0.74250000000000005       4.01068523437500025E-003   5.5187931708719464
 -7.07945784384138022E-002  0.74750000000000005       4.49546375000000036E-003   5.4046864461911319
 -7.07945784384138022E-002  0.75249999999999995       5.04294601562499910E-003   5.2897648407584485
 -7.07945784384138022E-002  0.75749999999999995       5.65509679687500010E-003   5.1751980525181080
 -7.07945784384138022E-002  0.76249999999999996       6.32663578124999931E-003   5.0629866562638375
 -7.07945784384138022E-002  0.76749999999999996       7.08367015625000016E-003   4.9499631219397680
 -7.07945784384138022E-002  0.77249999999999996       7.92966992187500025E-003   4.8371438681770922
 -7.07945784384138022E-002  0.77749999999999997       8.87378351562500070E-003   4.7246540216773969
 -7.07945784384138022E-002  0.78249999999999997       9.90890093749999951E-003   4.6143218411800921
 -7.07945784384138022E-002  0.78749999999999998       1.10419600781249995E-002   4.5060527105837123
 -7.07945784384138022E-002  0.79249999999999998       1.22600658593750005E-002   4.4014079765982066
 -7.07945784384138022E-002  0.79749999999999999       1.35852021875000010E-002   4.2987741530714061
 -7.07945784384138022E-002  0.80249999999999999       1.49747800781250013E-002   4.2013878210233546
 -7.07945784384138022E-002  0.80750000000000000       1.64331599218749992E-002   4.1084540390786790
 -7.07945784384138022E-002  0.81250000000000000       1.79358630468750002E-002   4.0209530483374278
 -7.07945784384138022E-002  0.81750000000000000       1.93991825781250002E-002   3.9425243489487607
 -7.07945784384138022E-002  0.82250000000000001       2.08067240625000004E-002   3.8724790722804987
 -7.07945784384138022E-002  0.82750000000000001       2.21031337500000001E-002   3.8120358818683733
 -7.07945784384138022E-002  0.83250000000000002       2.32461675000000013E-002   3.7616149992458423
 -7.07945784384138022E-002  0.83750000000000002       2.41457714843750018E-002   3.7236460080289668
 -7.07945784384138022E-002  0.84250000000000003       2.47204227343749972E-002   3.7001255456337283
 -7.07945784384138022E-002  0.84750000000000003       2.48847739062500010E-002   3.6934991522563934
 -7.07945784384138022E-002  0.85250000000000004       2.46078889062500000E-002   3.7046882002070491
 -7.07945784384138022E-002  0.85750000000000004       2.38268596875000002E-002   3.7369417763495831
 -7.07945784384138022E-002  0.86250000000000004       2.25496535937499999E-002   3.7920355748476724
 -7.07945784384138022E-002  0.86750000000000005       2.07618874999999994E-002   3.8746363047788899
 -7.07945784384138022E-002  0.87250000000000005       1.85916546093749975E-002   3.9850424758639096
 -7.07945784384138022E-002  0.87749999999999995       1.61058041406249991E-002   4.1285755663293786
 -7.07945784384138022E-002  0.88249999999999995       1.34288059374999998E-002   4.3103531824890791
 -7.07945784384138022E-002  0.88749999999999996       1.07169421093750005E-002   4.5359294150224212
 -7.07945784384138022E-002  0.89249999999999996       8.15060398437499924E-003   4.8096632459629962
 -7.07945784384138022E-002  0.89749999999999996       5.89065882812500087E-003   5.1343874322047167
 -7.07945784384138022E-002  0.90249999999999997       4.03605609375000049E-003   5.5124872782350263
 -7.07945784384138022E-002  0.90749999999999997       2.58196187500000021E-003   5.9592057523522151
 -7.07945784384138022E-002  0.91249999999999998       1.53033367187499990E-003   6.4822694811623194
 -7.07945784384138022E-002  0.91749999999999998       8.28481171874999962E-004   7.0959164469141234
 -7.07945784384138022E-002  0.92249999999999999       4.07071562500000035E-004   7.8065215587394983
 -7.07945784384138022E-002  0.92749999999999999       1.78992734374999990E-004   8.6281653430311174
 -7.07945784384138022E-002  0.93250000000000000       7.10849218750000017E-005   9.5516353129135823
 -7.07945784384138022E-002  0.93750000000000000       2.43815624999999979E-005   10.621683346547233
 -7.07945784384138022E-002  0.94250000000000000       6.99593750000000030E-006   11.870180934524210
 -7.07945784384138022E-002  0.94750000000000001       1.64289062499999995E-006   13.319053291423279
 -7.07945784384138022E-002  0.95250000000000001       3.88906250000000009E-007   14.759927524944445
 -7.07945784384138022E-002  0.95750000000000002       3.82031249999999982E-008   17.080348518397109
 -7.07945784384138022E-002  0.96250000000000002        0.0000000000000000                      +Infinity
 -7.07945784384138022E-002  0.96750000000000003        0.0000000000000000                      +Infinity
 -7.07945784384138022E-002  0.97250000000000003        0.0000000000000000                      +Infinity
 -7.07945784384138022E-002  0.97750000000000004        0.0000000000000000                      +Infinity
 -7.07945784384138022E-002  0.98250000000000004        0.0000000000000000                      +Infinity
 -7.07945784384138022E-002  0.98750000000000004        0.0000000000000000                      +Infinity
 -7.07945784384138022E-002  0.99250000000000005        0.0000000000000000                      +Infinity
 -7.07945784384138022E-002  0.99750000000000005        0.0000000000000000                      +Infinity
