  0.58999999999999997      -0.99500000000000000        0.0000000000000000                      +Infinity
  0.58999999999999997      -0.98499999999999999        0.0000000000000000                      +Infinity
  0.58999999999999997      -0.97499999999999998        0.0000000000000000                      +Infinity
  0.58999999999999997      -0.96499999999999997        0.0000000000000000                      +Infinity
  0.58999999999999997      -0.95499999999999996        0.0000000000000000                      +Infinity
  0.58999999999999997      -0.94499999999999995        0.0000000000000000                      +Infinity
  0.58999999999999997      -0.93500000000000005        0.0000000000000000                      +Infinity
  0.58999999999999997      -0.92500000000000004        0.0000000000000000                      +Infinity
  0.58999999999999997      -0.91500000000000004        0.0000000000000000                      +Infinity
  0.58999999999999997      -0.90500000000000003        0.0000000000000000                      +Infinity
  0.58999999999999997      -0.89500000000000002        0.0000000000000000                      +Infinity
  0.58999999999999997      -0.88500000000000001        0.0000000000000000                      +Infinity
  0.58999999999999997      -0.87500000000000000        0.0000000000000000                      +Infinity
  0.58999999999999997      -0.86499999999999999        0.0000000000000000                      +Infinity
  0.58999999999999997      -0.85499999999999998        0.0000000000000000                      +Infinity
  0.58999999999999997      -0.84499999999999997        0.0000000000000000                      +Infinity
  0.58999999999999997      -0.83499999999999996        0.0000000000000000                      +Infinity
  0.58999999999999997      -0.82499999999999996        0.0000000000000000                      +Infinity
  0.58999999999999997      -0.81499999999999995        0.0000000000000000                      +Infinity
  0.58999999999999997      -0.80500000000000005        0.0000000000000000                      +Infinity
  0.58999999999999997      -0.79500000000000004        0.0000000000000000                      +Infinity
  0.58999999999999997      -0.78500000000000003        0.0000000000000000                      +Infinity
  0.58999999999999997      -0.77500000000000002        0.0000000000000000                      +Infinity
  0.58999999999999997      -0.76500000000000001        0.0000000000000000                      +Infinity
  0.58999999999999997      -0.75500000000000000        0.0000000000000000                      +Infinity
  0.58999999999999997      -0.74500000000000000        0.0000000000000000                      +Infinity
  0.58999999999999997      -0.73499999999999999        0.0000000000000000                      +Infinity
  0.58999999999999997      -0.72499999999999998        0.0000000000000000                      +Infinity
  0.58999999999999997      -0.71499999999999997        0.0000000000000000                      +Infinity
  0.58999999999999997      -0.70499999999999996        0.0000000000000000                      +Infinity
  0.58999999999999997      -0.69499999999999995        0.0000000000000000                      +Infinity
  0.58999999999999997      -0.68500000000000005        0.0000000000000000                      +Infinity
  0.58999999999999997      -0.67500000000000004        0.0000000000000000                      +Infinity
  0.58999999999999997      -0.66500000000000004        0.0000000000000000                      +Infinity
  0.58999999999999997      -0.65500000000000003        0.0000000000000000                      +Infinity
  0.58999999999999997      -0.64500000000000002        0.0000000000000000                      +Infinity
  0.58999999999999997      -0.63500000000000001        0.0000000000000000                      +Infinity
  0.58999999999999997      -0.62500000000000000        0.0000000000000000                      +Infinity
  0.58999999999999997      -0.61499999999999999        0.0000000000000000                      +Infinity
  0.58999999999999997      -0.60499999999999998        0.0000000000000000                      +Infinity
  0.58999999999999997      -0.59499999999999997        0.0000000000000000                      +Infinity
  0.58999999999999997      -0.58499999999999996        0.0000000000000000                      +Infinity
  0.58999999999999997      -0.57499999999999996        0.0000000000000000                      +Infinity
  0.58999999999999997      -0.56499999999999995        0.0000000000000000                      +Infinity
  0.58999999999999997      -0.55500000000000005        0.0000000000000000                      +Infinity
  0.58999999999999997      -0.54500000000000004        0.0000000000000000                      +Infinity
  0.58999999999999997      -0.53500000000000003        0.0000000000000000                      +Infinity
  0.58999999999999997      -0.52500000000000002        0.0000000000000000                      +Infinity
  0.58999999999999997      -0.51500000000000001        0.0000000000000000                      +Infinity
  0.58999999999999997      -0.50500000000000000        0.0000000000000000                      +Infinity
  0.58999999999999997      -0.49500000000000000        0.0000000000000000                      +Infinity
  0.58999999999999997      -0.48499999999999999        0.0000000000000000                      +Infinity
  0.58999999999999997      -0.47499999999999998        0.0000000000000000                      +Infinity
  0.58999999999999997      -0.46500000000000002        0.0000000000000000                      +Infinity
  0.58999999999999997      -0.45500000000000002        0.0000000000000000                      +Infinity
  0.58999999999999997      -0.44500000000000001        0.0000000000000000                      +Infinity
  0.58999999999999997      -0.43500000000000000        0.0000000000000000                      +Infinity
  0.58999999999999997      -0.42499999999999999        0.0000000000000000                      +Infinity
  0.58999999999999997      -0.41499999999999998        0.0000000000000000                      +Infinity
  0.58999999999999997      -0.40500000000000003        0.0000000000000000                      +Infinity
  0.58999999999999997      -0.39500000000000002        0.0000000000000000                      +Infinity
  0.58999999999999997      -0.38500000000000001        0.0000000000000000                      +Infinity
  0.58999999999999997      -0.37500000000000000        0.0000000000000000                      +Infinity
  0.58999999999999997      -0.36499999999999999        0.0000000000000000                      +Infinity
  0.58999999999999997      -0.35499999999999998        0.0000000000000000                      +Infinity
  0.58999999999999997      -0.34499999999999997        0.0000000000000000                      +Infinity
  0.58999999999999997      -0.33500000000000002        0.0000000000000000                      +Infinity
  0.58999999999999997      -0.32500000000000001        0.0000000000000000                      +Infinity
  0.58999999999999997      -0.31500000000000000        0.0000000000000000                      +Infinity
  0.58999999999999997      -0.30499999999999999        0.0000000000000000                      +Infinity
  0.58999999999999997      -0.29499999999999998        0.0000000000000000                      +Infinity
  0.58999999999999997      -0.28499999999999998        0.0000000000000000                      +Infinity
  0.58999999999999997      -0.27500000000000002        0.0000000000000000                      +Infinity
  0.58999999999999997      -0.26500000000000001        0.0000000000000000                      +Infinity
  0.58999999999999997      -0.25500000000000000        0.0000000000000000                      +Infinity
  0.58999999999999997      -0.24500000000000000        0.0000000000000000                      +Infinity
  0.58999999999999997      -0.23499999999999999        0.0000000000000000                      +Infinity
  0.58999999999999997      -0.22500000000000001        0.0000000000000000                      +Infinity
  0.58999999999999997      -0.21500000000000000        0.0000000000000000                      +Infinity
  0.58999999999999997      -0.20499999999999999        0.0000000000000000                      +Infinity
  0.58999999999999997      -0.19500000000000001        0.0000000000000000                      +Infinity
  0.58999999999999997      -0.18500000000000000        0.0000000000000000                      +Infinity
  0.58999999999999997      -0.17499999999999999        0.0000000000000000                      +Infinity
  0.58999999999999997      -0.16500000000000001        0.0000000000000000                      +Infinity
  0.58999999999999997      -0.15500000000000000        0.0000000000000000                      +Infinity
  0.58999999999999997      -0.14499999999999999        0.0000000000000000                      +Infinity
  0.58999999999999997      -0.13500000000000001        0.0000000000000000                      +Infinity
  0.58999999999999997      -0.12500000000000000        0.0000000000000000                      +Infinity
  0.58999999999999997      -0.11500000000000000        0.0000000000000000                      +Infinity
  0.58999999999999997      -0.10500000000000000        0.0000000000000000                      +Infinity
  0.58999999999999997      -9.50000000000000011E-002   0.0000000000000000                      +Infinity
  0.58999999999999997      -8.50000000000000061E-002   0.0000000000000000                      +Infinity
  0.58999999999999997      -7.49999999999999972E-002   0.0000000000000000                      +Infinity
  0.58999999999999997      -6.50000000000000022E-002   0.0000000000000000                      +Infinity
  0.58999999999999997      -5.50000000000000003E-002   0.0000000000000000                      +Infinity
  0.58999999999999997      -4.49999999999999983E-002   0.0000000000000000                      +Infinity
  0.58999999999999997      -3.50000000000000033E-002   0.0000000000000000                      +Infinity
  0.58999999999999997      -2.50000000000000014E-002   0.0000000000000000                      +Infinity
  0.58999999999999997      -1.49999999999999994E-002   0.0000000000000000                      +Infinity
  0.58999999999999997      -5.00000000000000010E-003   0.0000000000000000                      +Infinity
  0.58999999999999997       5.00000000000000010E-003   0.0000000000000000                      +Infinity
  0.58999999999999997       1.49999999999999994E-002   0.0000000000000000                      +Infinity
  0.58999999999999997       2.50000000000000014E-002   0.0000000000000000                      +Infinity
  0.58999999999999997       3.50000000000000033E-002   0.0000000000000000                      +Infinity
  0.58999999999999997       4.49999999999999983E-002   0.0000000000000000                      +Infinity
  0.58999999999999997       5.50000000000000003E-002   0.0000000000000000                      +Infinity
  0.58999999999999997       6.50000000000000022E-002   0.0000000000000000                      +Infinity
  0.58999999999999997       7.49999999999999972E-002   0.0000000000000000                      +Infinity
  0.58999999999999997       8.50000000000000061E-002   0.0000000000000000                      +Infinity
  0.58999999999999997       9.50000000000000011E-002   0.0000000000000000                      +Infinity
  0.58999999999999997       0.10500000000000000        0.0000000000000000                      +Infinity
  0.58999999999999997       0.11500000000000000        0.0000000000000000                      +Infinity
  0.58999999999999997       0.12500000000000000        0.0000000000000000                      +Infinity
  0.58999999999999997       0.13500000000000001        0.0000000000000000                      +Infinity
  0.58999999999999997       0.14499999999999999        0.0000000000000000                      +Infinity
  0.58999999999999997       0.15500000000000000        0.0000000000000000                      +Infinity
  0.58999999999999997       0.16500000000000001        0.0000000000000000                      +Infinity
  0.58999999999999997       0.17499999999999999        0.0000000000000000                      +Infinity
  0.58999999999999997       0.18500000000000000        0.0000000000000000                      +Infinity
  0.58999999999999997       0.19500000000000001        0.0000000000000000                      +Infinity
  0.58999999999999997       0.20499999999999999        0.0000000000000000                      +Infinity
  0.58999999999999997       0.21500000000000000        0.0000000000000000                      +Infinity
  0.58999999999999997       0.22500000000000001        0.0000000000000000                      +Infinity
  0.58999999999999997       0.23499999999999999        0.0000000000000000                      +Infinity
  0.58999999999999997       0.24500000000000000        0.0000000000000000                      +Infinity
  0.58999999999999997       0.25500000000000000        0.0000000000000000                      +Infinity
  0.58999999999999997       0.26500000000000001        0.0000000000000000                      +Infinity
  0.58999999999999997       0.27500000000000002        0.0000000000000000                      +Infinity
  0.58999999999999997       0.28499999999999998        0.0000000000000000                      +Infinity
  0.58999999999999997       0.29499999999999998        0.0000000000000000                      +Infinity
  0.58999999999999997       0.30499999999999999        0.0000000000000000                      +Infinity
  0.58999999999999997       0.31500000000000000        0.0000000000000000                      +Infinity
  0.58999999999999997       0.32500000000000001        0.0000000000000000                      +Infinity
  0.58999999999999997       0.33500000000000002        0.0000000000000000                      +Infinity
  0.58999999999999997       0.34499999999999997        0.0000000000000000                      +Infinity
  0.58999999999999997       0.35499999999999998        0.0000000000000000                      +Infinity
  0.58999999999999997       0.36499999999999999        0.0000000000000000                      +Infinity
  0.58999999999999997       0.37500000000000000        0.0000000000000000                      +Infinity
  0.58999999999999997       0.38500000000000001        0.0000000000000000                      +Infinity
  0.58999999999999997       0.39500000000000002        0.0000000000000000                      +Infinity
  0.58999999999999997       0.40500000000000003        0.0000000000000000                      +Infinity
  0.58999999999999997       0.41499999999999998        0.0000000000000000                      +Infinity
  0.58999999999999997       0.42499999999999999        0.0000000000000000                      +Infinity
  0.58999999999999997       0.43500000000000000        0.0000000000000000                      +Infinity
  0.58999999999999997       0.44500000000000001        0.0000000000000000                      +Infinity
  0.58999999999999997       0.45500000000000002        0.0000000000000000                      +Infinity
  0.58999999999999997       0.46500000000000002        0.0000000000000000                      +Infinity
  0.58999999999999997       0.47499999999999998        0.0000000000000000                      +Infinity
  0.58999999999999997       0.48499999999999999        0.0000000000000000                      +Infinity
  0.58999999999999997       0.49500000000000000        0.0000000000000000                      +Infinity
  0.58999999999999997       0.50500000000000000        0.0000000000000000                      +Infinity
  0.58999999999999997       0.51500000000000001        0.0000000000000000                      +Infinity
  0.58999999999999997       0.52500000000000002        0.0000000000000000                      +Infinity
  0.58999999999999997       0.53500000000000003        0.0000000000000000                      +Infinity
  0.58999999999999997       0.54500000000000004        0.0000000000000000                      +Infinity
  0.58999999999999997       0.55500000000000005        0.0000000000000000                      +Infinity
  0.58999999999999997       0.56499999999999995        0.0000000000000000                      +Infinity
  0.58999999999999997       0.57499999999999996        0.0000000000000000                      +Infinity
  0.58999999999999997       0.58499999999999996       9.99999999999999955E-008   16.118095650958320
  0.58999999999999997       0.59499999999999997       9.99999999999999955E-008   16.118095650958320
  0.58999999999999997       0.60499999999999998        0.0000000000000000                      +Infinity
  0.58999999999999997       0.61499999999999999        0.0000000000000000                      +Infinity
  0.58999999999999997       0.62500000000000000       1.99999999999999991E-007   15.424948470398375
  0.58999999999999997       0.63500000000000001        0.0000000000000000                      +Infinity
  0.58999999999999997       0.64500000000000002       2.99999999999999986E-007   15.019483362290210
  0.58999999999999997       0.65500000000000003        0.0000000000000000                      +Infinity
  0.58999999999999997       0.66500000000000004       9.99999999999999955E-008   16.118095650958320
  0.58999999999999997       0.67500000000000004       1.99999999999999991E-007   15.424948470398375
  0.58999999999999997       0.68500000000000005       9.99999999999999955E-008   16.118095650958320
  0.58999999999999997       0.69499999999999995       2.99999999999999986E-007   15.019483362290210
  0.58999999999999997       0.70499999999999996       9.99999999999999955E-008   16.118095650958320
  0.58999999999999997       0.71499999999999997       2.99999999999999986E-007   15.019483362290210
  0.58999999999999997       0.72499999999999998       2.99999999999999986E-007   15.019483362290210
  0.58999999999999997       0.73499999999999999       3.99999999999999982E-007   14.731801289838430
  0.58999999999999997       0.74500000000000000       5.99999999999999973E-007   14.326336181730264
  0.58999999999999997       0.75500000000000000       7.99999999999999964E-007   14.038654109278484
  0.58999999999999997       0.76500000000000001       1.90000000000000002E-006   13.173656671791880
  0.58999999999999997       0.77500000000000002       1.79999999999999992E-006   13.227723893062155
  0.58999999999999997       0.78500000000000003       2.90000000000000019E-006   12.750799820971846
  0.58999999999999997       0.79500000000000004       3.89999999999999993E-006   12.454534004828673
  0.58999999999999997       0.80500000000000005       7.09999999999999978E-006   11.855415773917004
  0.58999999999999997       0.81499999999999995       1.23000000000000008E-005   11.305911295585902
  0.58999999999999997       0.82499999999999996       1.84000000000000000E-005   10.903159893349335
  0.58999999999999997       0.83499999999999996       2.83999999999999991E-005   10.469121412797113
  0.58999999999999997       0.84499999999999997       4.64999999999999986E-005   9.9760582453709628
  0.58999999999999997       0.85499999999999998       8.70000000000000005E-005   9.3496024393096899
  0.58999999999999997       0.86499999999999999       1.52200000000000013E-004   8.7903151125366890
  0.58999999999999997       0.87500000000000000       2.76399999999999996E-004   8.1936614660707594
  0.58999999999999997       0.88500000000000001       5.47599999999999975E-004   7.5099654645499800
  0.58999999999999997       0.89500000000000002       1.07080000000000001E-003   6.8393492463180765
  0.58999999999999997       0.90500000000000003       2.21199999999999999E-003   6.1138581953220488
  0.58999999999999997       0.91500000000000004       4.72000000000000024E-003   5.3559464793846727
  0.58999999999999997       0.92500000000000004       1.03178999999999996E-002   4.5738750280073814
  0.58999999999999997       0.93500000000000005       2.24883999999999987E-002   3.7947556582717792
  0.58999999999999997       0.94499999999999995       4.83854000000000020E-002   3.0285571636584985
  0.58999999999999997       0.95499999999999996       9.71709999999999935E-002   2.3312829659415910
  0.58999999999999997       0.96499999999999997       0.17404950000000000        1.7484155374665344
  0.58999999999999997       0.97499999999999998       0.25126330000000002        1.3812538856864931
  0.58999999999999997       0.98499999999999999       0.25033509999999998        1.3849548586540237
  0.58999999999999997       0.99500000000000000       0.12493790000000000        2.0799384651258430
