  0.54000000000000004      -0.99500000000000000        0.0000000000000000                      +Infinity
  0.54000000000000004      -0.98499999999999999        0.0000000000000000                      +Infinity
  0.54000000000000004      -0.97499999999999998        0.0000000000000000                      +Infinity
  0.54000000000000004      -0.96499999999999997        0.0000000000000000                      +Infinity
  0.54000000000000004      -0.95499999999999996        0.0000000000000000                      +Infinity
  0.54000000000000004      -0.94499999999999995        0.0000000000000000                      +Infinity
  0.54000000000000004      -0.93500000000000005        0.0000000000000000                      +Infinity
  0.54000000000000004      -0.92500000000000004        0.0000000000000000                      +Infinity
  0.54000000000000004      -0.91500000000000004        0.0000000000000000                      +Infinity
  0.54000000000000004      -0.90500000000000003        0.0000000000000000                      +Infinity
  0.54000000000000004      -0.89500000000000002        0.0000000000000000                      +Infinity
  0.54000000000000004      -0.88500000000000001        0.0000000000000000                      +Infinity
  0.54000000000000004      -0.87500000000000000        0.0000000000000000                      +Infinity
  0.54000000000000004      -0.86499999999999999        0.0000000000000000                      +Infinity
  0.54000000000000004      -0.85499999999999998        0.0000000000000000                      +Infinity
  0.54000000000000004      -0.84499999999999997        0.0000000000000000                      +Infinity
  0.54000000000000004      -0.83499999999999996        0.0000000000000000                      +Infinity
  0.54000000000000004      -0.82499999999999996        0.0000000000000000                      +Infinity
  0.54000000000000004      -0.81499999999999995        0.0000000000000000                      +Infinity
  0.54000000000000004      -0.80500000000000005        0.0000000000000000                      +Infinity
  0.54000000000000004      -0.79500000000000004        0.0000000000000000                      +Infinity
  0.54000000000000004      -0.78500000000000003        0.0000000000000000                      +Infinity
  0.54000000000000004      -0.77500000000000002        0.0000000000000000                      +Infinity
  0.54000000000000004      -0.76500000000000001        0.0000000000000000                      +Infinity
  0.54000000000000004      -0.75500000000000000        0.0000000000000000                      +Infinity
  0.54000000000000004      -0.74500000000000000        0.0000000000000000                      +Infinity
  0.54000000000000004      -0.73499999999999999        0.0000000000000000                      +Infinity
  0.54000000000000004      -0.72499999999999998        0.0000000000000000                      +Infinity
  0.54000000000000004      -0.71499999999999997        0.0000000000000000                      +Infinity
  0.54000000000000004      -0.70499999999999996        0.0000000000000000                      +Infinity
  0.54000000000000004      -0.69499999999999995        0.0000000000000000                      +Infinity
  0.54000000000000004      -0.68500000000000005        0.0000000000000000                      +Infinity
  0.54000000000000004      -0.67500000000000004        0.0000000000000000                      +Infinity
  0.54000000000000004      -0.66500000000000004        0.0000000000000000                      +Infinity
  0.54000000000000004      -0.65500000000000003        0.0000000000000000                      +Infinity
  0.54000000000000004      -0.64500000000000002        0.0000000000000000                      +Infinity
  0.54000000000000004      -0.63500000000000001        0.0000000000000000                      +Infinity
  0.54000000000000004      -0.62500000000000000        0.0000000000000000                      +Infinity
  0.54000000000000004      -0.61499999999999999        0.0000000000000000                      +Infinity
  0.54000000000000004      -0.60499999999999998        0.0000000000000000                      +Infinity
  0.54000000000000004      -0.59499999999999997        0.0000000000000000                      +Infinity
  0.54000000000000004      -0.58499999999999996        0.0000000000000000                      +Infinity
  0.54000000000000004      -0.57499999999999996        0.0000000000000000                      +Infinity
  0.54000000000000004      -0.56499999999999995        0.0000000000000000                      +Infinity
  0.54000000000000004      -0.55500000000000005        0.0000000000000000                      +Infinity
  0.54000000000000004      -0.54500000000000004        0.0000000000000000                      +Infinity
  0.54000000000000004      -0.53500000000000003        0.0000000000000000                      +Infinity
  0.54000000000000004      -0.52500000000000002        0.0000000000000000                      +Infinity
  0.54000000000000004      -0.51500000000000001        0.0000000000000000                      +Infinity
  0.54000000000000004      -0.50500000000000000        0.0000000000000000                      +Infinity
  0.54000000000000004      -0.49500000000000000        0.0000000000000000                      +Infinity
  0.54000000000000004      -0.48499999999999999        0.0000000000000000                      +Infinity
  0.54000000000000004      -0.47499999999999998        0.0000000000000000                      +Infinity
  0.54000000000000004      -0.46500000000000002        0.0000000000000000                      +Infinity
  0.54000000000000004      -0.45500000000000002        0.0000000000000000                      +Infinity
  0.54000000000000004      -0.44500000000000001        0.0000000000000000                      +Infinity
  0.54000000000000004      -0.43500000000000000        0.0000000000000000                      +Infinity
  0.54000000000000004      -0.42499999999999999        0.0000000000000000                      +Infinity
  0.54000000000000004      -0.41499999999999998        0.0000000000000000                      +Infinity
  0.54000000000000004      -0.40500000000000003        0.0000000000000000                      +Infinity
  0.54000000000000004      -0.39500000000000002        0.0000000000000000                      +Infinity
  0.54000000000000004      -0.38500000000000001        0.0000000000000000                      +Infinity
  0.54000000000000004      -0.37500000000000000        0.0000000000000000                      +Infinity
  0.54000000000000004      -0.36499999999999999        0.0000000000000000                      +Infinity
  0.54000000000000004      -0.35499999999999998        0.0000000000000000                      +Infinity
  0.54000000000000004      -0.34499999999999997        0.0000000000000000                      +Infinity
  0.54000000000000004      -0.33500000000000002        0.0000000000000000                      +Infinity
  0.54000000000000004      -0.32500000000000001        0.0000000000000000                      +Infinity
  0.54000000000000004      -0.31500000000000000        0.0000000000000000                      +Infinity
  0.54000000000000004      -0.30499999999999999        0.0000000000000000                      +Infinity
  0.54000000000000004      -0.29499999999999998        0.0000000000000000                      +Infinity
  0.54000000000000004      -0.28499999999999998        0.0000000000000000                      +Infinity
  0.54000000000000004      -0.27500000000000002        0.0000000000000000                      +Infinity
  0.54000000000000004      -0.26500000000000001        0.0000000000000000                      +Infinity
  0.54000000000000004      -0.25500000000000000        0.0000000000000000                      +Infinity
  0.54000000000000004      -0.24500000000000000        0.0000000000000000                      +Infinity
  0.54000000000000004      -0.23499999999999999        0.0000000000000000                      +Infinity
  0.54000000000000004      -0.22500000000000001        0.0000000000000000                      +Infinity
  0.54000000000000004      -0.21500000000000000        0.0000000000000000                      +Infinity
  0.54000000000000004      -0.20499999999999999        0.0000000000000000                      +Infinity
  0.54000000000000004      -0.19500000000000001        0.0000000000000000                      +Infinity
  0.54000000000000004      -0.18500000000000000        0.0000000000000000                      +Infinity
  0.54000000000000004      -0.17499999999999999        0.0000000000000000                      +Infinity
  0.54000000000000004      -0.16500000000000001        0.0000000000000000                      +Infinity
  0.54000000000000004      -0.15500000000000000        0.0000000000000000                      +Infinity
  0.54000000000000004      -0.14499999999999999        0.0000000000000000                      +Infinity
  0.54000000000000004      -0.13500000000000001        0.0000000000000000                      +Infinity
  0.54000000000000004      -0.12500000000000000        0.0000000000000000                      +Infinity
  0.54000000000000004      -0.11500000000000000        0.0000000000000000                      +Infinity
  0.54000000000000004      -0.10500000000000000        0.0000000000000000                      +Infinity
  0.54000000000000004      -9.50000000000000011E-002   0.0000000000000000                      +Infinity
  0.54000000000000004      -8.50000000000000061E-002   0.0000000000000000                      +Infinity
  0.54000000000000004      -7.49999999999999972E-002   0.0000000000000000                      +Infinity
  0.54000000000000004      -6.50000000000000022E-002   0.0000000000000000                      +Infinity
  0.54000000000000004      -5.50000000000000003E-002   0.0000000000000000                      +Infinity
  0.54000000000000004      -4.49999999999999983E-002   0.0000000000000000                      +Infinity
  0.54000000000000004      -3.50000000000000033E-002   0.0000000000000000                      +Infinity
  0.54000000000000004      -2.50000000000000014E-002   0.0000000000000000                      +Infinity
  0.54000000000000004      -1.49999999999999994E-002   0.0000000000000000                      +Infinity
  0.54000000000000004      -5.00000000000000010E-003   0.0000000000000000                      +Infinity
  0.54000000000000004       5.00000000000000010E-003   0.0000000000000000                      +Infinity
  0.54000000000000004       1.49999999999999994E-002   0.0000000000000000                      +Infinity
  0.54000000000000004       2.50000000000000014E-002   0.0000000000000000                      +Infinity
  0.54000000000000004       3.50000000000000033E-002   0.0000000000000000                      +Infinity
  0.54000000000000004       4.49999999999999983E-002   0.0000000000000000                      +Infinity
  0.54000000000000004       5.50000000000000003E-002   0.0000000000000000                      +Infinity
  0.54000000000000004       6.50000000000000022E-002   0.0000000000000000                      +Infinity
  0.54000000000000004       7.49999999999999972E-002   0.0000000000000000                      +Infinity
  0.54000000000000004       8.50000000000000061E-002   0.0000000000000000                      +Infinity
  0.54000000000000004       9.50000000000000011E-002   0.0000000000000000                      +Infinity
  0.54000000000000004       0.10500000000000000        0.0000000000000000                      +Infinity
  0.54000000000000004       0.11500000000000000        0.0000000000000000                      +Infinity
  0.54000000000000004       0.12500000000000000        0.0000000000000000                      +Infinity
  0.54000000000000004       0.13500000000000001        0.0000000000000000                      +Infinity
  0.54000000000000004       0.14499999999999999        0.0000000000000000                      +Infinity
  0.54000000000000004       0.15500000000000000        0.0000000000000000                      +Infinity
  0.54000000000000004       0.16500000000000001        0.0000000000000000                      +Infinity
  0.54000000000000004       0.17499999999999999        0.0000000000000000                      +Infinity
  0.54000000000000004       0.18500000000000000        0.0000000000000000                      +Infinity
  0.54000000000000004       0.19500000000000001        0.0000000000000000                      +Infinity
  0.54000000000000004       0.20499999999999999        0.0000000000000000                      +Infinity
  0.54000000000000004       0.21500000000000000        0.0000000000000000                      +Infinity
  0.54000000000000004       0.22500000000000001        0.0000000000000000                      +Infinity
  0.54000000000000004       0.23499999999999999        0.0000000000000000                      +Infinity
  0.54000000000000004       0.24500000000000000        0.0000000000000000                      +Infinity
  0.54000000000000004       0.25500000000000000        0.0000000000000000                      +Infinity
  0.54000000000000004       0.26500000000000001        0.0000000000000000                      +Infinity
  0.54000000000000004       0.27500000000000002        0.0000000000000000                      +Infinity
  0.54000000000000004       0.28499999999999998        0.0000000000000000                      +Infinity
  0.54000000000000004       0.29499999999999998        0.0000000000000000                      +Infinity
  0.54000000000000004       0.30499999999999999        0.0000000000000000                      +Infinity
  0.54000000000000004       0.31500000000000000        0.0000000000000000                      +Infinity
  0.54000000000000004       0.32500000000000001        0.0000000000000000                      +Infinity
  0.54000000000000004       0.33500000000000002        0.0000000000000000                      +Infinity
  0.54000000000000004       0.34499999999999997       9.99999999999999955E-008   16.118095650958320
  0.54000000000000004       0.35499999999999998        0.0000000000000000                      +Infinity
  0.54000000000000004       0.36499999999999999        0.0000000000000000                      +Infinity
  0.54000000000000004       0.37500000000000000        0.0000000000000000                      +Infinity
  0.54000000000000004       0.38500000000000001        0.0000000000000000                      +Infinity
  0.54000000000000004       0.39500000000000002       9.99999999999999955E-008   16.118095650958320
  0.54000000000000004       0.40500000000000003       9.99999999999999955E-008   16.118095650958320
  0.54000000000000004       0.41499999999999998       1.99999999999999991E-007   15.424948470398375
  0.54000000000000004       0.42499999999999999       9.99999999999999955E-008   16.118095650958320
  0.54000000000000004       0.43500000000000000       1.99999999999999991E-007   15.424948470398375
  0.54000000000000004       0.44500000000000001       9.99999999999999955E-008   16.118095650958320
  0.54000000000000004       0.45500000000000002       9.99999999999999955E-008   16.118095650958320
  0.54000000000000004       0.46500000000000002        0.0000000000000000                      +Infinity
  0.54000000000000004       0.47499999999999998       1.99999999999999991E-007   15.424948470398375
  0.54000000000000004       0.48499999999999999        0.0000000000000000                      +Infinity
  0.54000000000000004       0.49500000000000000       9.99999999999999955E-008   16.118095650958320
  0.54000000000000004       0.50500000000000000       9.99999999999999955E-008   16.118095650958320
  0.54000000000000004       0.51500000000000001       2.99999999999999986E-007   15.019483362290210
  0.54000000000000004       0.52500000000000002       1.99999999999999991E-007   15.424948470398375
  0.54000000000000004       0.53500000000000003       4.99999999999999977E-007   14.508657738524219
  0.54000000000000004       0.54500000000000004       3.99999999999999982E-007   14.731801289838430
  0.54000000000000004       0.55500000000000005       5.99999999999999973E-007   14.326336181730264
  0.54000000000000004       0.56499999999999995       5.99999999999999973E-007   14.326336181730264
  0.54000000000000004       0.57499999999999996       5.99999999999999973E-007   14.326336181730264
  0.54000000000000004       0.58499999999999996       4.99999999999999977E-007   14.508657738524219
  0.54000000000000004       0.59499999999999997       1.39999999999999994E-006   13.479038321343062
  0.54000000000000004       0.60499999999999998       1.39999999999999994E-006   13.479038321343062
  0.54000000000000004       0.61499999999999999       2.20000000000000011E-006   13.027053197600004
  0.54000000000000004       0.62500000000000000       2.50000000000000020E-006   12.899219826090119
  0.54000000000000004       0.63500000000000001       2.09999999999999980E-006   13.073573213234896
  0.54000000000000004       0.64500000000000002       2.90000000000000019E-006   12.750799820971846
  0.54000000000000004       0.65500000000000003       5.00000000000000041E-006   12.206072645530174
  0.54000000000000004       0.66500000000000004       4.40000000000000022E-006   12.333906017040059
  0.54000000000000004       0.67500000000000004       6.99999999999999989E-006   11.869600408908960
  0.54000000000000004       0.68500000000000005       8.10000000000000037E-006   11.723646496285880
  0.54000000000000004       0.69499999999999995       1.18000000000000005E-005   11.347411026492654
  0.54000000000000004       0.70499999999999996       1.36999999999999993E-005   11.198114725130194
  0.54000000000000004       0.71499999999999997       1.98999999999999992E-005   10.824790826233828
  0.54000000000000004       0.72499999999999998       2.61999999999999999E-005   10.549751147197222
  0.54000000000000004       0.73499999999999999       3.61999999999999990E-005   10.226451439132548
  0.54000000000000004       0.74500000000000000       4.75000000000000026E-005   9.9547808469236791
  0.54000000000000004       0.75500000000000000       5.94000000000000005E-005   9.7312163315956752
  0.54000000000000004       0.76500000000000001       8.11999999999999951E-005   9.4185953107966416
  0.54000000000000004       0.77500000000000002       1.11399999999999997E-004   9.1023832304710908
  0.54000000000000004       0.78500000000000003       1.59700000000000006E-004   8.7422135027433079
  0.54000000000000004       0.79500000000000004       2.16400000000000002E-004   8.4383820109919476
  0.54000000000000004       0.80500000000000005       3.16199999999999988E-004   8.0591356331889017
  0.54000000000000004       0.81499999999999995       4.65000000000000027E-004   7.6734731523769177
  0.54000000000000004       0.82499999999999996       6.97899999999999996E-004   7.2674347319411678
  0.54000000000000004       0.83499999999999996       1.04889999999999996E-003   6.8600132829967162
  0.54000000000000004       0.84499999999999997       1.58289999999999993E-003   6.4484966712725811
  0.54000000000000004       0.85499999999999998       2.49700000000000009E-003   5.9926652676845009
  0.54000000000000004       0.86499999999999999       3.93229999999999968E-003   5.5385307825578414
  0.54000000000000004       0.87500000000000000       6.29030000000000040E-003   5.0687465146535695
  0.54000000000000004       0.88500000000000001       1.01980999999999999E-002   4.5855538505529667
  0.54000000000000004       0.89500000000000002       1.65697999999999991E-002   4.1001735176225438
  0.54000000000000004       0.90500000000000003       2.69221000000000009E-002   3.6148077683328426
  0.54000000000000004       0.91500000000000004       4.32195000000000010E-002   3.1414634966885013
  0.54000000000000004       0.92500000000000004       6.74542999999999948E-002   2.6963049474337639
  0.54000000000000004       0.93500000000000005       0.10048720000000000        2.2977249227784653
  0.54000000000000004       0.94499999999999995       0.13907120000000001        1.9727692467807325
  0.54000000000000004       0.95499999999999996       0.17089679999999999        1.7666954134361297
  0.54000000000000004       0.96499999999999997       0.17644580000000001        1.7347415319211392
  0.54000000000000004       0.97499999999999998       0.13939450000000000        1.9704472362403875
  0.54000000000000004       0.98499999999999999       7.24984999999999935E-002   2.6241894069907143
  0.54000000000000004       0.99500000000000000       1.82821999999999985E-002   4.0018273700882174
