  0.32000000000000001      -0.99500000000000000        0.0000000000000000                      +Infinity
  0.32000000000000001      -0.98499999999999999        0.0000000000000000                      +Infinity
  0.32000000000000001      -0.97499999999999998        0.0000000000000000                      +Infinity
  0.32000000000000001      -0.96499999999999997        0.0000000000000000                      +Infinity
  0.32000000000000001      -0.95499999999999996        0.0000000000000000                      +Infinity
  0.32000000000000001      -0.94499999999999995        0.0000000000000000                      +Infinity
  0.32000000000000001      -0.93500000000000005        0.0000000000000000                      +Infinity
  0.32000000000000001      -0.92500000000000004        0.0000000000000000                      +Infinity
  0.32000000000000001      -0.91500000000000004        0.0000000000000000                      +Infinity
  0.32000000000000001      -0.90500000000000003        0.0000000000000000                      +Infinity
  0.32000000000000001      -0.89500000000000002        0.0000000000000000                      +Infinity
  0.32000000000000001      -0.88500000000000001        0.0000000000000000                      +Infinity
  0.32000000000000001      -0.87500000000000000        0.0000000000000000                      +Infinity
  0.32000000000000001      -0.86499999999999999        0.0000000000000000                      +Infinity
  0.32000000000000001      -0.85499999999999998        0.0000000000000000                      +Infinity
  0.32000000000000001      -0.84499999999999997        0.0000000000000000                      +Infinity
  0.32000000000000001      -0.83499999999999996        0.0000000000000000                      +Infinity
  0.32000000000000001      -0.82499999999999996        0.0000000000000000                      +Infinity
  0.32000000000000001      -0.81499999999999995        0.0000000000000000                      +Infinity
  0.32000000000000001      -0.80500000000000005        0.0000000000000000                      +Infinity
  0.32000000000000001      -0.79500000000000004        0.0000000000000000                      +Infinity
  0.32000000000000001      -0.78500000000000003        0.0000000000000000                      +Infinity
  0.32000000000000001      -0.77500000000000002        0.0000000000000000                      +Infinity
  0.32000000000000001      -0.76500000000000001        0.0000000000000000                      +Infinity
  0.32000000000000001      -0.75500000000000000        0.0000000000000000                      +Infinity
  0.32000000000000001      -0.74500000000000000        0.0000000000000000                      +Infinity
  0.32000000000000001      -0.73499999999999999        0.0000000000000000                      +Infinity
  0.32000000000000001      -0.72499999999999998        0.0000000000000000                      +Infinity
  0.32000000000000001      -0.71499999999999997       9.99999999999999955E-008   16.118095650958320
  0.32000000000000001      -0.70499999999999996        0.0000000000000000                      +Infinity
  0.32000000000000001      -0.69499999999999995        0.0000000000000000                      +Infinity
  0.32000000000000001      -0.68500000000000005       1.99999999999999991E-007   15.424948470398375
  0.32000000000000001      -0.67500000000000004        0.0000000000000000                      +Infinity
  0.32000000000000001      -0.66500000000000004       1.99999999999999991E-007   15.424948470398375
  0.32000000000000001      -0.65500000000000003       2.99999999999999986E-007   15.019483362290210
  0.32000000000000001      -0.64500000000000002       5.99999999999999973E-007   14.326336181730264
  0.32000000000000001      -0.63500000000000001       8.99999999999999959E-007   13.920871073622100
  0.32000000000000001      -0.62500000000000000       6.99999999999999968E-007   14.172185501903007
  0.32000000000000001      -0.61499999999999999       2.30000000000000000E-006   12.982601435029171
  0.32000000000000001      -0.60499999999999998       3.70000000000000015E-006   12.507177738314095
  0.32000000000000001      -0.59499999999999997       4.09999999999999971E-006   12.404523584254012
  0.32000000000000001      -0.58499999999999996       6.80000000000000012E-006   11.898587945782213
  0.32000000000000001      -0.57499999999999996       9.00000000000000023E-006   11.618285980628055
  0.32000000000000001      -0.56499999999999995       1.23000000000000008E-005   11.305911295585902
  0.32000000000000001      -0.55500000000000005       1.77999999999999990E-005   10.936312100666235
  0.32000000000000001      -0.54500000000000004       2.30999999999999991E-005   10.675677940436525
  0.32000000000000001      -0.53500000000000003       3.27999999999999977E-005   10.325082042574175
  0.32000000000000001      -0.52500000000000002       4.27999999999999968E-005   10.058972455376523
  0.32000000000000001      -0.51500000000000001       6.19000000000000003E-005   9.6899903782737233
  0.32000000000000001      -0.50500000000000000       6.94999999999999953E-005   9.5741838053935275
  0.32000000000000001      -0.49500000000000000       9.77000000000000031E-005   9.2336089989155372
  0.32000000000000001      -0.48499999999999999       1.25699999999999993E-004   8.9816124423680730
  0.32000000000000001      -0.47499999999999998       1.52499999999999993E-004   8.7883459619168072
  0.32000000000000001      -0.46500000000000002       2.10599999999999996E-004   8.4655499582643987
  0.32000000000000001      -0.45500000000000002       2.58199999999999988E-004   8.2617760795517317
  0.32000000000000001      -0.44500000000000001       3.24899999999999983E-004   8.0319931152892199
  0.32000000000000001      -0.43500000000000000       3.99300000000000002E-004   7.8257975438950984
  0.32000000000000001      -0.42499999999999999       4.84600000000000016E-004   7.6321867495818490
  0.32000000000000001      -0.41499999999999998       6.07800000000000029E-004   7.4056646774815817
  0.32000000000000001      -0.40500000000000003       7.28400000000000033E-004   7.2246602101108213
  0.32000000000000001      -0.39500000000000002       8.80600000000000046E-004   7.0349070646426206
  0.32000000000000001      -0.38500000000000001       1.04879999999999991E-003   6.8601086255147843
  0.32000000000000001      -0.37500000000000000       1.26300000000000002E-003   6.6742654356137834
  0.32000000000000001      -0.36499999999999999       1.47569999999999993E-003   6.5186228254948704
  0.32000000000000001      -0.35499999999999998       1.76150000000000004E-003   6.3415895601829817
  0.32000000000000001      -0.34499999999999997       2.04859999999999981E-003   6.1905986459618401
  0.32000000000000001      -0.33500000000000002       2.35149999999999986E-003   6.0527018565791719
  0.32000000000000001      -0.32500000000000001       2.75150000000000004E-003   5.8956090614644605
  0.32000000000000001      -0.31500000000000000       3.16629999999999993E-003   5.7551915652215548
  0.32000000000000001      -0.30499999999999999       3.60139999999999983E-003   5.6264326202288695
  0.32000000000000001      -0.29499999999999998       4.09930000000000017E-003   5.4969390515555094
  0.32000000000000001      -0.28499999999999998       4.69300000000000012E-003   5.3616832421698568
  0.32000000000000001      -0.27500000000000002       5.29389999999999982E-003   5.2412000646642838
  0.32000000000000001      -0.26500000000000001       5.90650000000000029E-003   5.1317018395756993
  0.32000000000000001      -0.25500000000000000       6.68090000000000003E-003   5.0085025699700045
  0.32000000000000001      -0.24500000000000000       7.32960000000000035E-003   4.9158343348317963
  0.32000000000000001      -0.23499999999999999       8.16569999999999969E-003   4.8078128244524718
  0.32000000000000001      -0.22500000000000001       8.99589999999999938E-003   4.7109863609984304
  0.32000000000000001      -0.21500000000000000       9.84220000000000060E-003   4.6210760156718678
  0.32000000000000001      -0.20499999999999999       1.07211000000000008E-002   4.5355415166634279
  0.32000000000000001      -0.19500000000000001       1.16877000000000005E-002   4.4492182722142797
  0.32000000000000001      -0.18500000000000000       1.26035000000000001E-002   4.3737807258200307
  0.32000000000000001      -0.17499999999999999       1.35922000000000005E-002   4.2982591801828001
  0.32000000000000001      -0.16500000000000001       1.46218000000000008E-002   4.2252417132239808
  0.32000000000000001      -0.15500000000000000       1.55841000000000000E-002   4.1615041152647629
  0.32000000000000001      -0.14499999999999999       1.65053999999999999E-002   4.1040676788903667
  0.32000000000000001      -0.13500000000000001       1.74886999999999994E-002   4.0462003209016384
  0.32000000000000001      -0.12500000000000000       1.83816000000000014E-002   3.9964051147007806
  0.32000000000000001      -0.11500000000000000       1.93801000000000008E-002   3.9435085125741089
  0.32000000000000001      -0.10500000000000000       2.03052999999999984E-002   3.8968733432669826
  0.32000000000000001      -9.50000000000000011E-002  2.11283999999999986E-002   3.8571371719438754
  0.32000000000000001      -8.50000000000000061E-002  2.19440000000000017E-002   3.8192615253468349
  0.32000000000000001      -7.49999999999999972E-002  2.26681999999999995E-002   3.7867922177032756
  0.32000000000000001      -6.50000000000000022E-002  2.33409000000000012E-002   3.7575480924558495
  0.32000000000000001      -5.50000000000000003E-002  2.38912000000000013E-002   3.7342450886840641
  0.32000000000000001      -4.49999999999999983E-002  2.44394999999999994E-002   3.7115546031531550
  0.32000000000000001      -3.50000000000000033E-002  2.47619999999999993E-002   3.6984450589836375
  0.32000000000000001      -2.50000000000000014E-002  2.51482999999999984E-002   3.6829649791543950
  0.32000000000000001      -1.49999999999999994E-002  2.53571000000000005E-002   3.6746965092642534
  0.32000000000000001      -5.00000000000000010E-003  2.54327999999999985E-002   3.6717155994355384
  0.32000000000000001       5.00000000000000010E-003  2.54137000000000009E-002   3.6724668802866636
  0.32000000000000001       1.49999999999999994E-002  2.54076999999999983E-002   3.6727030012919046
  0.32000000000000001       2.50000000000000014E-002  2.52521999999999990E-002   3.6788419983433829
  0.32000000000000001       3.50000000000000033E-002  2.50413999999999984E-002   3.6872248237700447
  0.32000000000000001       4.49999999999999983E-002  2.45370999999999992E-002   3.7075690210916452
  0.32000000000000001       5.50000000000000003E-002  2.41035999999999993E-002   3.7253940720478886
  0.32000000000000001       6.50000000000000022E-002  2.35214000000000013E-002   3.7498446339136589
  0.32000000000000001       7.49999999999999972E-002  2.30378000000000006E-002   3.7706189338246467
  0.32000000000000001       8.50000000000000061E-002  2.22597999999999997E-002   3.8049729179010670
  0.32000000000000001       9.50000000000000011E-002  2.14722000000000003E-002   3.8409962037802092
  0.32000000000000001       0.10500000000000000       2.07116999999999996E-002   3.8770565209946946
  0.32000000000000001       0.11500000000000000       1.98394999999999995E-002   3.9200803790558796
  0.32000000000000001       0.12500000000000000       1.88081000000000012E-002   3.9734676508720721
  0.32000000000000001       0.13500000000000001       1.79215999999999993E-002   4.0217485897067995
  0.32000000000000001       0.14499999999999999       1.70739999999999989E-002   4.0701984403940221
  0.32000000000000001       0.15500000000000000       1.60568999999999990E-002   4.1316166152473972
  0.32000000000000001       0.16500000000000001       1.50609999999999997E-002   4.1956466577524258
  0.32000000000000001       0.17499999999999999       1.40354000000000000E-002   4.2661725693962875
  0.32000000000000001       0.18500000000000000       1.30951999999999995E-002   4.3355095281341294
  0.32000000000000001       0.19500000000000001       1.21195000000000001E-002   4.4129395533173561
  0.32000000000000001       0.20499999999999999       1.12326000000000006E-002   4.4889350143219966
  0.32000000000000001       0.21500000000000000       1.02562000000000000E-002   4.5798728782139291
  0.32000000000000001       0.22500000000000001       9.37260000000000003E-003   4.6699647398992559
  0.32000000000000001       0.23499999999999999       8.53510000000000033E-003   4.7635682063427414
  0.32000000000000001       0.24500000000000000       7.74259999999999966E-003   4.8610177304754281
  0.32000000000000001       0.25500000000000000       6.95739999999999987E-003   4.9679494376463200
  0.32000000000000001       0.26500000000000001       6.22539999999999986E-003   5.0791175816676475
  0.32000000000000001       0.27500000000000002       5.60700000000000000E-003   5.1837394618406014
  0.32000000000000001       0.28499999999999998       4.96730000000000001E-003   5.3048788460498830
  0.32000000000000001       0.29499999999999998       4.39189999999999980E-003   5.4279933437044274
  0.32000000000000001       0.30499999999999999       3.87360000000000005E-003   5.5535709717804798
  0.32000000000000001       0.31500000000000000       3.38689999999999998E-003   5.6878402302354489
  0.32000000000000001       0.32500000000000001       2.94239999999999996E-003   5.8285297041142172
  0.32000000000000001       0.33500000000000002       2.54659999999999999E-003   5.9729961428249387
  0.32000000000000001       0.34499999999999997       2.19140000000000003E-003   6.1232146699929810
  0.32000000000000001       0.35499999999999998       1.88719999999999990E-003   6.2726610298708092
  0.32000000000000001       0.36499999999999999       1.60669999999999997E-003   6.4335728929149845
  0.32000000000000001       0.37500000000000000       1.36499999999999989E-003   6.5966008503452143
  0.32000000000000001       0.38500000000000001       1.15409999999999992E-003   6.7644344595379149
  0.32000000000000001       0.39500000000000002       9.52700000000000010E-004   6.9562104992515401
  0.32000000000000001       0.40500000000000003       7.86099999999999972E-004   7.1484265471645632
  0.32000000000000001       0.41499999999999998       6.50799999999999990E-004   7.3373081826193918
  0.32000000000000001       0.42499999999999999       5.27400000000000026E-004   7.5475512840450873
  0.32000000000000001       0.43500000000000000       4.40799999999999981E-004   7.7269193001255694
  0.32000000000000001       0.44500000000000001       3.55100000000000012E-004   7.9431111180152323
  0.32000000000000001       0.45500000000000002       2.73299999999999975E-004   8.2049404650302513
  0.32000000000000001       0.46500000000000002       2.23500000000000012E-004   8.4060991439106498
  0.32000000000000001       0.47499999999999998       1.75899999999999993E-004   8.6455949062207615
  0.32000000000000001       0.48499999999999999       1.47999999999999992E-004   8.8182982842001589
  0.32000000000000001       0.49500000000000000       1.08200000000000001E-004   9.1315291915518930
  0.32000000000000001       0.50500000000000000       8.27999999999999933E-005   9.3990824965730599
  0.32000000000000001       0.51500000000000001       6.55000000000000065E-005   9.6334604153230678
  0.32000000000000001       0.52500000000000002       4.89000000000000028E-005   9.9257331614834481
  0.32000000000000001       0.53500000000000003       3.63999999999999971E-005   10.220941783321580
  0.32000000000000001       0.54500000000000004       2.52999999999999983E-005   10.584706162230800
  0.32000000000000001       0.55500000000000005       1.94999999999999996E-005   10.845096092394574
  0.32000000000000001       0.56499999999999995       1.50999999999999994E-005   11.100815814143395
  0.32000000000000001       0.57499999999999996       9.70000000000000030E-006   11.543384672454938
  0.32000000000000001       0.58499999999999996       7.70000000000000082E-006   11.774290229104636
  0.32000000000000001       0.59499999999999997       4.50000000000000011E-006   12.311433161188001
  0.32000000000000001       0.60499999999999998       3.99999999999999982E-006   12.429216196844383
  0.32000000000000001       0.61499999999999999       3.80000000000000004E-006   12.480509491231935
  0.32000000000000001       0.62500000000000000       2.09999999999999980E-006   13.073573213234896
  0.32000000000000001       0.63500000000000001       7.99999999999999964E-007   14.038654109278484
  0.32000000000000001       0.64500000000000002       8.99999999999999959E-007   13.920871073622100
  0.32000000000000001       0.65500000000000003       4.99999999999999977E-007   14.508657738524219
  0.32000000000000001       0.66500000000000004        0.0000000000000000                      +Infinity
  0.32000000000000001       0.67500000000000004       1.99999999999999991E-007   15.424948470398375
  0.32000000000000001       0.68500000000000005        0.0000000000000000                      +Infinity
  0.32000000000000001       0.69499999999999995        0.0000000000000000                      +Infinity
  0.32000000000000001       0.70499999999999996        0.0000000000000000                      +Infinity
  0.32000000000000001       0.71499999999999997       9.99999999999999955E-008   16.118095650958320
  0.32000000000000001       0.72499999999999998        0.0000000000000000                      +Infinity
  0.32000000000000001       0.73499999999999999        0.0000000000000000                      +Infinity
  0.32000000000000001       0.74500000000000000        0.0000000000000000                      +Infinity
  0.32000000000000001       0.75500000000000000        0.0000000000000000                      +Infinity
  0.32000000000000001       0.76500000000000001        0.0000000000000000                      +Infinity
  0.32000000000000001       0.77500000000000002        0.0000000000000000                      +Infinity
  0.32000000000000001       0.78500000000000003        0.0000000000000000                      +Infinity
  0.32000000000000001       0.79500000000000004        0.0000000000000000                      +Infinity
  0.32000000000000001       0.80500000000000005        0.0000000000000000                      +Infinity
  0.32000000000000001       0.81499999999999995        0.0000000000000000                      +Infinity
  0.32000000000000001       0.82499999999999996        0.0000000000000000                      +Infinity
  0.32000000000000001       0.83499999999999996        0.0000000000000000                      +Infinity
  0.32000000000000001       0.84499999999999997        0.0000000000000000                      +Infinity
  0.32000000000000001       0.85499999999999998        0.0000000000000000                      +Infinity
  0.32000000000000001       0.86499999999999999        0.0000000000000000                      +Infinity
  0.32000000000000001       0.87500000000000000        0.0000000000000000                      +Infinity
  0.32000000000000001       0.88500000000000001        0.0000000000000000                      +Infinity
  0.32000000000000001       0.89500000000000002        0.0000000000000000                      +Infinity
  0.32000000000000001       0.90500000000000003        0.0000000000000000                      +Infinity
  0.32000000000000001       0.91500000000000004        0.0000000000000000                      +Infinity
  0.32000000000000001       0.92500000000000004        0.0000000000000000                      +Infinity
  0.32000000000000001       0.93500000000000005        0.0000000000000000                      +Infinity
  0.32000000000000001       0.94499999999999995        0.0000000000000000                      +Infinity
  0.32000000000000001       0.95499999999999996        0.0000000000000000                      +Infinity
  0.32000000000000001       0.96499999999999997        0.0000000000000000                      +Infinity
  0.32000000000000001       0.97499999999999998        0.0000000000000000                      +Infinity
  0.32000000000000001       0.98499999999999999        0.0000000000000000                      +Infinity
  0.32000000000000001       0.99500000000000000        0.0000000000000000                      +Infinity
