  0.57999999999999996      -0.99500000000000000        0.0000000000000000                      +Infinity
  0.57999999999999996      -0.98499999999999999        0.0000000000000000                      +Infinity
  0.57999999999999996      -0.97499999999999998        0.0000000000000000                      +Infinity
  0.57999999999999996      -0.96499999999999997        0.0000000000000000                      +Infinity
  0.57999999999999996      -0.95499999999999996        0.0000000000000000                      +Infinity
  0.57999999999999996      -0.94499999999999995        0.0000000000000000                      +Infinity
  0.57999999999999996      -0.93500000000000005        0.0000000000000000                      +Infinity
  0.57999999999999996      -0.92500000000000004        0.0000000000000000                      +Infinity
  0.57999999999999996      -0.91500000000000004        0.0000000000000000                      +Infinity
  0.57999999999999996      -0.90500000000000003        0.0000000000000000                      +Infinity
  0.57999999999999996      -0.89500000000000002        0.0000000000000000                      +Infinity
  0.57999999999999996      -0.88500000000000001        0.0000000000000000                      +Infinity
  0.57999999999999996      -0.87500000000000000        0.0000000000000000                      +Infinity
  0.57999999999999996      -0.86499999999999999        0.0000000000000000                      +Infinity
  0.57999999999999996      -0.85499999999999998        0.0000000000000000                      +Infinity
  0.57999999999999996      -0.84499999999999997        0.0000000000000000                      +Infinity
  0.57999999999999996      -0.83499999999999996        0.0000000000000000                      +Infinity
  0.57999999999999996      -0.82499999999999996        0.0000000000000000                      +Infinity
  0.57999999999999996      -0.81499999999999995        0.0000000000000000                      +Infinity
  0.57999999999999996      -0.80500000000000005        0.0000000000000000                      +Infinity
  0.57999999999999996      -0.79500000000000004        0.0000000000000000                      +Infinity
  0.57999999999999996      -0.78500000000000003        0.0000000000000000                      +Infinity
  0.57999999999999996      -0.77500000000000002        0.0000000000000000                      +Infinity
  0.57999999999999996      -0.76500000000000001        0.0000000000000000                      +Infinity
  0.57999999999999996      -0.75500000000000000        0.0000000000000000                      +Infinity
  0.57999999999999996      -0.74500000000000000        0.0000000000000000                      +Infinity
  0.57999999999999996      -0.73499999999999999        0.0000000000000000                      +Infinity
  0.57999999999999996      -0.72499999999999998        0.0000000000000000                      +Infinity
  0.57999999999999996      -0.71499999999999997        0.0000000000000000                      +Infinity
  0.57999999999999996      -0.70499999999999996        0.0000000000000000                      +Infinity
  0.57999999999999996      -0.69499999999999995        0.0000000000000000                      +Infinity
  0.57999999999999996      -0.68500000000000005        0.0000000000000000                      +Infinity
  0.57999999999999996      -0.67500000000000004        0.0000000000000000                      +Infinity
  0.57999999999999996      -0.66500000000000004        0.0000000000000000                      +Infinity
  0.57999999999999996      -0.65500000000000003        0.0000000000000000                      +Infinity
  0.57999999999999996      -0.64500000000000002        0.0000000000000000                      +Infinity
  0.57999999999999996      -0.63500000000000001        0.0000000000000000                      +Infinity
  0.57999999999999996      -0.62500000000000000        0.0000000000000000                      +Infinity
  0.57999999999999996      -0.61499999999999999        0.0000000000000000                      +Infinity
  0.57999999999999996      -0.60499999999999998        0.0000000000000000                      +Infinity
  0.57999999999999996      -0.59499999999999997        0.0000000000000000                      +Infinity
  0.57999999999999996      -0.58499999999999996        0.0000000000000000                      +Infinity
  0.57999999999999996      -0.57499999999999996        0.0000000000000000                      +Infinity
  0.57999999999999996      -0.56499999999999995        0.0000000000000000                      +Infinity
  0.57999999999999996      -0.55500000000000005        0.0000000000000000                      +Infinity
  0.57999999999999996      -0.54500000000000004        0.0000000000000000                      +Infinity
  0.57999999999999996      -0.53500000000000003        0.0000000000000000                      +Infinity
  0.57999999999999996      -0.52500000000000002        0.0000000000000000                      +Infinity
  0.57999999999999996      -0.51500000000000001        0.0000000000000000                      +Infinity
  0.57999999999999996      -0.50500000000000000        0.0000000000000000                      +Infinity
  0.57999999999999996      -0.49500000000000000        0.0000000000000000                      +Infinity
  0.57999999999999996      -0.48499999999999999        0.0000000000000000                      +Infinity
  0.57999999999999996      -0.47499999999999998        0.0000000000000000                      +Infinity
  0.57999999999999996      -0.46500000000000002        0.0000000000000000                      +Infinity
  0.57999999999999996      -0.45500000000000002        0.0000000000000000                      +Infinity
  0.57999999999999996      -0.44500000000000001        0.0000000000000000                      +Infinity
  0.57999999999999996      -0.43500000000000000        0.0000000000000000                      +Infinity
  0.57999999999999996      -0.42499999999999999        0.0000000000000000                      +Infinity
  0.57999999999999996      -0.41499999999999998        0.0000000000000000                      +Infinity
  0.57999999999999996      -0.40500000000000003        0.0000000000000000                      +Infinity
  0.57999999999999996      -0.39500000000000002        0.0000000000000000                      +Infinity
  0.57999999999999996      -0.38500000000000001        0.0000000000000000                      +Infinity
  0.57999999999999996      -0.37500000000000000        0.0000000000000000                      +Infinity
  0.57999999999999996      -0.36499999999999999        0.0000000000000000                      +Infinity
  0.57999999999999996      -0.35499999999999998        0.0000000000000000                      +Infinity
  0.57999999999999996      -0.34499999999999997        0.0000000000000000                      +Infinity
  0.57999999999999996      -0.33500000000000002        0.0000000000000000                      +Infinity
  0.57999999999999996      -0.32500000000000001        0.0000000000000000                      +Infinity
  0.57999999999999996      -0.31500000000000000        0.0000000000000000                      +Infinity
  0.57999999999999996      -0.30499999999999999        0.0000000000000000                      +Infinity
  0.57999999999999996      -0.29499999999999998        0.0000000000000000                      +Infinity
  0.57999999999999996      -0.28499999999999998        0.0000000000000000                      +Infinity
  0.57999999999999996      -0.27500000000000002        0.0000000000000000                      +Infinity
  0.57999999999999996      -0.26500000000000001        0.0000000000000000                      +Infinity
  0.57999999999999996      -0.25500000000000000        0.0000000000000000                      +Infinity
  0.57999999999999996      -0.24500000000000000        0.0000000000000000                      +Infinity
  0.57999999999999996      -0.23499999999999999        0.0000000000000000                      +Infinity
  0.57999999999999996      -0.22500000000000001        0.0000000000000000                      +Infinity
  0.57999999999999996      -0.21500000000000000        0.0000000000000000                      +Infinity
  0.57999999999999996      -0.20499999999999999        0.0000000000000000                      +Infinity
  0.57999999999999996      -0.19500000000000001        0.0000000000000000                      +Infinity
  0.57999999999999996      -0.18500000000000000        0.0000000000000000                      +Infinity
  0.57999999999999996      -0.17499999999999999        0.0000000000000000                      +Infinity
  0.57999999999999996      -0.16500000000000001        0.0000000000000000                      +Infinity
  0.57999999999999996      -0.15500000000000000        0.0000000000000000                      +Infinity
  0.57999999999999996      -0.14499999999999999        0.0000000000000000                      +Infinity
  0.57999999999999996      -0.13500000000000001        0.0000000000000000                      +Infinity
  0.57999999999999996      -0.12500000000000000        0.0000000000000000                      +Infinity
  0.57999999999999996      -0.11500000000000000        0.0000000000000000                      +Infinity
  0.57999999999999996      -0.10500000000000000        0.0000000000000000                      +Infinity
  0.57999999999999996      -9.50000000000000011E-002   0.0000000000000000                      +Infinity
  0.57999999999999996      -8.50000000000000061E-002   0.0000000000000000                      +Infinity
  0.57999999999999996      -7.49999999999999972E-002   0.0000000000000000                      +Infinity
  0.57999999999999996      -6.50000000000000022E-002   0.0000000000000000                      +Infinity
  0.57999999999999996      -5.50000000000000003E-002   0.0000000000000000                      +Infinity
  0.57999999999999996      -4.49999999999999983E-002   0.0000000000000000                      +Infinity
  0.57999999999999996      -3.50000000000000033E-002   0.0000000000000000                      +Infinity
  0.57999999999999996      -2.50000000000000014E-002   0.0000000000000000                      +Infinity
  0.57999999999999996      -1.49999999999999994E-002   0.0000000000000000                      +Infinity
  0.57999999999999996      -5.00000000000000010E-003   0.0000000000000000                      +Infinity
  0.57999999999999996       5.00000000000000010E-003   0.0000000000000000                      +Infinity
  0.57999999999999996       1.49999999999999994E-002   0.0000000000000000                      +Infinity
  0.57999999999999996       2.50000000000000014E-002   0.0000000000000000                      +Infinity
  0.57999999999999996       3.50000000000000033E-002   0.0000000000000000                      +Infinity
  0.57999999999999996       4.49999999999999983E-002   0.0000000000000000                      +Infinity
  0.57999999999999996       5.50000000000000003E-002   0.0000000000000000                      +Infinity
  0.57999999999999996       6.50000000000000022E-002   0.0000000000000000                      +Infinity
  0.57999999999999996       7.49999999999999972E-002   0.0000000000000000                      +Infinity
  0.57999999999999996       8.50000000000000061E-002   0.0000000000000000                      +Infinity
  0.57999999999999996       9.50000000000000011E-002   0.0000000000000000                      +Infinity
  0.57999999999999996       0.10500000000000000        0.0000000000000000                      +Infinity
  0.57999999999999996       0.11500000000000000        0.0000000000000000                      +Infinity
  0.57999999999999996       0.12500000000000000        0.0000000000000000                      +Infinity
  0.57999999999999996       0.13500000000000001        0.0000000000000000                      +Infinity
  0.57999999999999996       0.14499999999999999        0.0000000000000000                      +Infinity
  0.57999999999999996       0.15500000000000000        0.0000000000000000                      +Infinity
  0.57999999999999996       0.16500000000000001        0.0000000000000000                      +Infinity
  0.57999999999999996       0.17499999999999999        0.0000000000000000                      +Infinity
  0.57999999999999996       0.18500000000000000        0.0000000000000000                      +Infinity
  0.57999999999999996       0.19500000000000001        0.0000000000000000                      +Infinity
  0.57999999999999996       0.20499999999999999        0.0000000000000000                      +Infinity
  0.57999999999999996       0.21500000000000000        0.0000000000000000                      +Infinity
  0.57999999999999996       0.22500000000000001        0.0000000000000000                      +Infinity
  0.57999999999999996       0.23499999999999999        0.0000000000000000                      +Infinity
  0.57999999999999996       0.24500000000000000        0.0000000000000000                      +Infinity
  0.57999999999999996       0.25500000000000000        0.0000000000000000                      +Infinity
  0.57999999999999996       0.26500000000000001        0.0000000000000000                      +Infinity
  0.57999999999999996       0.27500000000000002        0.0000000000000000                      +Infinity
  0.57999999999999996       0.28499999999999998        0.0000000000000000                      +Infinity
  0.57999999999999996       0.29499999999999998        0.0000000000000000                      +Infinity
  0.57999999999999996       0.30499999999999999        0.0000000000000000                      +Infinity
  0.57999999999999996       0.31500000000000000        0.0000000000000000                      +Infinity
  0.57999999999999996       0.32500000000000001        0.0000000000000000                      +Infinity
  0.57999999999999996       0.33500000000000002        0.0000000000000000                      +Infinity
  0.57999999999999996       0.34499999999999997        0.0000000000000000                      +Infinity
  0.57999999999999996       0.35499999999999998        0.0000000000000000                      +Infinity
  0.57999999999999996       0.36499999999999999        0.0000000000000000                      +Infinity
  0.57999999999999996       0.37500000000000000        0.0000000000000000                      +Infinity
  0.57999999999999996       0.38500000000000001        0.0000000000000000                      +Infinity
  0.57999999999999996       0.39500000000000002        0.0000000000000000                      +Infinity
  0.57999999999999996       0.40500000000000003        0.0000000000000000                      +Infinity
  0.57999999999999996       0.41499999999999998        0.0000000000000000                      +Infinity
  0.57999999999999996       0.42499999999999999        0.0000000000000000                      +Infinity
  0.57999999999999996       0.43500000000000000        0.0000000000000000                      +Infinity
  0.57999999999999996       0.44500000000000001        0.0000000000000000                      +Infinity
  0.57999999999999996       0.45500000000000002        0.0000000000000000                      +Infinity
  0.57999999999999996       0.46500000000000002        0.0000000000000000                      +Infinity
  0.57999999999999996       0.47499999999999998        0.0000000000000000                      +Infinity
  0.57999999999999996       0.48499999999999999        0.0000000000000000                      +Infinity
  0.57999999999999996       0.49500000000000000        0.0000000000000000                      +Infinity
  0.57999999999999996       0.50500000000000000        0.0000000000000000                      +Infinity
  0.57999999999999996       0.51500000000000001        0.0000000000000000                      +Infinity
  0.57999999999999996       0.52500000000000002        0.0000000000000000                      +Infinity
  0.57999999999999996       0.53500000000000003        0.0000000000000000                      +Infinity
  0.57999999999999996       0.54500000000000004        0.0000000000000000                      +Infinity
  0.57999999999999996       0.55500000000000005        0.0000000000000000                      +Infinity
  0.57999999999999996       0.56499999999999995        0.0000000000000000                      +Infinity
  0.57999999999999996       0.57499999999999996        0.0000000000000000                      +Infinity
  0.57999999999999996       0.58499999999999996        0.0000000000000000                      +Infinity
  0.57999999999999996       0.59499999999999997        0.0000000000000000                      +Infinity
  0.57999999999999996       0.60499999999999998       9.99999999999999955E-008   16.118095650958320
  0.57999999999999996       0.61499999999999999        0.0000000000000000                      +Infinity
  0.57999999999999996       0.62500000000000000        0.0000000000000000                      +Infinity
  0.57999999999999996       0.63500000000000001        0.0000000000000000                      +Infinity
  0.57999999999999996       0.64500000000000002       9.99999999999999955E-008   16.118095650958320
  0.57999999999999996       0.65500000000000003       9.99999999999999955E-008   16.118095650958320
  0.57999999999999996       0.66500000000000004        0.0000000000000000                      +Infinity
  0.57999999999999996       0.67500000000000004       2.99999999999999986E-007   15.019483362290210
  0.57999999999999996       0.68500000000000005       1.99999999999999991E-007   15.424948470398375
  0.57999999999999996       0.69499999999999995       4.99999999999999977E-007   14.508657738524219
  0.57999999999999996       0.70499999999999996       4.99999999999999977E-007   14.508657738524219
  0.57999999999999996       0.71499999999999997       7.99999999999999964E-007   14.038654109278484
  0.57999999999999996       0.72499999999999998       1.10000000000000006E-006   13.720200378159950
  0.57999999999999996       0.73499999999999999       2.20000000000000011E-006   13.027053197600004
  0.57999999999999996       0.74500000000000000       1.59999999999999993E-006   13.345506928718539
  0.57999999999999996       0.75500000000000000       2.79999999999999987E-006   12.785891140783116
  0.57999999999999996       0.76500000000000001       3.30000000000000017E-006   12.621588089491839
  0.57999999999999996       0.77500000000000002       6.29999999999999982E-006   11.974960924566787
  0.57999999999999996       0.78500000000000003       7.70000000000000082E-006   11.774290229104636
  0.57999999999999996       0.79500000000000004       8.89999999999999949E-006   11.629459281226181
  0.57999999999999996       0.80500000000000005       1.73000000000000004E-005   10.964804056460540
  0.57999999999999996       0.81499999999999995       2.43000000000000011E-005   10.625034207617771
  0.57999999999999996       0.82499999999999996       3.86999999999999988E-005   10.159670957928538
  0.57999999999999996       0.83499999999999996       6.06999999999999982E-005   9.7095668598988212
  0.57999999999999996       0.84499999999999997       1.01999999999999999E-004   9.1905377446800038
  0.57999999999999996       0.85499999999999998       1.74300000000000008E-004   8.6547326054382996
  0.57999999999999996       0.86499999999999999       3.06500000000000023E-004   8.0902928025880083
  0.57999999999999996       0.87500000000000000       5.43799999999999991E-004   7.5169290257659034
  0.57999999999999996       0.88500000000000001       1.01890000000000010E-003   6.8890316649840342
  0.57999999999999996       0.89500000000000002       1.95679999999999986E-003   6.2364447930313665
  0.57999999999999996       0.90500000000000003       3.82760000000000001E-003   5.5655173040591661
  0.57999999999999996       0.91500000000000004       7.86040000000000003E-003   4.8459177832506617
  0.57999999999999996       0.92500000000000004       1.60814999999999986E-002   4.1300857359998702
  0.57999999999999996       0.93500000000000005       3.28682000000000002E-002   3.4152496539858648
  0.57999999999999996       0.94499999999999995       6.47174999999999973E-002   2.7377236349137020
  0.57999999999999996       0.95499999999999996       0.11881659999999999        2.1301741511752783
  0.57999999999999996       0.96499999999999997       0.19090330000000000        1.6559882618623913
  0.57999999999999996       0.97499999999999998       0.24493260000000000        1.4067722083257344
  0.57999999999999996       0.98499999999999999       0.21455250000000001        1.5392008153169885
  0.57999999999999996       0.99500000000000000       9.34214000000000017E-002   2.3706348379361151
